person 1 1215 586 58 155
person 1 888 503 60 126
person 1 722 807 109 239
person 1 513 742 110 270
person 1 397 738 121 260
person 1 1442 538 61 96
person 1 879 594 87 198
person 1 1205 693 86 228
person 1 1050 464 48 122
person 1 933 598 80 185
person 1 998 639 88 180
person 1 1523 544 52 100
person 1 1053 581 60 158
person 1 808 539 53 139
person 1 1010 499 62 143
person 1 1110 578 67 168
person 1 599 792 108 262
person 1 1567 658 79 201
person 1 964 524 64 145
person 1 1566 772 111 226
person 1 1208 580 56 158
person 1 1058 585 66 163
person 1 1171 657 78 202
person 1 1231 802 107 219
person 1 1071 684 60 141
person 1 1408 690 92 222
person 1 805 473 54 120
person 1 833 515 50 120
person 1 -1 981 44 90
person 1 49 1025 68 37
person 1 736 452 53 128
