person 1 1087 533 65 158
person 1 823 490 56 132
person 1 761 721 96 211
person 1 387 819 115 262
person 1 249 807 138 267
person 1 1543 672 101 240
person 1 1441 518 60 99
person 1 808 549 68 168
person 1 1712 834 105 240
person 1 990 617 77 205
person 1 1058 442 49 126
person 1 1202 623 73 196
person 1 1058 629 88 200
person 1 880 547 64 166
person 1 1417 651 85 200
person 1 946 573 82 167
person 1 1516 527 54 98
person 1 1596 668 76 209
person 1 1257 448 62 104
person 1 1114 560 72 176
person 1 795 503 54 133
person 1 1231 448 56 99
person 1 912 459 57 133
person 1 1028 533 59 141
person 1 764 483 48 106
person 1 672 703 93 227
