person 1 879 494 65 137
person 1 705 816 111 239
person 1 518 722 107 262
person 1 406 720 118 256
person 1 1437 527 60 93
person 1 881 592 91 198
person 1 1040 453 48 125
person 1 934 599 80 188
person 1 1014 649 88 181
person 1 1520 527 52 98
person 1 807 530 52 134
person 1 1015 498 61 141
person 1 1106 577 66 171
person 1 595 811 107 254
person 1 1567 650 81 211
person 1 920 529 55 131
person 1 1502 771 115 224
person 1 1067 577 67 168
person 1 1204 643 82 209
person 1 1186 789 111 227
person 1 1078 673 62 146
person 1 1416 695 87 222
person 1 824 466 53 124
person 1 -3 959 50 107
person 1 46 1009 89 52
person 1 755 449 56 137
