person 1 1126 593 62 149
person 1 866 538 60 137
person 1 743 804 99 225
person 1 465 809 118 266
person 1 351 814 129 266
person 1 1434 686 96 231
person 1 1455 564 61 98
person 1 851 604 76 184
person 1 1113 704 79 213
person 1 1064 493 46 117
person 1 1252 647 61 175
person 1 1181 698 76 202
person 1 902 612 67 173
person 1 972 640 81 174
person 1 1527 572 53 100
person 1 1197 618 64 171
person 1 811 553 53 139
person 1 1280 489 53 99
person 1 981 522 58 135
person 1 664 784 103 239
person 1 1540 680 86 195
person 1 919 537 61 137
person 1 1857 803 75 216
person 1 1013 598 66 154
person 1 1084 662 72 187
person 1 1600 837 105 220
person 1 522 780 98 250
person 1 1030 685 57 133
