person 1 1102 553 60 147
person 1 838 508 58 139
person 1 750 755 97 216
person 1 413 808 120 270
person 1 277 811 135 270
person 1 1488 677 99 234
person 1 1441 542 60 101
person 1 810 564 73 183
person 1 1785 845 105 236
person 1 1024 645 78 213
person 1 1056 466 49 128
person 1 1231 651 77 203
person 1 1094 656 83 198
person 1 893 582 63 160
person 1 1395 665 84 199
person 1 941 608 81 168
person 1 1520 549 55 100
person 1 1278 471 64 107
person 1 1132 592 69 176
person 1 790 529 51 125
person 1 1243 466 56 104
person 1 945 492 53 126
person 1 1044 558 62 146
person 1 663 742 97 231
person 1 1500 635 75 182
person 1 892 506 65 136
person 1 1201 597 61 165
person 1 997 572 52 139
