person 1 1165 589 59 154
person 1 903 531 60 133
person 1 721 807 105 236
person 1 509 774 115 277
person 1 383 767 126 270
person 1 1445 546 61 93
person 1 874 603 85 186
person 1 1181 716 79 207
person 1 1055 477 47 119
person 1 1259 709 85 209
person 1 983 645 85 182
person 1 1524 549 53 101
person 1 813 552 52 137
person 1 1313 472 53 102
person 1 1012 515 58 137
person 1 1110 595 64 153
person 1 642 797 104 249
person 1 1559 674 81 199
person 1 953 534 59 134
person 1 1669 789 110 232
person 1 1228 604 56 162
person 1 1046 597 61 148
person 1 1132 666 73 198
person 1 1380 825 99 207
person 1 585 752 95 238
person 1 1378 700 97 209
person 1 770 481 55 121
