person 1 1173 587 59 154
person 1 907 529 60 133
person 1 718 805 105 236
person 1 514 766 114 277
person 1 383 760 126 270
person 1 1443 539 61 93
person 1 877 602 84 185
person 1 1186 715 79 207
person 1 1054 473 47 119
person 1 1266 704 86 209
person 1 986 643 85 182
person 1 1523 545 53 101
person 1 812 550 52 137
person 1 1313 467 53 102
person 1 1013 513 58 137
person 1 1116 593 64 153
person 1 637 797 104 249
person 1 1562 671 81 199
person 1 954 531 59 134
person 1 1647 783 110 232
person 1 1231 600 57 162
person 1 1048 594 62 148
person 1 1142 664 74 198
person 1 1357 822 97 207
person 1 589 748 94 238
person 1 1383 696 96 209
person 1 772 478 55 121
