person 1 1161 588 59 154
person 1 901 533 60 134
person 1 723 808 104 236
person 1 505 776 116 277
person 1 381 770 127 271
person 1 1446 552 61 93
person 1 872 604 86 186
person 1 1180 713 79 208
person 1 1056 479 47 120
person 1 1254 709 84 208
person 1 983 647 85 182
person 1 1524 554 54 100
person 1 813 553 52 136
person 1 1312 473 53 101
person 1 1012 517 58 137
person 1 1108 595 63 153
person 1 644 798 105 249
person 1 1558 674 82 198
person 1 952 535 59 135
person 1 1680 787 109 231
person 1 1227 605 56 162
person 1 1045 598 61 149
person 1 1127 665 73 199
person 1 1388 825 102 209
person 1 581 756 95 238
person 1 1374 700 99 209
person 1 764 483 55 120
