person 1 1089 534 65 158
person 1 824 490 56 132
person 1 761 723 96 211
person 1 390 817 115 262
person 1 251 807 138 267
person 1 1543 672 101 240
person 1 1441 520 60 99
person 1 808 550 68 168
person 1 1712 836 105 240
person 1 991 619 77 205
person 1 1058 443 49 126
person 1 1203 624 73 196
person 1 1059 630 88 200
person 1 881 548 64 166
person 1 1417 651 85 200
person 1 947 575 82 167
person 1 1516 529 54 98
person 1 1590 669 76 209
person 1 1257 449 62 104
person 1 1115 561 72 176
person 1 795 503 54 133
person 1 1232 449 56 99
person 1 914 461 57 133
person 1 1029 535 59 141
person 1 764 483 48 106
person 1 672 705 93 227
