person 1 1166 589 59 154
person 1 904 531 60 133
person 1 720 806 105 236
person 1 510 773 114 277
person 1 383 766 126 270
person 1 1445 544 61 93
person 1 875 603 85 185
person 1 1182 716 79 207
person 1 1056 477 47 119
person 1 1259 708 85 209
person 1 984 645 85 182
person 1 1524 549 53 101
person 1 813 552 52 137
person 1 1314 471 53 102
person 1 1013 515 58 137
person 1 1111 595 64 153
person 1 641 797 104 249
person 1 1560 674 81 199
person 1 953 534 59 134
person 1 1668 788 110 232
person 1 1228 604 57 162
person 1 1046 597 61 148
person 1 1134 666 74 198
person 1 1380 824 98 207
person 1 586 752 95 238
person 1 1379 700 97 209
person 1 770 482 55 121
