person 1 1125 596 62 148
person 1 867 539 60 138
person 1 740 805 100 226
person 1 465 806 118 266
person 1 352 815 129 265
person 1 1430 686 97 232
person 1 1454 564 60 97
person 1 853 606 75 184
person 1 1117 706 79 212
person 1 1064 492 46 116
person 1 1251 648 60 175
person 1 1185 700 75 201
person 1 902 614 67 174
person 1 973 641 81 175
person 1 1527 572 53 99
person 1 1198 619 64 169
person 1 810 554 53 140
person 1 1280 489 52 98
person 1 981 525 58 136
person 1 662 784 104 240
person 1 1544 682 86 196
person 1 920 539 62 138
person 1 1860 804 69 216
person 1 1015 599 66 155
person 1 1089 664 72 188
person 1 1594 838 106 219
person 1 523 780 98 250
person 1 1031 686 57 133
