person 1 1139 593 61 153
person 1 890 546 60 135
person 1 735 806 104 235
person 1 490 777 121 278
person 1 375 782 130 275
person 1 1452 559 59 92
person 1 864 615 86 188
person 1 1179 701 79 211
person 1 1061 486 48 123
person 1 1230 705 80 207
person 1 979 650 83 177
person 1 1526 563 53 98
person 1 814 562 50 134
person 1 1303 480 51 98
person 1 1007 525 58 137
person 1 1102 603 61 152
person 1 651 794 108 250
person 1 1557 677 84 198
person 1 944 542 60 136
person 1 1747 791 106 230
person 1 1038 603 62 155
person 1 1106 664 76 204
person 1 1434 826 109 224
person 1 558 771 93 236
person 1 1525 656 82 183
person 1 1363 701 100 211
person 1 754 491 53 113
