person 1 879 494 65 136
person 1 705 817 110 239
person 1 518 723 106 263
person 1 405 720 118 256
person 1 1437 526 60 94
person 1 880 593 91 198
person 1 1041 452 48 125
person 1 934 599 80 188
person 1 1014 648 88 181
person 1 1520 526 52 98
person 1 808 530 52 135
person 1 1015 498 61 141
person 1 1106 577 66 171
person 1 595 811 107 255
person 1 1567 649 82 210
person 1 918 529 56 131
person 1 1504 771 116 224
person 1 1066 577 67 168
person 1 1203 644 82 208
person 1 1188 789 113 227
person 1 1077 673 62 146
person 1 1415 695 87 222
person 1 824 466 53 124
person 1 -3 960 50 107
person 1 45 1008 90 52
person 1 755 450 55 137
