person 1 1117 590 62 152
person 1 879 543 61 136
person 1 730 807 101 228
person 1 471 803 120 270
person 1 351 799 130 271
person 1 1384 682 97 224
person 1 1446 562 59 94
person 1 856 608 78 185
person 1 1146 701 80 213
person 1 1055 488 48 121
person 1 1237 638 63 187
person 1 1199 701 77 210
person 1 902 612 66 170
person 1 969 651 79 171
person 1 1520 566 52 99
person 1 1219 623 68 182
person 1 800 555 52 138
person 1 1285 482 52 100
person 1 988 524 57 135
person 1 1086 598 60 146
person 1 648 790 107 243
person 1 1549 681 84 196
person 1 929 544 61 137
person 1 1794 792 89 231
person 1 1024 600 63 155
person 1 1089 660 76 198
person 1 1504 831 110 221
person 1 532 779 94 240
person 1 1040 682 57 131
