person 1 1186 582 60 156
person 1 910 533 59 130
person 1 716 803 106 238
person 1 515 750 111 273
person 1 384 751 123 266
person 1 1443 529 61 92
person 1 881 605 79 182
person 1 1194 700 84 221
person 1 1052 466 48 122
person 1 1278 692 85 211
person 1 929 599 76 184
person 1 992 640 83 174
person 1 1522 542 53 100
person 1 808 545 52 133
person 1 1011 506 59 137
person 1 1119 592 66 159
person 1 617 790 104 254
person 1 1569 661 81 202
person 1 955 528 61 139
person 1 1612 768 112 233
person 1 1222 595 56 161
person 1 1054 592 61 147
person 1 1150 658 78 205
person 1 1310 819 102 209
person 1 598 742 89 225
person 1 1400 691 94 210
person 1 780 477 52 115
person 1 832 522 49 118
