person 1 1107 564 60 147
person 1 841 517 57 136
person 1 746 759 97 218
person 1 418 816 119 268
person 1 289 807 134 270
person 1 1476 692 97 228
person 1 1441 549 59 99
person 1 813 574 72 182
person 1 1795 856 103 231
person 1 1036 666 77 209
person 1 1056 472 49 127
person 1 1244 663 77 201
person 1 1115 666 82 199
person 1 893 584 65 165
person 1 1387 669 83 199
person 1 943 614 80 168
person 1 1518 560 55 101
person 1 1283 477 62 104
person 1 1144 603 67 174
person 1 789 533 53 130
person 1 1252 475 54 102
person 1 949 494 56 133
person 1 1047 562 63 147
person 1 663 751 98 232
person 1 1502 641 76 182
person 1 893 514 64 136
person 1 1199 597 60 164
person 1 989 574 55 145
