person 1 1109 569 60 147
person 1 843 522 57 135
person 1 745 760 97 219
person 1 418 817 119 268
person 1 291 805 134 270
person 1 1474 698 96 224
person 1 1440 545 59 98
person 1 815 579 73 182
person 1 1797 862 101 228
person 1 1041 672 78 207
person 1 1057 470 49 127
person 1 1247 669 77 199
person 1 1123 671 82 200
person 1 894 585 65 167
person 1 1382 671 83 199
person 1 943 617 79 168
person 1 1518 565 55 102
person 1 1286 480 61 103
person 1 1147 605 67 172
person 1 790 534 53 132
person 1 1257 480 54 101
person 1 950 494 57 136
person 1 663 753 99 233
person 1 893 518 64 137
person 1 1198 597 60 164
person 1 984 576 57 148
person 1 1016 646 59 151
person 1 1757 815 111 224
