person 1 1113 582 61 151
person 1 851 532 57 133
person 1 752 780 98 221
person 1 427 808 120 270
person 1 324 822 129 261
person 1 1451 683 98 228
person 1 1443 553 61 97
person 1 824 596 78 180
person 1 1833 870 92 219
person 1 1067 676 82 220
person 1 1061 488 45 115
person 1 1265 678 83 213
person 1 1140 686 83 209
person 1 897 604 64 167
person 1 958 630 75 165
person 1 1515 567 55 103
person 1 1163 607 67 172
person 1 794 550 53 134
person 1 1271 485 54 99
person 1 964 521 55 129
person 1 1058 587 62 142
person 1 662 759 101 237
person 1 901 529 61 135
person 1 1205 612 57 161
person 1 999 598 60 140
person 1 1041 665 54 141
person 1 1668 833 91 211
