person 1 1112 578 61 150
person 1 850 528 56 134
person 1 751 776 97 220
person 1 425 807 119 269
person 1 320 821 130 262
person 1 1454 686 98 228
person 1 1443 551 60 97
person 1 823 590 76 180
person 1 1831 870 95 220
person 1 1061 673 83 218
person 1 1060 483 45 116
person 1 1262 676 83 211
person 1 1137 683 83 208
person 1 897 600 64 167
person 1 956 629 76 166
person 1 1516 565 55 103
person 1 1161 606 67 172
person 1 793 545 53 134
person 1 1270 485 54 100
person 1 962 515 55 130
person 1 1055 582 62 143
person 1 662 757 101 236
person 1 900 524 62 136
person 1 1205 610 58 162
person 1 999 594 59 142
person 1 1036 661 55 142
person 1 1672 832 91 211
