person 1 1122 592 62 153
person 1 886 547 60 134
person 1 734 812 102 229
person 1 479 800 119 269
person 1 358 796 130 272
person 1 1366 675 97 225
person 1 1447 562 59 93
person 1 858 610 82 187
person 1 1160 704 80 217
person 1 1055 488 49 123
person 1 1211 706 79 212
person 1 907 612 65 169
person 1 971 651 78 168
person 1 1523 567 52 97
person 1 804 556 51 136
person 1 1290 482 52 100
person 1 994 524 56 135
person 1 1088 602 58 145
person 1 650 790 107 246
person 1 1550 681 84 197
person 1 934 544 60 137
person 1 1781 794 100 230
person 1 1030 601 63 158
person 1 1092 666 75 197
person 1 1492 832 105 218
person 1 540 772 92 236
person 1 1042 683 57 131
person 1 1517 664 82 182
person 1 1342 703 97 205
