person 1 1153 591 59 154
person 1 894 540 60 135
person 1 732 808 104 236
person 1 500 768 119 279
person 1 379 773 129 276
person 1 1452 556 60 92
person 1 866 611 88 188
person 1 1189 701 80 210
person 1 1061 483 48 123
person 1 1238 705 82 206
person 1 984 651 83 179
person 1 1527 560 53 98
person 1 816 560 50 133
person 1 1305 477 52 97
person 1 1013 522 58 138
person 1 1110 601 63 153
person 1 651 798 106 251
person 1 1559 674 82 198
person 1 949 538 60 137
person 1 1742 789 107 230
person 1 1043 601 62 155
person 1 1118 664 75 205
person 1 1416 821 113 225
person 1 568 765 95 236
person 1 1529 656 81 184
person 1 1363 698 101 212
person 1 756 489 53 113
