person 1 1127 592 62 153
person 1 888 546 60 134
person 1 734 812 102 229
person 1 483 794 118 268
person 1 365 791 129 272
person 1 1366 674 96 225
person 1 1449 562 59 93
person 1 860 611 84 187
person 1 1170 703 80 217
person 1 1056 488 48 123
person 1 1218 705 80 212
person 1 911 614 65 169
person 1 974 653 79 168
person 1 1524 566 52 97
person 1 807 556 50 136
person 1 1293 481 52 99
person 1 999 525 56 135
person 1 1094 602 57 145
person 1 652 793 107 246
person 1 1551 680 84 197
person 1 937 544 60 136
person 1 1779 794 105 230
person 1 1034 603 63 158
person 1 1097 666 75 197
person 1 1494 831 103 218
person 1 545 770 92 236
person 1 1046 685 57 131
person 1 1521 663 82 182
person 1 1349 704 97 205
