person 1 1194 575 61 163
person 1 895 516 58 123
person 1 725 809 107 239
person 1 513 753 109 268
person 1 389 747 122 262
person 1 1443 540 61 93
person 1 880 594 83 193
person 1 1193 684 88 234
person 1 1053 468 48 122
person 1 928 596 79 186
person 1 995 642 85 175
person 1 1524 547 53 102
person 1 808 540 53 136
person 1 1010 505 61 141
person 1 1109 579 67 166
person 1 605 789 107 261
person 1 1566 658 80 203
person 1 1589 767 113 234
person 1 1221 595 53 150
person 1 1054 584 65 158
person 1 1152 651 80 208
person 1 1262 808 106 218
person 1 1070 685 60 141
person 1 1405 690 94 219
person 1 791 477 52 114
person 1 834 516 49 119
person 1 0 989 41 83
person 1 57 1038 60 33
person 1 726 456 53 128
