person 1 1192 575 61 162
person 1 896 517 57 124
person 1 724 809 107 239
person 1 513 753 109 269
person 1 388 748 122 263
person 1 1443 539 61 93
person 1 880 595 82 192
person 1 1193 686 88 233
person 1 1053 467 48 122
person 1 928 596 79 186
person 1 995 642 85 175
person 1 1524 546 54 101
person 1 807 540 53 136
person 1 1010 505 60 140
person 1 1109 581 68 165
person 1 606 790 107 260
person 1 1567 658 80 203
person 1 1591 767 113 234
person 1 1220 595 53 151
person 1 1053 584 65 157
person 1 1151 651 80 207
person 1 1270 809 106 218
person 1 1069 684 60 141
person 1 1405 690 95 218
person 1 791 477 52 114
person 1 834 516 49 118
person 1 0 989 41 83
person 1 57 1038 60 33
person 1 727 456 53 128
