person 1 1132 592 62 151
person 1 865 543 58 132
person 1 753 800 98 223
person 1 469 820 116 262
person 1 354 804 131 271
person 1 1443 684 96 230
person 1 1457 569 61 99
person 1 845 603 78 184
person 1 1859 867 81 223
person 1 1107 699 81 217
person 1 1066 498 46 118
person 1 1262 649 64 178
person 1 1172 692 79 208
person 1 903 613 65 170
person 1 969 647 76 164
person 1 1526 573 54 102
person 1 1192 616 68 181
person 1 812 556 52 135
person 1 1278 490 54 99
person 1 988 522 57 133
person 1 1073 599 66 147
person 1 668 790 101 235
person 1 1517 672 85 193
person 1 921 538 59 132
person 1 1216 615 55 166
person 1 1008 598 64 147
person 1 1641 835 107 231
