person 1 879 493 65 137
person 1 704 816 111 239
person 1 518 722 107 262
person 1 406 719 117 256
person 1 1437 527 60 93
person 1 882 592 91 198
person 1 1040 452 47 125
person 1 935 598 80 188
person 1 1016 648 88 181
person 1 1519 527 52 98
person 1 807 530 52 134
person 1 1015 498 61 140
person 1 1107 577 66 171
person 1 595 810 107 254
person 1 1568 649 81 211
person 1 921 528 55 131
person 1 1502 770 115 224
person 1 1067 577 67 168
person 1 1204 643 82 209
person 1 1186 789 110 227
person 1 1079 673 62 146
person 1 1416 695 86 222
person 1 824 466 52 124
person 1 -3 958 50 107
person 1 47 1008 89 52
person 1 756 449 56 137
