person 1 1093 533 63 156
person 1 828 498 57 135
person 1 755 730 97 215
person 1 408 806 118 268
person 1 261 798 139 271
person 1 1508 679 98 233
person 1 1438 525 60 99
person 1 804 548 70 175
person 1 1736 841 104 238
person 1 1002 638 78 209
person 1 1054 456 49 126
person 1 1213 634 71 191
person 1 1070 642 86 197
person 1 888 563 61 158
person 1 1402 656 86 202
person 1 935 584 83 169
person 1 1516 538 54 99
person 1 1568 674 79 216
person 1 1267 455 64 107
person 1 1116 568 71 176
person 1 790 512 51 127
person 1 1234 456 57 101
person 1 921 475 55 129
person 1 1035 542 58 139
person 1 773 496 48 106
person 1 668 725 93 227
person 1 1447 633 75 184
person 1 885 490 65 136
person 1 1832 796 87 214
person 1 813 468 52 118
person 1 1208 589 59 160
