person 1 1119 596 62 151
person 1 877 545 62 140
person 1 725 808 101 228
person 1 470 798 121 273
person 1 351 801 131 271
person 1 1395 686 96 222
person 1 1446 565 60 96
person 1 860 612 75 181
person 1 1151 705 78 207
person 1 1057 490 47 119
person 1 1239 639 63 187
person 1 1199 700 76 208
person 1 903 619 67 172
person 1 972 651 80 175
person 1 1518 567 53 101
person 1 1217 622 68 182
person 1 799 557 53 140
person 1 1281 485 52 101
person 1 985 529 57 136
person 1 1092 600 62 148
person 1 648 794 105 239
person 1 1551 683 83 194
person 1 928 547 62 138
person 1 1817 791 83 232
person 1 1024 606 62 151
person 1 1100 661 76 200
person 1 1536 830 113 225
person 1 531 782 96 246
person 1 1049 689 56 131
