person 1 1094 535 64 156
person 1 827 497 57 134
person 1 756 728 97 214
person 1 406 808 117 266
person 1 261 800 139 270
person 1 1514 678 99 235
person 1 1438 525 60 99
person 1 805 549 70 173
person 1 1732 840 104 238
person 1 1001 634 77 208
person 1 1055 452 49 126
person 1 1211 632 71 192
person 1 1069 640 86 197
person 1 886 560 62 160
person 1 1404 656 85 202
person 1 939 583 82 169
person 1 1515 535 54 99
person 1 1572 673 78 214
person 1 1265 453 63 106
person 1 1116 567 71 176
person 1 792 510 52 128
person 1 1235 455 57 101
person 1 920 472 55 130
person 1 1034 541 58 139
person 1 772 493 48 106
person 1 669 721 93 227
