person 1 1196 575 61 163
person 1 894 516 58 123
person 1 726 809 108 239
person 1 513 752 110 268
person 1 389 746 123 262
person 1 1444 543 61 94
person 1 879 593 84 194
person 1 1194 684 88 234
person 1 1053 469 48 122
person 1 927 596 80 186
person 1 995 642 86 175
person 1 1525 548 53 102
person 1 807 541 53 137
person 1 1010 505 61 141
person 1 1109 579 67 166
person 1 604 788 107 261
person 1 1566 658 80 203
person 1 1587 768 113 234
person 1 1222 596 53 150
person 1 1054 583 65 159
person 1 1153 651 80 208
person 1 1259 807 105 219
person 1 1070 685 60 141
person 1 1406 691 92 219
person 1 792 478 52 114
person 1 834 516 49 119
person 1 0 991 41 83
person 1 56 1035 60 33
person 1 726 456 53 128
