person 1 884 495 61 127
person 1 716 811 110 240
person 1 515 727 109 272
person 1 403 725 120 259
person 1 1441 531 61 97
person 1 879 593 93 200
person 1 1221 696 88 225
person 1 1046 456 48 122
person 1 939 600 80 185
person 1 1004 641 88 183
person 1 1522 537 51 98
person 1 809 532 53 140
person 1 1009 494 62 145
person 1 1111 578 66 169
person 1 597 798 108 262
person 1 1567 654 80 199
person 1 1548 769 116 222
person 1 1065 583 66 164
person 1 1189 657 78 198
person 1 1230 798 115 219
person 1 1411 685 89 224
person 1 814 465 53 124
person 1 833 510 50 121
person 1 -2 972 44 93
person 1 48 1012 72 40
person 1 748 450 52 129
