person 1 1101 548 60 148
person 1 837 504 58 138
person 1 751 751 97 216
person 1 412 806 120 270
person 1 274 810 135 270
person 1 1488 675 99 234
person 1 1441 539 61 100
person 1 809 561 73 182
person 1 1780 844 105 236
person 1 1020 642 77 212
person 1 1056 464 49 127
person 1 1229 647 77 202
person 1 1090 653 84 198
person 1 892 579 63 160
person 1 1395 662 84 199
person 1 940 604 81 168
person 1 1519 546 54 100
person 1 1277 467 64 107
person 1 1130 588 69 176
person 1 790 526 51 125
person 1 1242 464 57 103
person 1 942 489 53 126
person 1 1043 555 62 146
person 1 664 738 96 230
person 1 1496 632 75 183
person 1 891 502 65 136
person 1 1201 594 60 164
person 1 997 570 52 139
