person 1 1101 553 60 147
person 1 836 508 58 139
person 1 749 754 97 216
person 1 411 810 120 270
person 1 276 811 134 270
person 1 1488 676 99 234
person 1 1440 542 60 101
person 1 809 564 73 183
person 1 1785 844 105 236
person 1 1023 643 78 213
person 1 1055 466 50 128
person 1 1231 650 77 204
person 1 1094 657 83 198
person 1 892 582 63 160
person 1 1395 664 83 198
person 1 940 608 81 168
person 1 1518 549 55 100
person 1 1277 470 64 107
person 1 1134 596 69 176
person 1 789 529 51 125
person 1 1242 466 56 104
person 1 945 493 53 126
person 1 1043 558 63 147
person 1 662 741 97 231
person 1 1504 635 75 182
person 1 891 506 65 136
person 1 1200 596 61 165
person 1 996 569 52 139
