person 1 1098 536 63 155
person 1 831 502 57 136
person 1 755 738 97 216
person 1 415 802 119 269
person 1 269 799 138 272
person 1 1499 678 98 232
person 1 1439 527 60 99
person 1 805 551 71 176
person 1 1752 841 105 237
person 1 1011 643 77 210
person 1 1056 460 49 127
person 1 1219 639 72 190
person 1 1076 646 85 196
person 1 891 569 61 157
person 1 1401 658 86 203
person 1 935 588 83 170
person 1 1517 542 54 100
person 1 1555 671 79 217
person 1 1270 457 64 108
person 1 1120 571 71 177
person 1 791 517 51 126
person 1 1237 459 57 102
person 1 928 480 54 128
person 1 1040 547 58 138
person 1 777 501 48 107
person 1 668 729 93 227
person 1 1455 633 75 184
person 1 890 495 65 136
person 1 1834 799 87 214
person 1 817 471 52 118
person 1 1212 594 59 160
