person 1 885 497 61 127
person 1 720 808 109 240
person 1 513 738 110 271
person 1 401 734 120 259
person 1 1442 536 62 97
person 1 878 594 90 200
person 1 1210 698 86 225
person 1 1048 461 48 122
person 1 935 599 80 185
person 1 999 638 89 182
person 1 1523 542 51 99
person 1 809 538 54 140
person 1 1009 498 62 145
person 1 1111 579 67 169
person 1 599 793 108 262
person 1 1567 659 79 200
person 1 965 525 64 146
person 1 1558 775 113 223
person 1 1059 586 66 164
person 1 1179 660 77 199
person 1 1228 800 111 219
person 1 1409 689 91 224
person 1 811 471 54 123
person 1 833 514 50 121
person 1 -2 981 45 93
person 1 46 1027 72 40
person 1 740 452 52 129
