person 1 1125 596 62 148
person 1 868 539 60 138
person 1 740 806 100 226
person 1 466 805 118 267
person 1 352 815 129 265
person 1 1429 686 97 232
person 1 1454 564 60 97
person 1 853 607 75 184
person 1 1118 706 79 212
person 1 1064 492 46 116
person 1 1251 648 60 175
person 1 1185 700 75 201
person 1 903 615 67 174
person 1 974 641 82 175
person 1 1527 572 53 99
person 1 1198 619 64 169
person 1 810 554 53 140
person 1 1280 489 52 98
person 1 982 525 58 136
person 1 662 784 104 240
person 1 1544 682 85 196
person 1 921 539 62 138
person 1 1861 804 67 216
person 1 1016 599 66 155
person 1 1091 664 72 188
person 1 1593 838 106 219
person 1 522 780 98 250
person 1 1032 686 57 133
