person 1 1122 591 62 152
person 1 884 545 60 135
person 1 733 810 102 229
person 1 477 801 119 269
person 1 356 797 130 272
person 1 1372 678 97 225
person 1 1447 562 59 94
person 1 859 609 80 186
person 1 1156 703 80 215
person 1 1055 488 49 122
person 1 1208 704 78 211
person 1 907 612 66 170
person 1 971 651 78 169
person 1 1522 566 52 98
person 1 803 556 51 137
person 1 1289 482 52 100
person 1 992 524 57 135
person 1 1088 600 59 146
person 1 649 790 108 245
person 1 1550 681 84 196
person 1 933 544 61 137
person 1 1787 793 93 230
person 1 1028 601 64 157
person 1 1093 664 75 198
person 1 1495 832 108 219
person 1 538 775 93 237
person 1 1042 682 57 131
person 1 1517 663 82 182
person 1 1341 703 97 205
