person 1 1118 596 62 151
person 1 876 544 63 140
person 1 725 808 101 228
person 1 471 798 121 273
person 1 352 801 130 271
person 1 1394 686 96 222
person 1 1446 565 60 96
person 1 860 612 75 181
person 1 1152 705 78 207
person 1 1056 490 47 119
person 1 1238 639 63 187
person 1 1198 700 75 208
person 1 902 619 67 172
person 1 972 651 80 175
person 1 1518 567 53 101
person 1 1217 622 68 182
person 1 799 557 53 140
person 1 1280 485 52 101
person 1 986 529 57 136
person 1 1092 601 61 148
person 1 648 795 106 239
person 1 1551 683 83 194
person 1 930 547 62 138
person 1 1816 791 84 232
person 1 1023 606 62 151
person 1 1099 662 76 200
person 1 1535 830 113 225
person 1 531 782 96 246
person 1 1048 688 57 131
