person 1 1094 533 63 155
person 1 828 498 57 136
person 1 755 731 97 216
person 1 408 805 119 269
person 1 262 798 139 272
person 1 1506 680 98 232
person 1 1438 525 60 99
person 1 804 548 71 176
person 1 1737 841 105 237
person 1 1004 640 77 210
person 1 1054 457 49 127
person 1 1213 634 71 190
person 1 1071 643 85 196
person 1 888 565 61 157
person 1 1402 657 86 203
person 1 933 585 83 170
person 1 1516 539 54 100
person 1 1566 673 79 217
person 1 1268 455 64 108
person 1 1116 568 71 177
person 1 790 512 51 126
person 1 1234 457 57 102
person 1 923 476 55 128
person 1 1035 542 58 138
person 1 774 497 48 107
person 1 668 726 93 227
person 1 1447 633 75 184
person 1 886 491 65 136
person 1 1833 796 87 214
person 1 813 468 52 118
person 1 1208 588 59 160
