person 1 1126 587 62 151
person 1 857 537 57 132
person 1 753 790 98 223
person 1 457 821 117 263
person 1 343 804 132 270
person 1 1450 682 97 229
person 1 1453 565 61 98
person 1 837 598 79 184
person 1 1853 864 86 223
person 1 1092 688 81 217
person 1 1063 493 46 118
person 1 1258 644 66 179
person 1 1165 687 80 208
person 1 899 607 65 170
person 1 963 640 76 164
person 1 1523 569 54 102
person 1 1183 611 69 180
person 1 808 551 53 135
person 1 1274 486 54 99
person 1 980 516 57 132
person 1 1064 590 65 146
person 1 665 782 101 235
person 1 1513 667 84 193
person 1 914 532 59 132
person 1 1211 610 56 165
person 1 1002 591 64 146
person 1 1640 830 104 230
