person 1 1187 580 59 156
person 1 910 532 59 130
person 1 716 804 106 238
person 1 516 748 111 273
person 1 383 750 123 266
person 1 1443 528 61 92
person 1 883 605 78 182
person 1 1196 699 84 221
person 1 1052 465 48 122
person 1 1280 691 85 211
person 1 929 598 76 184
person 1 993 640 83 174
person 1 1522 541 53 100
person 1 808 544 52 133
person 1 1011 506 59 137
person 1 1120 591 66 159
person 1 615 791 104 254
person 1 1570 660 80 202
person 1 955 527 61 139
person 1 1611 766 112 233
person 1 1222 594 56 161
person 1 1054 591 61 147
person 1 1151 657 79 205
person 1 1305 817 102 209
person 1 599 741 89 225
person 1 1401 691 94 210
person 1 780 477 52 114
person 1 831 521 49 118
