person 1 1100 552 60 147
person 1 835 507 58 139
person 1 748 753 97 216
person 1 411 811 120 270
person 1 276 811 134 270
person 1 1489 676 99 234
person 1 1440 540 60 101
person 1 809 564 72 183
person 1 1784 842 105 236
person 1 1021 641 78 213
person 1 1055 465 50 128
person 1 1231 649 78 204
person 1 1093 656 83 199
person 1 892 581 63 160
person 1 1396 663 83 198
person 1 940 606 80 168
person 1 1518 547 55 100
person 1 1276 469 64 107
person 1 1133 596 68 175
person 1 789 529 51 125
person 1 1242 464 55 104
person 1 944 492 53 126
person 1 1042 557 63 147
person 1 663 739 97 231
person 1 1505 635 76 182
person 1 890 505 65 136
person 1 1200 595 61 165
person 1 995 567 52 139
