person 1 1211 586 58 155
person 1 895 514 58 123
person 1 724 809 108 239
person 1 514 748 110 268
person 1 390 743 123 262
person 1 1443 540 60 94
person 1 881 594 84 194
person 1 1199 685 88 234
person 1 1052 467 48 122
person 1 930 595 80 186
person 1 997 641 86 175
person 1 1524 546 53 102
person 1 1059 583 60 159
person 1 808 540 53 137
person 1 1010 502 61 141
person 1 1110 577 67 166
person 1 601 789 107 261
person 1 1566 657 80 203
person 1 1581 766 113 234
person 1 1210 582 56 158
person 1 1054 582 65 160
person 1 1158 653 80 208
person 1 1239 805 105 219
person 1 1071 684 60 141
person 1 1406 688 92 219
person 1 793 475 52 114
person 1 835 515 49 119
person 1 0 988 41 83
person 1 55 1027 60 33
person 1 726 454 53 128
