person 1 1119 586 62 151
person 1 855 534 57 133
person 1 752 784 98 221
person 1 434 810 120 270
person 1 332 819 129 261
person 1 1451 686 98 228
person 1 1446 556 61 97
person 1 827 599 79 180
person 1 1837 873 92 219
person 1 1077 680 82 220
person 1 1062 490 45 115
person 1 1268 681 83 213
person 1 1148 688 82 209
person 1 899 608 64 167
person 1 960 636 75 165
person 1 1517 570 55 103
person 1 1172 610 67 172
person 1 797 552 53 134
person 1 1274 488 54 99
person 1 969 523 55 129
person 1 1062 591 62 142
person 1 663 766 102 237
person 1 906 532 60 135
person 1 1207 614 57 161
person 1 1003 604 61 140
person 1 1051 670 54 141
person 1 1667 835 91 211
