person 1 1100 539 63 155
person 1 833 504 57 136
person 1 755 742 97 216
person 1 417 801 119 269
person 1 273 799 138 272
person 1 1497 678 98 232
person 1 1439 529 60 99
person 1 805 553 71 176
person 1 1757 841 106 237
person 1 1014 645 77 210
person 1 1056 461 49 127
person 1 1221 642 72 190
person 1 1078 649 84 196
person 1 892 572 61 157
person 1 1401 660 86 203
person 1 936 590 83 170
person 1 1518 544 54 100
person 1 1551 670 80 217
person 1 1271 459 64 108
person 1 1122 573 70 177
person 1 792 519 51 126
person 1 1238 460 57 102
person 1 929 482 54 128
person 1 1043 550 58 138
person 1 778 504 48 107
person 1 668 732 94 227
person 1 1459 635 75 184
person 1 892 498 65 136
person 1 1834 800 87 214
person 1 819 474 52 118
person 1 1213 597 59 160
