person 1 1128 588 62 149
person 1 863 537 60 136
person 1 749 800 99 225
person 1 463 815 118 265
person 1 351 810 129 267
person 1 1442 686 96 231
person 1 1456 564 61 98
person 1 848 601 77 184
person 1 1864 869 80 223
person 1 1106 701 80 214
person 1 1066 493 46 117
person 1 1255 646 62 176
person 1 1174 694 76 204
person 1 902 609 66 172
person 1 970 640 80 171
person 1 1528 571 53 100
person 1 1196 616 65 174
person 1 811 551 53 138
person 1 1279 488 53 99
person 1 982 519 58 135
person 1 1075 602 66 147
person 1 667 783 103 238
person 1 1533 676 86 195
person 1 918 535 60 136
person 1 1855 801 80 215
person 1 1219 616 55 166
person 1 1011 595 66 152
person 1 1075 659 71 184
person 1 1613 835 106 223
