person 1 1110 574 60 149
person 1 847 524 56 134
person 1 748 771 97 220
person 1 420 808 119 269
person 1 308 817 131 264
person 1 1461 692 98 227
person 1 1441 550 60 97
person 1 819 586 75 180
person 1 1825 868 97 222
person 1 1054 675 82 215
person 1 1059 480 46 119
person 1 1255 673 82 208
person 1 1130 680 83 205
person 1 895 595 65 167
person 1 1366 679 83 199
person 1 952 625 77 167
person 1 1516 566 55 102
person 1 1289 489 62 102
person 1 1154 605 67 172
person 1 790 540 53 133
person 1 1265 484 54 100
person 1 957 508 56 132
person 1 1052 576 62 143
person 1 662 754 100 235
person 1 896 522 62 136
person 1 1202 607 58 162
person 1 993 589 59 143
person 1 1027 658 56 144
person 1 1784 823 111 224
