person 1 1113 575 60 147
person 1 847 529 57 135
person 1 745 769 97 219
person 1 422 816 118 268
person 1 298 808 134 270
person 1 1467 703 96 224
person 1 1441 551 59 97
person 1 817 586 74 182
person 1 1811 867 101 228
person 1 1050 680 78 206
person 1 1058 475 49 127
person 1 1252 676 77 199
person 1 1131 679 82 200
person 1 895 591 65 168
person 1 1374 676 83 199
person 1 946 623 79 169
person 1 1519 570 55 102
person 1 1287 485 62 102
person 1 1153 612 67 172
person 1 791 541 53 133
person 1 1260 485 54 101
person 1 953 501 57 137
person 1 663 758 99 233
person 1 895 524 64 137
person 1 1199 602 60 164
person 1 987 584 58 148
person 1 1027 654 59 151
person 1 1774 820 111 224
