person 1 1122 592 62 153
person 1 886 546 60 135
person 1 734 812 102 229
person 1 478 801 119 269
person 1 357 796 130 272
person 1 1367 676 97 225
person 1 1447 562 59 93
person 1 858 610 81 186
person 1 1159 704 81 216
person 1 1055 488 49 123
person 1 1210 705 79 212
person 1 908 612 65 170
person 1 971 651 78 169
person 1 1522 566 52 98
person 1 804 556 51 137
person 1 1290 482 52 100
person 1 994 524 56 135
person 1 1089 601 59 146
person 1 650 790 108 246
person 1 1549 681 84 197
person 1 934 544 60 137
person 1 1783 794 96 230
person 1 1029 601 63 158
person 1 1093 666 75 197
person 1 1492 832 106 219
person 1 539 773 92 236
person 1 1042 683 57 131
person 1 1517 664 82 182
person 1 1342 704 97 205
