person 1 1114 575 60 147
person 1 847 528 57 134
person 1 745 770 96 219
person 1 421 815 118 268
person 1 302 809 134 270
person 1 1463 704 97 224
person 1 1441 552 60 97
person 1 817 587 74 182
person 1 1817 868 101 228
person 1 1054 683 79 206
person 1 1058 477 49 126
person 1 1254 677 78 199
person 1 1134 681 81 200
person 1 897 593 65 168
person 1 1369 677 83 199
person 1 948 625 78 169
person 1 1519 571 55 102
person 1 1288 487 62 102
person 1 1156 615 67 172
person 1 791 541 53 133
person 1 1262 487 54 100
person 1 954 504 57 137
person 1 662 758 99 233
person 1 897 526 63 137
person 1 1199 603 59 164
person 1 988 587 60 148
person 1 1030 656 59 151
person 1 1779 821 111 224
