person 1 1114 576 60 147
person 1 848 530 57 134
person 1 746 771 96 219
person 1 422 815 118 268
person 1 300 808 134 270
person 1 1464 704 97 224
person 1 1442 552 59 97
person 1 818 587 74 182
person 1 1816 868 101 228
person 1 1053 682 79 206
person 1 1058 476 49 127
person 1 1253 677 78 199
person 1 1134 681 81 200
person 1 896 592 65 168
person 1 1371 677 83 199
person 1 947 624 78 169
person 1 1519 570 55 102
person 1 1287 486 62 102
person 1 1155 614 67 172
person 1 792 542 53 133
person 1 1261 486 54 100
person 1 954 502 57 137
person 1 663 759 99 233
person 1 896 526 63 137
person 1 1199 603 59 164
person 1 987 586 59 148
person 1 1031 656 59 151
person 1 1779 821 111 224
