person 1 1115 596 62 150
person 1 874 544 62 140
person 1 728 801 101 228
person 1 466 798 121 273
person 1 349 804 131 270
person 1 1414 686 95 223
person 1 1447 564 60 96
person 1 859 612 75 182
person 1 1140 700 77 207
person 1 1058 489 47 118
person 1 1240 638 63 186
person 1 1194 699 76 207
person 1 902 618 67 172
person 1 969 648 81 175
person 1 1519 567 53 100
person 1 1210 621 68 181
person 1 800 556 53 140
person 1 1281 484 52 100
person 1 983 528 58 136
person 1 1089 599 63 148
person 1 652 791 105 239
person 1 1550 681 84 194
person 1 925 546 62 138
person 1 1822 791 79 232
person 1 1020 604 62 151
person 1 1092 658 76 200
person 1 1540 830 112 225
person 1 529 784 96 246
person 1 1044 689 56 131
