person 1 1141 593 60 154
person 1 890 545 60 135
person 1 735 805 104 236
person 1 491 775 120 278
person 1 376 780 130 276
person 1 1453 559 60 92
person 1 864 615 87 188
person 1 1180 701 79 211
person 1 1061 486 48 123
person 1 1231 704 81 207
person 1 980 649 83 178
person 1 1527 563 53 98
person 1 814 563 50 133
person 1 1304 480 51 97
person 1 1007 525 58 138
person 1 1103 603 62 152
person 1 652 795 107 251
person 1 1558 676 83 198
person 1 945 541 60 136
person 1 1744 791 107 230
person 1 1038 603 62 155
person 1 1107 664 76 205
person 1 1428 825 110 224
person 1 559 771 94 236
person 1 1525 655 82 184
person 1 1364 701 100 212
person 1 754 491 53 113
