person 1 1126 595 62 149
person 1 867 539 60 137
person 1 741 805 99 226
person 1 466 807 118 266
person 1 352 815 129 266
person 1 1431 686 96 232
person 1 1454 564 60 98
person 1 852 606 76 184
person 1 1116 706 79 213
person 1 1064 492 46 116
person 1 1251 648 61 175
person 1 1184 699 75 202
person 1 902 614 67 174
person 1 973 640 81 174
person 1 1527 572 53 100
person 1 1198 619 64 170
person 1 810 554 53 140
person 1 1280 489 52 98
person 1 981 524 58 136
person 1 662 784 104 240
person 1 1543 681 86 196
person 1 920 538 61 137
person 1 1858 803 72 216
person 1 1014 598 66 155
person 1 1088 663 72 188
person 1 1596 838 105 219
person 1 523 780 98 250
person 1 1031 686 57 133
