person 1 1188 580 59 156
person 1 909 532 59 130
person 1 716 805 106 238
person 1 517 748 111 273
person 1 383 751 123 266
person 1 1443 527 61 92
person 1 883 604 77 182
person 1 1196 697 84 221
person 1 1052 466 48 122
person 1 1281 691 85 211
person 1 929 598 77 184
person 1 993 641 84 174
person 1 1522 541 53 100
person 1 808 543 52 133
person 1 1011 505 59 137
person 1 1121 591 66 159
person 1 615 791 104 254
person 1 1571 659 80 202
person 1 955 526 61 139
person 1 1611 765 112 233
person 1 1222 593 56 161
person 1 1054 590 61 147
person 1 1151 656 79 205
person 1 1304 816 103 209
person 1 600 740 89 225
person 1 1401 691 93 210
person 1 781 476 52 114
person 1 831 521 49 118
