person 1 1113 581 61 150
person 1 852 532 57 133
person 1 752 780 98 221
person 1 427 807 120 270
person 1 325 822 129 261
person 1 1451 683 98 228
person 1 1444 553 61 97
person 1 825 595 77 180
person 1 1834 870 93 219
person 1 1066 675 83 220
person 1 1061 488 45 115
person 1 1265 678 83 213
person 1 1140 686 83 209
person 1 897 604 64 167
person 1 958 631 75 165
person 1 1516 567 55 103
person 1 1164 607 67 172
person 1 795 549 53 134
person 1 1271 485 54 99
person 1 965 521 55 130
person 1 1057 586 62 142
person 1 662 760 101 237
person 1 901 528 61 136
person 1 1206 612 57 161
person 1 1000 598 60 141
person 1 1041 665 54 141
person 1 1668 833 91 211
