person 1 1164 588 59 154
person 1 903 531 60 133
person 1 721 808 104 236
person 1 508 775 115 277
person 1 382 769 126 271
person 1 1446 550 61 93
person 1 873 603 86 186
person 1 1181 715 79 207
person 1 1055 477 47 120
person 1 1258 709 84 208
person 1 984 646 85 182
person 1 1525 552 54 100
person 1 813 552 52 136
person 1 1313 471 53 101
person 1 1012 516 58 137
person 1 1110 595 64 153
person 1 642 798 105 249
person 1 1559 674 82 199
person 1 953 534 59 135
person 1 1671 787 109 232
person 1 1228 605 56 162
person 1 1046 597 61 149
person 1 1130 666 73 198
person 1 1381 825 100 208
person 1 584 753 95 238
person 1 1377 700 98 209
person 1 768 481 56 121
