person 1 884 495 61 127
person 1 716 810 110 240
person 1 514 728 109 271
person 1 403 726 120 259
person 1 1440 531 61 97
person 1 879 593 92 200
person 1 1220 696 87 225
person 1 1046 457 48 122
person 1 938 600 80 185
person 1 1003 641 89 183
person 1 1521 537 51 98
person 1 809 533 53 140
person 1 1009 495 62 145
person 1 1111 578 66 169
person 1 596 797 108 262
person 1 1567 656 79 199
person 1 1549 771 115 222
person 1 1064 583 66 164
person 1 1188 658 77 198
person 1 1230 798 114 219
person 1 1410 686 90 224
person 1 813 466 53 124
person 1 833 510 50 121
person 1 -2 973 45 93
person 1 46 1014 73 40
person 1 747 450 52 129
