person 1 1125 598 62 148
person 1 872 541 60 138
person 1 737 808 100 226
person 1 470 805 118 267
person 1 355 812 129 265
person 1 1428 686 97 232
person 1 1453 564 60 97
person 1 858 609 74 184
person 1 1127 706 79 212
person 1 1064 493 46 116
person 1 1252 649 60 175
person 1 1192 701 75 201
person 1 905 617 67 174
person 1 976 646 82 175
person 1 1527 573 53 99
person 1 1204 621 64 169
person 1 811 556 53 140
person 1 1280 490 52 98
person 1 983 527 58 136
person 1 660 788 104 240
person 1 1546 682 85 196
person 1 924 541 62 138
person 1 1861 803 66 216
person 1 1019 603 65 155
person 1 1099 664 72 188
person 1 1592 838 107 219
person 1 526 780 98 250
person 1 1037 690 57 133
