person 1 1130 591 62 151
person 1 861 541 58 132
person 1 753 797 98 223
person 1 466 820 117 262
person 1 350 804 131 271
person 1 1445 683 96 230
person 1 1456 569 61 99
person 1 842 601 78 184
person 1 1857 867 83 223
person 1 1103 696 81 217
person 1 1065 497 46 118
person 1 1260 647 65 178
person 1 1170 691 79 208
person 1 901 610 65 170
person 1 967 645 76 164
person 1 1525 573 54 102
person 1 1190 615 68 181
person 1 811 555 53 135
person 1 1277 489 54 99
person 1 985 520 57 133
person 1 1070 596 66 147
person 1 667 788 101 235
person 1 1516 671 85 193
person 1 919 536 59 132
person 1 1214 614 56 166
person 1 1006 596 64 147
person 1 1641 834 106 231
