person 1 881 495 64 133
person 1 712 815 110 239
person 1 517 728 107 266
person 1 403 726 118 257
person 1 1440 529 60 95
person 1 879 594 92 199
person 1 1223 696 88 225
person 1 1044 454 48 123
person 1 1295 693 89 223
person 1 935 600 80 187
person 1 1007 646 88 181
person 1 1522 531 51 98
person 1 809 530 52 136
person 1 1011 497 61 142
person 1 1108 580 66 170
person 1 598 806 107 257
person 1 1568 652 82 207
person 1 923 529 58 133
person 1 1522 770 116 223
person 1 1063 580 67 166
person 1 1195 649 80 205
person 1 1218 793 115 224
person 1 1073 674 62 145
person 1 1413 690 88 223
person 1 821 468 53 124
person 1 833 509 50 121
person 1 -2 967 48 102
person 1 43 1014 85 48
person 1 750 451 54 134
