person 1 1112 580 61 150
person 1 851 531 56 133
person 1 752 778 97 221
person 1 426 807 119 270
person 1 324 822 130 262
person 1 1451 684 98 228
person 1 1443 551 60 97
person 1 824 593 77 180
person 1 1833 870 94 219
person 1 1064 674 83 219
person 1 1060 486 45 115
person 1 1264 677 83 213
person 1 1139 685 83 209
person 1 897 602 64 167
person 1 957 629 76 166
person 1 1516 566 55 103
person 1 1164 607 67 172
person 1 794 547 53 134
person 1 1271 485 54 99
person 1 963 519 55 130
person 1 1056 585 62 143
person 1 662 758 101 237
person 1 901 527 61 136
person 1 1205 611 58 162
person 1 1000 596 59 141
person 1 1039 663 55 141
person 1 1669 832 91 211
