person 1 899 513 64 154
person 1 552 938 97 149
person 1 611 640 98 233
person 1 490 640 100 218
person 1 1413 511 61 96
person 1 1132 654 104 210
person 1 1149 776 95 273
person 1 1014 445 47 118
person 1 1251 772 105 259
person 1 1022 577 77 203
person 1 1494 515 52 99
person 1 822 572 55 145
person 1 1050 540 59 140
person 1 370 923 128 162
person 1 1623 702 87 194
person 1 986 543 60 150
person 1 801 768 117 241
person 1 513 776 100 225
person 1 743 641 74 205
person 1 951 516 55 153
person 1 1370 774 90 258
person 1 759 466 61 132
person 1 49 873 115 204
person 1 147 892 115 178
person 1 854 542 54 120
person 1 1047 619 76 195
person 1 1415 713 99 224
person 1 1558 653 115 228
person 1 1563 703 98 229
person 1 1468 602 79 183
person 1 1794 699 103 229
person 1 43 1013 89 62
