person 1 877 499 61 149
person 1 597 883 118 203
person 1 569 651 97 247
person 1 442 666 104 227
person 1 1404 513 57 94
person 1 1036 628 92 205
person 1 1186 730 90 253
person 1 1003 443 48 122
person 1 1286 741 93 248
person 1 1138 602 77 181
person 1 1487 519 51 101
person 1 798 544 58 145
person 1 1086 624 79 197
person 1 457 884 117 209
person 1 1748 673 100 200
person 1 939 531 66 154
person 1 1011 774 119 235
person 1 709 773 107 228
person 1 698 662 77 203
person 1 1376 746 83 240
person 1 701 448 59 131
person 1 -9 889 100 171
person 1 74 936 121 132
person 1 837 458 61 129
person 1 1600 732 110 226
person 1 1535 688 91 188
person 1 1796 718 78 222
person 1 1407 667 113 218
