person 1 907 511 63 154
person 1 550 960 93 134
person 1 615 633 93 226
person 1 496 634 104 221
person 1 1419 505 59 93
person 1 1128 768 99 278
person 1 1017 438 48 121
person 1 1260 780 108 269
person 1 987 569 81 203
person 1 1497 512 51 98
person 1 834 562 58 151
person 1 355 948 126 147
person 1 1575 693 91 208
person 1 990 531 59 149
person 1 740 770 122 242
person 1 478 768 100 219
person 1 768 635 70 197
person 1 956 515 52 152
person 1 1363 798 88 254
person 1 768 464 61 133
person 1 66 845 116 214
person 1 175 881 113 185
person 1 859 538 51 121
person 1 1080 615 80 206
person 1 1443 671 106 201
person 1 1548 689 104 229
person 1 1723 711 116 214
person 1 1494 600 78 183
person 1 1805 756 72 157
person 1 73 990 106 72
person 1 1567 526 60 159
person 1 1203 642 100 228
