person 1 880 501 61 149
person 1 611 879 113 209
person 1 566 674 99 246
person 1 437 670 105 227
person 1 1408 509 58 97
person 1 1018 624 97 208
person 1 1194 732 93 261
person 1 1006 442 47 118
person 1 1297 734 92 246
person 1 845 520 51 127
person 1 1157 658 92 198
person 1 1492 519 49 96
person 1 801 545 56 144
person 1 994 528 63 151
person 1 1088 596 81 200
person 1 488 867 114 218
person 1 1704 667 105 217
person 1 942 531 64 147
person 1 1088 763 118 233
person 1 1079 618 75 195
person 1 745 777 109 222
person 1 696 666 77 208
person 1 1380 735 84 237
person 1 689 441 62 135
person 1 9 904 95 161
person 1 46 938 127 125
person 1 834 450 63 134
person 1 1668 733 108 230
person 1 1507 679 88 186
person 1 1687 651 90 205
person 1 1829 698 76 234
