person 1 882 500 63 140
person 1 660 842 111 245
person 1 533 712 100 242
person 1 419 705 118 241
person 1 1423 519 59 96
person 1 927 610 97 206
person 1 1205 709 93 244
person 1 1023 448 49 123
person 1 1070 664 87 187
person 1 1502 525 53 97
person 1 800 541 52 138
person 1 1014 503 62 140
person 1 1151 587 69 172
person 1 552 837 113 254
person 1 1605 664 86 205
person 1 925 525 64 145
person 1 1317 765 118 231
person 1 1031 616 72 186
person 1 1014 779 111 227
person 1 647 693 80 220
person 1 1122 680 66 158
person 1 1402 698 91 237
person 1 862 469 60 120
person 1 15 952 65 122
person 1 24 985 118 90
person 1 790 452 61 131
person 1 979 525 60 139
person 1 1188 627 90 205
