person 1 880 499 62 149
person 1 612 877 112 212
person 1 562 673 100 248
person 1 432 672 107 232
person 1 1409 510 58 97
person 1 1010 623 98 209
person 1 1193 731 96 260
person 1 1006 441 47 119
person 1 1297 731 92 245
person 1 843 520 52 128
person 1 1158 657 92 198
person 1 1491 518 50 97
person 1 800 543 56 144
person 1 995 524 62 147
person 1 1090 595 80 199
person 1 492 868 114 220
person 1 1702 665 106 218
person 1 940 530 63 145
person 1 1094 766 119 231
person 1 1077 619 72 193
person 1 757 776 110 223
person 1 694 666 77 207
person 1 1377 731 85 238
person 1 694 442 62 135
person 1 9 908 93 158
person 1 41 942 129 122
person 1 833 452 63 134
person 1 1677 736 106 227
person 1 1495 677 91 189
