person 1 893 517 63 152
person 1 569 920 108 167
person 1 601 653 98 236
person 1 482 644 102 228
person 1 1406 515 60 95
person 1 1106 641 106 217
person 1 1164 763 94 265
person 1 1007 444 47 120
person 1 1264 765 96 254
person 1 1058 607 76 195
person 1 1491 523 51 97
person 1 809 559 57 152
person 1 1022 546 63 148
person 1 399 914 124 176
person 1 1658 722 88 186
person 1 972 549 65 152
person 1 875 775 119 243
person 1 573 786 97 215
person 1 736 647 77 205
person 1 947 523 55 144
person 1 1372 770 89 257
person 1 746 469 56 129
person 1 40 875 111 195
person 1 113 902 117 166
person 1 872 473 61 134
person 1 1024 624 72 181
person 1 1469 735 99 214
person 1 1619 707 100 233
person 1 1496 667 112 213
person 1 1439 600 78 184
person 1 1795 663 99 208
person 1 46 1002 85 61
