person 1 881 493 62 137
person 1 693 824 114 247
person 1 519 708 106 261
person 1 408 710 115 247
person 1 1431 521 60 95
person 1 902 602 87 192
person 1 1216 701 91 234
person 1 1038 449 45 116
person 1 1305 700 85 225
person 1 944 602 77 185
person 1 1036 651 86 179
person 1 1509 523 53 100
person 1 805 532 53 140
person 1 1017 497 61 142
person 1 1121 576 67 170
person 1 572 814 113 262
person 1 1577 656 80 205
person 1 921 522 58 138
person 1 1435 764 117 230
person 1 1064 588 67 165
person 1 1124 783 110 221
person 1 612 715 84 228
person 1 1093 663 65 153
person 1 1421 687 85 218
person 1 844 461 53 116
person 1 4 952 54 115
person 1 57 990 107 71
person 1 769 449 59 138
person 1 972 517 64 144
