person 1 882 495 64 150
person 1 625 869 113 224
person 1 560 679 101 251
person 1 413 677 111 237
person 1 1407 514 58 94
person 1 984 614 96 210
person 1 1009 441 47 120
person 1 1291 729 94 241
person 1 834 524 55 134
person 1 1150 666 86 185
person 1 1487 516 52 100
person 1 797 541 56 144
person 1 1005 504 63 146
person 1 508 848 117 240
person 1 1660 668 99 200
person 1 930 528 64 146
person 1 1162 779 117 237
person 1 1068 626 69 184
person 1 826 778 113 224
person 1 671 663 78 213
person 1 1162 686 66 164
person 1 1378 729 87 237
person 1 20 917 85 146
person 1 47 955 125 108
person 1 825 456 64 137
person 1 998 534 58 143
person 1 1723 748 101 222
person 1 1443 677 88 192
