person 1 893 519 63 152
person 1 567 921 108 167
person 1 602 652 99 236
person 1 482 644 102 228
person 1 1406 516 60 95
person 1 1108 641 105 217
person 1 1164 762 94 266
person 1 1006 444 47 119
person 1 1262 767 96 254
person 1 1057 607 75 195
person 1 1491 523 51 97
person 1 809 559 57 153
person 1 1024 546 63 149
person 1 396 916 125 176
person 1 1650 723 86 186
person 1 974 551 65 152
person 1 866 776 120 244
person 1 570 786 96 215
person 1 737 647 76 205
person 1 948 524 54 144
person 1 1373 773 89 258
person 1 749 469 56 130
person 1 43 873 112 196
person 1 118 901 116 167
person 1 873 474 61 134
person 1 1025 624 72 181
person 1 1459 736 99 212
person 1 1617 707 101 234
person 1 1490 667 113 212
person 1 1441 600 78 185
person 1 1797 664 100 207
person 1 51 1000 85 61
