person 1 877 493 64 148
person 1 636 857 113 232
person 1 542 692 102 253
person 1 404 685 115 242
person 1 1401 512 60 97
person 1 976 611 93 202
person 1 1195 718 92 247
person 1 1009 443 47 118
person 1 831 523 51 120
person 1 1121 666 85 189
person 1 1479 516 51 96
person 1 789 539 54 140
person 1 1006 501 63 142
person 1 518 847 113 240
person 1 1639 667 98 202
person 1 921 526 62 139
person 1 1244 769 112 231
person 1 1061 622 70 185
person 1 855 772 107 229
person 1 661 675 81 222
person 1 1386 714 88 232
person 1 31 964 125 104
person 1 816 453 62 131
person 1 988 527 57 136
person 1 1135 609 90 210
person 1 1789 756 87 220
