person 1 893 520 63 152
person 1 569 921 107 167
person 1 602 653 99 236
person 1 482 644 102 227
person 1 1405 516 60 95
person 1 1109 640 105 217
person 1 1164 761 94 267
person 1 1006 444 47 119
person 1 1262 768 97 254
person 1 1057 607 73 195
person 1 1491 523 51 96
person 1 809 559 57 153
person 1 1025 546 63 149
person 1 396 916 127 176
person 1 1652 723 84 186
person 1 974 551 64 153
person 1 862 777 120 244
person 1 571 786 96 215
person 1 737 646 76 205
person 1 947 524 53 144
person 1 1373 774 89 258
person 1 748 470 56 130
person 1 42 873 112 196
person 1 115 902 115 167
person 1 872 474 62 135
person 1 1026 624 72 182
person 1 1456 736 101 211
person 1 1617 707 102 235
person 1 1487 667 114 212
person 1 1440 599 78 185
person 1 1797 664 101 207
person 1 49 1001 85 61
