person 1 881 500 62 137
person 1 684 830 115 250
person 1 519 701 106 260
person 1 401 708 116 244
person 1 1427 525 59 94
person 1 906 604 86 192
person 1 1210 704 91 237
person 1 1035 452 45 114
person 1 1300 715 86 227
person 1 948 604 75 184
person 1 1039 660 86 178
person 1 1506 529 53 100
person 1 801 536 53 140
person 1 1014 502 61 142
person 1 1126 583 67 167
person 1 561 822 115 259
person 1 1578 660 84 208
person 1 919 525 60 139
person 1 1396 764 110 230
person 1 1060 589 67 168
person 1 1097 785 107 220
person 1 613 711 82 221
person 1 1095 668 65 154
person 1 848 462 56 114
person 1 7 951 56 115
person 1 56 986 107 74
person 1 767 453 59 137
