person 1 881 498 62 137
person 1 687 828 115 249
person 1 519 703 106 260
person 1 404 708 115 245
person 1 1428 523 59 95
person 1 905 604 86 192
person 1 1212 703 91 236
person 1 1036 450 45 115
person 1 1302 709 85 226
person 1 947 603 77 185
person 1 1039 657 86 179
person 1 1506 526 53 100
person 1 802 534 53 140
person 1 1015 500 61 142
person 1 1125 581 67 168
person 1 565 819 113 260
person 1 1579 659 82 207
person 1 920 524 59 138
person 1 1408 764 115 230
person 1 1062 589 67 167
person 1 1106 784 109 221
person 1 614 712 83 223
person 1 1094 666 65 153
person 1 847 462 53 115
person 1 7 951 54 115
person 1 55 988 109 73
person 1 768 451 59 137
