person 1 878 499 61 149
person 1 590 895 115 195
person 1 575 655 95 242
person 1 451 658 104 225
person 1 1405 513 58 94
person 1 1050 632 91 203
person 1 1182 745 91 257
person 1 1003 443 48 122
person 1 1278 749 92 246
person 1 1136 598 76 180
person 1 1486 520 51 101
person 1 800 545 59 149
person 1 1096 627 78 197
person 1 446 888 116 204
person 1 1726 659 102 204
person 1 943 535 64 150
person 1 1007 772 117 234
person 1 1142 602 77 198
person 1 681 776 106 225
person 1 701 654 77 204
person 1 1006 539 55 138
person 1 1371 743 83 242
person 1 711 452 57 128
person 1 -6 885 104 178
person 1 80 927 125 141
person 1 844 457 61 130
person 1 993 614 76 187
person 1 1565 723 111 227
person 1 1545 682 93 191
person 1 1767 704 86 235
person 1 1442 662 112 216
