person 1 883 498 63 140
person 1 665 835 115 253
person 1 528 705 103 251
person 1 407 706 120 246
person 1 1422 521 60 97
person 1 918 605 92 201
person 1 1202 701 90 237
person 1 1025 449 49 123
person 1 1307 715 88 228
person 1 1054 647 88 187
person 1 1500 527 52 96
person 1 798 542 53 140
person 1 1013 507 61 138
person 1 1146 584 69 172
person 1 547 824 116 262
person 1 1593 658 83 201
person 1 921 526 63 142
person 1 1343 772 116 231
person 1 1063 781 113 226
person 1 631 688 83 224
person 1 857 466 62 123
person 1 16 954 60 118
person 1 31 984 115 84
person 1 770 454 61 135
person 1 976 524 62 141
