person 1 887 508 61 147
person 1 571 914 112 179
person 1 595 646 99 240
person 1 469 656 104 229
person 1 1405 515 60 95
person 1 1079 641 107 217
person 1 1164 744 91 265
person 1 1007 447 48 124
person 1 1270 754 95 256
person 1 849 533 46 121
person 1 1490 525 50 96
person 1 808 555 58 154
person 1 1016 541 57 133
person 1 1155 608 74 191
person 1 428 900 121 194
person 1 952 534 67 158
person 1 936 779 120 237
person 1 1138 641 80 193
person 1 638 802 98 217
person 1 719 652 78 201
person 1 1368 761 83 246
person 1 733 460 55 126
person 1 27 889 104 182
person 1 91 914 117 152
person 1 864 464 61 134
person 1 996 615 73 180
person 1 1502 727 108 219
person 1 1700 705 100 230
person 1 1480 662 115 225
person 1 1429 594 80 188
person 1 1798 703 95 222
