person 1 882 501 63 140
person 1 659 842 110 244
person 1 534 712 99 241
person 1 421 704 118 240
person 1 1422 518 59 96
person 1 929 611 98 207
person 1 1206 710 93 245
person 1 1023 448 49 123
person 1 1075 666 87 187
person 1 1502 524 53 97
person 1 800 541 52 138
person 1 1015 502 62 140
person 1 1154 587 69 172
person 1 553 839 114 254
person 1 1608 666 87 205
person 1 927 525 64 146
person 1 1316 765 117 232
person 1 1033 616 71 186
person 1 1006 779 109 227
person 1 651 693 80 219
person 1 1126 681 66 158
person 1 1402 699 90 237
person 1 863 469 60 120
person 1 16 951 65 123
person 1 23 985 118 90
person 1 793 452 61 130
person 1 980 525 60 138
person 1 1188 628 90 205
