person 1 906 512 63 154
person 1 549 957 94 136
person 1 615 635 94 228
person 1 495 634 103 219
person 1 1419 506 59 94
person 1 1134 655 100 210
person 1 1130 772 98 276
person 1 1017 439 47 120
person 1 1259 777 108 268
person 1 993 570 81 203
person 1 1497 512 52 98
person 1 832 565 57 148
person 1 355 944 127 151
person 1 1576 697 87 203
person 1 990 534 59 149
person 1 745 771 120 241
person 1 485 768 99 220
person 1 763 635 71 200
person 1 956 514 53 154
person 1 1363 795 89 255
person 1 767 464 61 133
person 1 61 849 116 213
person 1 173 880 113 185
person 1 859 540 51 120
person 1 1076 615 78 203
person 1 1394 726 107 228
person 1 1451 669 105 203
person 1 1550 691 104 229
person 1 1716 709 116 214
person 1 1491 600 79 183
person 1 1800 742 80 174
person 1 71 991 104 70
person 1 1568 525 60 160
