person 1 883 502 62 140
person 1 659 843 110 243
person 1 535 712 99 241
person 1 422 703 118 240
person 1 1421 516 59 96
person 1 930 611 99 207
person 1 1207 711 92 245
person 1 1023 448 49 123
person 1 1078 667 86 187
person 1 1504 523 53 97
person 1 800 542 52 137
person 1 1015 503 63 141
person 1 1155 588 69 172
person 1 553 840 114 253
person 1 1609 667 88 206
person 1 928 525 64 146
person 1 1317 766 115 232
person 1 1035 617 70 186
person 1 998 780 106 227
person 1 653 693 79 219
person 1 1126 681 65 158
person 1 1403 699 89 237
person 1 864 470 60 120
person 1 16 951 66 123
person 1 24 985 117 90
person 1 794 452 62 130
person 1 982 526 60 138
person 1 1189 628 90 205
