person 1 876 492 64 148
person 1 640 852 112 232
person 1 539 692 102 253
person 1 404 688 116 241
person 1 1404 512 60 97
person 1 970 611 94 203
person 1 1197 717 92 247
person 1 1009 443 47 118
person 1 831 522 50 120
person 1 1111 666 85 189
person 1 1481 516 51 96
person 1 788 538 54 140
person 1 1008 500 64 142
person 1 522 845 113 240
person 1 1634 665 96 202
person 1 921 525 61 139
person 1 1246 768 113 231
person 1 1057 620 69 185
person 1 876 771 108 229
person 1 659 679 81 222
person 1 1388 709 88 233
person 1 25 967 127 104
person 1 815 452 62 131
person 1 985 525 58 136
person 1 1138 610 90 210
person 1 1791 757 86 220
