person 1 878 499 61 149
person 1 589 896 114 192
person 1 576 656 95 240
person 1 453 657 104 225
person 1 1405 514 58 94
person 1 1051 633 92 203
person 1 1182 748 91 259
person 1 1004 443 48 122
person 1 1277 751 92 246
person 1 1487 521 51 102
person 1 800 544 60 151
person 1 444 889 116 203
person 1 1723 653 103 206
person 1 944 537 64 148
person 1 1009 772 115 234
person 1 1146 601 77 198
person 1 677 777 105 224
person 1 701 652 77 204
person 1 1003 536 55 137
person 1 1371 742 83 242
person 1 714 453 56 127
person 1 -5 885 105 180
person 1 79 926 126 144
person 1 846 456 61 130
person 1 992 616 77 188
person 1 1559 721 111 227
person 1 1547 680 94 192
person 1 1757 699 90 239
person 1 1455 660 112 216
person 1 1416 594 75 176
person 1 844 515 46 128
