person 1 900 511 63 152
person 1 550 935 103 160
person 1 612 634 98 233
person 1 489 640 101 222
person 1 1411 511 61 97
person 1 1113 650 104 208
person 1 1153 765 96 277
person 1 1014 443 47 118
person 1 1252 781 100 248
person 1 1495 515 51 99
person 1 823 563 57 151
person 1 1047 540 59 140
person 1 370 930 127 165
person 1 1631 683 90 199
person 1 984 547 62 151
person 1 798 763 118 244
person 1 528 781 101 226
person 1 748 643 74 203
person 1 951 524 51 143
person 1 1374 770 91 261
person 1 764 466 60 131
person 1 57 867 109 194
person 1 147 897 110 168
person 1 1038 618 77 198
person 1 1432 720 96 217
person 1 1563 654 115 227
person 1 1577 704 97 228
person 1 1469 602 78 181
person 1 1811 682 111 246
person 1 54 1009 79 55
