person 1 880 494 64 149
person 1 634 861 111 227
person 1 553 684 102 252
person 1 411 682 113 239
person 1 1407 513 59 95
person 1 976 611 95 207
person 1 1194 719 92 247
person 1 1010 442 47 120
person 1 1295 730 94 240
person 1 833 522 54 128
person 1 1133 664 85 187
person 1 1486 517 52 98
person 1 794 540 55 142
person 1 1006 503 64 144
person 1 516 844 114 240
person 1 1647 667 97 201
person 1 927 528 63 143
person 1 1212 772 114 235
person 1 1064 623 69 184
person 1 843 777 108 226
person 1 666 669 79 216
person 1 1165 687 67 163
person 1 1384 721 88 235
person 1 17 921 81 145
person 1 40 961 127 107
person 1 820 453 64 135
person 1 993 531 59 140
person 1 1132 608 91 210
person 1 1769 752 90 222
