person 1 881 486 63 137
person 1 696 818 112 242
person 1 523 712 106 261
person 1 412 706 117 252
person 1 1431 517 60 96
person 1 906 599 87 191
person 1 1222 699 89 228
person 1 1036 445 46 120
person 1 1311 693 83 223
person 1 1039 644 86 179
person 1 1509 516 53 100
person 1 806 531 53 140
person 1 1020 492 61 142
person 1 1121 572 68 174
person 1 575 805 114 266
person 1 1577 654 78 200
person 1 1459 761 119 230
person 1 1075 589 65 160
person 1 1156 781 111 222
person 1 606 712 88 240
person 1 1095 665 65 151
person 1 1421 688 85 218
person 1 837 459 53 119
person 1 3 946 53 114
person 1 62 988 99 65
person 1 763 443 59 140
person 1 972 518 64 144
