person 1 876 497 63 146
person 1 645 854 110 234
person 1 532 694 103 253
person 1 408 691 117 240
person 1 1407 514 60 96
person 1 957 608 97 203
person 1 1200 707 91 248
person 1 1012 445 48 121
person 1 831 522 49 123
person 1 1097 660 85 190
person 1 1485 517 52 98
person 1 789 543 54 140
person 1 1011 504 64 141
person 1 529 841 114 243
person 1 1629 664 94 205
person 1 923 524 61 140
person 1 1244 773 115 229
person 1 1049 623 68 182
person 1 910 775 109 229
person 1 661 683 81 224
person 1 1393 712 88 234
person 1 860 469 60 129
person 1 5 929 73 133
person 1 21 974 125 100
person 1 812 454 63 132
person 1 982 525 58 137
person 1 1150 612 89 209
person 1 1800 753 85 222
