person 1 879 496 62 150
person 1 617 870 113 217
person 1 553 673 102 253
person 1 415 680 111 240
person 1 1408 511 59 97
person 1 987 621 99 211
person 1 1005 441 47 120
person 1 1296 724 92 244
person 1 1162 657 92 198
person 1 1486 516 52 101
person 1 798 539 57 146
person 1 998 517 59 138
person 1 500 867 114 224
person 1 1683 661 107 220
person 1 933 529 62 140
person 1 1126 772 117 226
person 1 1067 619 70 190
person 1 798 774 111 223
person 1 681 673 76 206
person 1 1373 720 86 241
person 1 9 917 90 153
person 1 35 954 126 116
person 1 828 456 62 133
person 1 1697 746 103 221
person 1 1461 676 94 196
