person 1 880 491 64 137
person 1 701 814 112 240
person 1 520 720 107 262
person 1 412 716 117 254
person 1 1435 522 60 95
person 1 895 597 89 194
person 1 1220 696 89 227
person 1 1040 449 46 122
person 1 1310 696 87 223
person 1 940 598 79 188
person 1 1026 643 87 180
person 1 1517 524 52 99
person 1 808 533 53 138
person 1 1021 495 61 141
person 1 1116 574 67 173
person 1 585 803 111 262
person 1 1574 653 78 204
person 1 925 528 55 131
person 1 1472 770 116 228
person 1 1072 582 65 163
person 1 1211 643 83 209
person 1 1167 789 108 224
person 1 612 707 92 239
person 1 1090 669 64 149
person 1 1422 693 85 220
person 1 834 463 52 121
person 1 3 953 52 112
person 1 51 1000 100 61
person 1 758 445 57 139
