person 1 897 502 64 152
person 1 574 920 109 171
person 1 604 641 97 235
person 1 481 647 103 229
person 1 1409 512 61 96
person 1 1085 638 108 220
person 1 1166 763 90 255
person 1 1009 444 47 121
person 1 1273 760 95 257
person 1 1493 521 52 100
person 1 812 550 58 152
person 1 1016 545 60 142
person 1 423 914 119 182
person 1 962 539 65 151
person 1 934 768 119 241
person 1 1152 629 77 195
person 1 611 793 97 212
person 1 732 651 79 207
person 1 1371 759 85 249
person 1 742 461 56 128
person 1 33 889 107 186
person 1 103 910 117 158
person 1 874 462 60 131
person 1 1006 621 71 178
person 1 1525 724 110 237
person 1 1635 678 99 194
person 1 1660 707 96 225
person 1 1435 597 77 181
person 1 1778 654 96 213
person 1 929 473 51 125
