person 1 879 500 61 149
person 1 582 904 114 191
person 1 580 655 96 239
person 1 457 653 105 224
person 1 1403 514 59 93
person 1 1064 640 94 202
person 1 1176 751 91 260
person 1 1003 443 48 122
person 1 1272 752 92 246
person 1 842 519 48 127
person 1 1486 521 51 102
person 1 803 546 59 152
person 1 1004 538 56 138
person 1 1143 602 78 198
person 1 436 892 118 202
person 1 1731 655 103 206
person 1 946 538 63 147
person 1 987 776 111 234
person 1 1127 629 77 198
person 1 663 781 105 223
person 1 705 647 77 204
person 1 1369 746 83 243
person 1 719 454 56 126
person 1 -1 882 105 181
person 1 86 920 122 145
person 1 848 459 60 130
person 1 991 617 77 189
person 1 1535 722 111 228
person 1 1546 679 95 193
person 1 1726 698 96 242
person 1 1464 660 114 215
person 1 1425 597 75 176
