person 1 885 509 61 147
person 1 573 909 111 179
person 1 591 650 98 240
person 1 464 660 104 229
person 1 1405 516 60 95
person 1 1070 640 106 217
person 1 1167 738 91 265
person 1 1006 447 48 124
person 1 1270 750 95 256
person 1 848 534 46 121
person 1 1490 526 50 96
person 1 807 554 59 154
person 1 1012 538 56 133
person 1 1154 609 74 191
person 1 432 895 120 194
person 1 949 534 67 158
person 1 944 780 119 237
person 1 1138 640 80 193
person 1 642 796 98 217
person 1 712 654 78 201
person 1 1368 761 83 246
person 1 729 459 55 126
person 1 16 892 104 182
person 1 86 919 118 152
person 1 862 465 61 134
person 1 992 611 73 180
person 1 1505 730 108 219
person 1 1714 706 99 230
person 1 1475 663 115 225
person 1 1425 592 80 188
person 1 1797 703 95 222
