person 1 881 491 64 137
person 1 700 814 112 241
person 1 520 719 107 261
person 1 413 715 116 253
person 1 1436 522 61 95
person 1 898 598 88 192
person 1 1220 695 89 228
person 1 1041 449 46 121
person 1 1311 696 86 223
person 1 1028 642 87 180
person 1 1516 523 53 99
person 1 807 534 53 139
person 1 1023 495 61 141
person 1 1118 573 67 173
person 1 582 801 112 264
person 1 1576 655 77 202
person 1 1467 769 117 229
person 1 1072 584 65 161
person 1 1161 789 108 222
person 1 612 707 91 240
person 1 1092 669 64 150
person 1 1422 693 85 219
person 1 837 463 52 120
person 1 4 951 52 114
person 1 51 998 103 64
person 1 758 445 57 140
person 1 972 523 64 144
