person 1 877 500 61 149
person 1 598 882 116 203
person 1 568 652 98 247
person 1 441 666 104 227
person 1 1404 513 57 95
person 1 1035 628 93 205
person 1 1186 730 89 254
person 1 1003 443 48 121
person 1 1285 740 93 248
person 1 1138 604 80 182
person 1 1486 519 51 100
person 1 798 545 57 145
person 1 1086 623 79 197
person 1 455 883 115 209
person 1 1746 673 99 201
person 1 939 530 66 154
person 1 1015 774 118 235
person 1 709 772 108 227
person 1 698 662 76 203
person 1 1375 745 83 239
person 1 700 448 59 132
person 1 -8 889 100 171
person 1 76 932 124 132
person 1 837 458 61 130
person 1 1604 732 109 226
person 1 1534 687 90 188
person 1 1797 718 76 222
person 1 1406 667 113 218
