person 1 883 498 63 140
person 1 672 831 115 253
person 1 528 705 103 251
person 1 408 708 119 246
person 1 1426 522 60 96
person 1 914 601 91 200
person 1 1203 697 90 237
person 1 1029 450 49 122
person 1 1306 716 88 228
person 1 1048 644 89 186
person 1 1502 528 52 97
person 1 799 543 53 140
person 1 1014 508 61 139
person 1 1140 585 69 171
person 1 550 819 116 261
person 1 1591 659 83 202
person 1 920 525 63 142
person 1 1364 773 115 231
person 1 1059 783 112 225
person 1 627 688 83 224
person 1 856 465 62 122
person 1 13 955 60 118
person 1 36 985 115 84
person 1 771 453 61 136
person 1 975 524 62 141
