person 1 901 515 64 155
person 1 549 944 97 144
person 1 614 641 97 232
person 1 492 637 101 215
person 1 1415 509 60 96
person 1 1136 655 101 210
person 1 1140 782 96 271
person 1 1015 444 47 118
person 1 1253 767 108 265
person 1 1012 573 81 204
person 1 1496 514 52 100
person 1 826 574 54 141
person 1 359 926 132 160
person 1 1594 711 81 190
person 1 992 541 59 149
person 1 780 775 118 239
person 1 500 770 98 224
person 1 748 635 73 207
person 1 953 513 55 159
person 1 1367 787 89 257
person 1 759 464 62 133
person 1 48 865 116 210
person 1 159 881 115 184
person 1 856 547 51 118
person 1 1061 618 75 193
person 1 1403 721 105 228
person 1 1557 700 104 229
person 1 1479 598 79 185
person 1 1785 707 100 218
person 1 50 1002 98 66
person 1 1570 525 62 164
