person 1 881 495 64 150
person 1 627 867 112 224
person 1 560 681 101 252
person 1 414 679 112 237
person 1 1409 513 58 94
person 1 981 613 96 210
person 1 1010 442 47 120
person 1 1292 729 94 241
person 1 834 523 55 133
person 1 1145 665 85 185
person 1 1489 518 52 100
person 1 797 541 56 144
person 1 1006 504 64 146
person 1 510 846 116 240
person 1 1659 668 98 200
person 1 930 528 64 146
person 1 1174 778 116 237
person 1 1067 625 69 184
person 1 831 779 111 224
person 1 670 664 78 213
person 1 1163 686 66 164
person 1 1380 727 87 237
person 1 19 918 84 146
person 1 46 958 126 108
person 1 823 455 64 137
person 1 998 534 58 143
person 1 1735 749 97 222
person 1 1441 676 88 192
