person 1 879 501 61 149
person 1 604 884 115 209
person 1 566 669 98 245
person 1 438 667 104 227
person 1 1405 509 58 97
person 1 1033 627 97 207
person 1 1192 731 91 261
person 1 1004 441 47 118
person 1 1293 735 92 246
person 1 845 523 50 127
person 1 1146 657 92 198
person 1 1490 518 49 95
person 1 801 544 57 144
person 1 992 526 62 152
person 1 1080 595 81 200
person 1 474 872 115 218
person 1 1719 669 104 217
person 1 944 530 64 148
person 1 1059 768 115 234
person 1 1091 622 76 195
person 1 717 775 108 222
person 1 700 662 77 208
person 1 1379 743 83 236
person 1 689 439 62 135
person 1 5 897 95 161
person 1 56 930 122 125
person 1 834 452 63 135
person 1 1640 732 108 231
person 1 1527 681 86 185
person 1 1710 653 90 205
person 1 1825 697 76 234
