person 1 880 500 62 137
person 1 685 829 115 250
person 1 519 701 106 260
person 1 402 708 115 244
person 1 1426 524 59 95
person 1 906 605 86 192
person 1 1211 704 91 237
person 1 1035 451 45 114
person 1 1301 713 86 227
person 1 948 603 76 184
person 1 1039 659 86 178
person 1 1505 527 53 100
person 1 801 535 53 140
person 1 1014 502 61 142
person 1 1126 582 67 168
person 1 562 821 114 260
person 1 1579 660 83 207
person 1 919 525 60 139
person 1 1399 764 113 230
person 1 1061 589 67 167
person 1 1100 785 108 220
person 1 614 711 82 222
person 1 1095 667 65 154
person 1 848 462 54 114
person 1 7 951 55 115
person 1 55 987 108 74
person 1 768 452 59 137
