person 1 885 508 61 148
person 1 574 909 110 179
person 1 590 651 98 240
person 1 462 659 105 228
person 1 1404 516 60 94
person 1 1069 640 104 216
person 1 1167 739 92 265
person 1 1005 446 49 124
person 1 1270 750 95 256
person 1 847 534 46 121
person 1 1489 525 50 97
person 1 806 554 59 154
person 1 1013 538 56 133
person 1 1154 609 75 192
person 1 434 895 118 194
person 1 948 534 67 157
person 1 949 780 116 237
person 1 1136 640 78 194
person 1 642 795 99 217
person 1 711 653 77 201
person 1 1367 760 83 246
person 1 729 459 55 126
person 1 12 892 105 182
person 1 84 919 121 152
person 1 861 465 61 133
person 1 992 612 73 180
person 1 1507 731 108 220
person 1 1715 707 97 231
person 1 1474 663 116 224
person 1 1424 593 80 188
person 1 1797 704 95 222
