person 1 875 493 64 147
person 1 642 853 110 233
person 1 536 692 103 253
person 1 404 689 117 241
person 1 1405 512 60 96
person 1 965 610 96 203
person 1 1198 713 91 247
person 1 1010 444 47 119
person 1 831 521 49 121
person 1 1107 664 85 189
person 1 1482 516 52 97
person 1 788 540 54 140
person 1 1009 501 64 141
person 1 524 844 113 241
person 1 1633 665 94 203
person 1 921 525 61 140
person 1 1244 770 114 230
person 1 1053 621 69 184
person 1 889 772 109 229
person 1 660 680 81 223
person 1 1390 709 88 233
person 1 25 968 127 103
person 1 814 453 63 132
person 1 984 525 58 136
person 1 1142 610 90 209
person 1 1794 755 85 221
