person 1 898 512 63 152
person 1 558 930 103 161
person 1 610 636 98 234
person 1 489 643 101 223
person 1 1410 512 61 96
person 1 1113 646 102 209
person 1 1157 756 96 276
person 1 1012 443 47 119
person 1 1257 780 99 249
person 1 1493 516 52 98
person 1 821 559 57 152
person 1 1040 541 59 142
person 1 382 927 125 166
person 1 1653 686 88 197
person 1 980 547 63 152
person 1 823 767 120 244
person 1 540 779 100 225
person 1 745 645 74 204
person 1 949 525 52 143
person 1 1375 768 90 261
person 1 759 465 57 130
person 1 54 867 110 194
person 1 135 902 112 168
person 1 1036 619 77 196
person 1 1450 723 101 216
person 1 1581 653 115 226
person 1 1596 702 99 229
person 1 1461 600 77 182
person 1 1806 679 114 241
person 1 53 1009 78 56
