person 1 882 498 63 139
person 1 674 832 115 252
person 1 525 702 104 254
person 1 405 707 118 245
person 1 1426 523 59 96
person 1 913 603 89 198
person 1 1205 698 90 237
person 1 1031 451 48 120
person 1 1304 715 87 227
person 1 950 605 75 184
person 1 1047 649 88 184
person 1 1503 528 53 98
person 1 799 541 53 140
person 1 1014 506 61 140
person 1 1137 584 69 170
person 1 552 820 116 261
person 1 1588 658 83 204
person 1 919 525 62 141
person 1 1370 770 111 230
person 1 1064 587 67 168
person 1 1071 784 110 224
person 1 624 694 83 223
person 1 1100 667 65 154
person 1 854 463 60 120
person 1 13 953 58 117
person 1 41 984 113 81
person 1 770 453 60 136
person 1 974 523 62 142
