person 1 899 507 64 153
person 1 571 924 110 171
person 1 604 642 97 235
person 1 485 644 102 229
person 1 1408 513 61 96
person 1 1096 645 109 220
person 1 1163 771 91 254
person 1 1009 445 47 120
person 1 1271 764 94 257
person 1 1492 521 52 101
person 1 812 555 58 152
person 1 1020 546 61 143
person 1 411 918 122 182
person 1 965 541 65 150
person 1 910 769 117 241
person 1 1168 636 76 196
person 1 591 792 97 212
person 1 736 651 79 208
person 1 1371 765 86 249
person 1 747 464 56 129
person 1 45 883 107 186
person 1 110 902 114 158
person 1 875 467 60 130
person 1 1016 627 71 177
person 1 1514 724 106 238
person 1 1650 680 100 194
person 1 1636 709 96 225
person 1 1439 599 77 181
person 1 1776 654 98 213
person 1 930 476 51 125
