person 1 878 496 62 150
person 1 618 870 113 217
person 1 553 674 102 253
person 1 415 680 111 239
person 1 1408 511 59 97
person 1 986 621 98 211
person 1 1005 441 47 120
person 1 1296 724 92 244
person 1 1162 657 92 198
person 1 1486 517 52 101
person 1 798 539 57 146
person 1 998 516 59 138
person 1 501 867 114 224
person 1 1682 662 108 220
person 1 933 529 62 140
person 1 1127 772 116 226
person 1 1067 620 71 190
person 1 799 774 111 223
person 1 681 673 76 206
person 1 1374 721 87 241
person 1 9 916 90 153
person 1 35 954 127 116
person 1 828 456 62 134
person 1 1698 746 102 221
person 1 1462 676 93 196
