person 1 898 506 64 153
person 1 572 923 109 171
person 1 604 642 97 235
person 1 484 645 102 229
person 1 1408 513 61 96
person 1 1093 643 109 220
person 1 1164 769 90 254
person 1 1009 444 47 120
person 1 1272 763 95 257
person 1 1492 521 52 101
person 1 812 553 58 152
person 1 1018 546 61 143
person 1 416 916 121 182
person 1 964 540 65 151
person 1 916 769 118 241
person 1 1164 634 77 196
person 1 597 792 97 212
person 1 735 651 79 208
person 1 1371 763 86 249
person 1 745 463 56 128
person 1 41 885 107 186
person 1 108 904 116 158
person 1 875 465 60 130
person 1 1013 626 71 178
person 1 1516 724 108 238
person 1 1646 680 99 194
person 1 1643 709 96 225
person 1 1438 598 77 181
person 1 1777 654 97 213
person 1 930 475 51 125
