person 1 883 501 62 140
person 1 659 842 110 243
person 1 535 712 99 241
person 1 422 703 118 240
person 1 1422 517 59 96
person 1 930 611 98 207
person 1 1207 711 93 245
person 1 1023 447 49 123
person 1 1077 666 86 187
person 1 1504 523 53 97
person 1 800 541 52 137
person 1 1015 502 63 140
person 1 1155 587 69 172
person 1 553 839 114 253
person 1 1609 666 87 206
person 1 927 525 64 146
person 1 1316 765 116 232
person 1 1034 616 71 186
person 1 1001 779 108 227
person 1 652 693 79 219
person 1 1126 681 66 158
person 1 1403 698 90 237
person 1 863 469 60 120
person 1 16 951 66 123
person 1 23 985 117 90
person 1 794 452 62 130
person 1 981 525 60 138
person 1 1190 628 90 205
