person 1 881 487 63 137
person 1 695 818 112 242
person 1 523 712 106 261
person 1 412 707 117 252
person 1 1433 516 60 96
person 1 905 599 87 191
person 1 1221 698 89 228
person 1 1037 444 46 120
person 1 1311 694 84 223
person 1 1039 644 86 179
person 1 1510 516 53 100
person 1 805 531 53 140
person 1 1020 492 61 142
person 1 1121 572 68 174
person 1 575 805 113 266
person 1 1577 653 78 200
person 1 1459 761 118 230
person 1 1075 588 65 160
person 1 1155 782 110 222
person 1 606 711 88 240
person 1 1096 666 65 151
person 1 1421 688 85 218
person 1 837 459 53 119
person 1 2 946 53 114
person 1 60 989 101 65
person 1 763 443 59 140
person 1 972 519 64 144
