person 1 881 495 64 150
person 1 633 862 111 225
person 1 557 682 102 252
person 1 414 680 112 238
person 1 1410 513 59 95
person 1 977 611 96 209
person 1 1011 442 47 120
person 1 1295 730 94 241
person 1 833 521 55 132
person 1 1136 663 85 186
person 1 1490 517 52 99
person 1 796 540 55 143
person 1 1007 503 64 145
person 1 515 843 115 240
person 1 1649 667 98 201
person 1 929 528 64 145
person 1 1201 773 115 236
person 1 1065 623 69 184
person 1 839 779 109 225
person 1 667 666 78 214
person 1 1165 686 67 164
person 1 1384 724 88 236
person 1 17 921 82 146
person 1 44 960 127 108
person 1 821 453 64 136
person 1 995 532 59 142
person 1 1761 750 93 222
person 1 1436 673 88 192
