person 1 878 498 61 149
person 1 591 897 114 191
person 1 577 657 95 239
person 1 454 656 104 224
person 1 1405 514 58 93
person 1 1050 634 92 202
person 1 1181 750 91 259
person 1 1004 443 48 122
person 1 1277 751 92 246
person 1 1487 521 51 102
person 1 800 544 60 152
person 1 445 889 117 202
person 1 1721 652 103 206
person 1 944 538 63 148
person 1 1010 772 114 234
person 1 1147 600 77 198
person 1 675 778 105 224
person 1 702 652 77 204
person 1 1002 535 55 137
person 1 1370 741 83 243
person 1 714 453 56 126
person 1 -5 885 105 181
person 1 78 926 125 145
person 1 846 455 60 130
person 1 992 617 77 189
person 1 1557 720 111 227
person 1 1547 679 95 192
person 1 1753 697 92 241
person 1 1459 659 113 215
person 1 1415 594 75 176
person 1 843 514 46 128
