person 1 896 503 64 152
person 1 574 919 109 172
person 1 603 641 97 236
person 1 480 648 103 229
person 1 1408 513 61 95
person 1 1084 638 108 220
person 1 1166 761 89 256
person 1 1009 444 47 121
person 1 1273 760 95 257
person 1 1493 521 52 100
person 1 811 550 58 152
person 1 1016 544 60 141
person 1 425 913 118 183
person 1 961 539 65 151
person 1 934 769 119 240
person 1 1150 630 78 195
person 1 613 793 96 213
person 1 731 651 79 207
person 1 1371 759 85 248
person 1 741 461 56 128
person 1 33 889 106 185
person 1 101 911 118 158
person 1 873 462 60 131
person 1 1005 621 71 178
person 1 1522 725 111 236
person 1 1633 678 98 194
person 1 1664 707 97 226
person 1 1435 596 77 182
person 1 1781 657 94 214
person 1 929 473 51 125
