person 1 876 491 64 148
person 1 641 852 112 232
person 1 539 693 102 253
person 1 404 688 115 242
person 1 1403 512 60 97
person 1 971 611 94 202
person 1 1197 717 92 247
person 1 1010 443 47 118
person 1 832 522 50 120
person 1 1112 667 85 189
person 1 1481 516 51 96
person 1 788 538 54 140
person 1 1008 500 63 142
person 1 523 845 113 240
person 1 1633 665 97 202
person 1 921 526 62 139
person 1 1247 768 113 231
person 1 1058 620 70 185
person 1 874 772 108 229
person 1 659 679 81 222
person 1 1388 709 88 232
person 1 26 968 126 104
person 1 815 452 62 131
person 1 985 525 58 136
person 1 1138 610 90 210
person 1 1791 757 87 220
