person 1 901 515 64 155
person 1 549 945 96 144
person 1 614 641 97 232
person 1 492 637 101 215
person 1 1415 509 60 96
person 1 1136 655 102 210
person 1 1140 782 96 271
person 1 1015 444 47 118
person 1 1253 767 107 265
person 1 1013 573 80 204
person 1 1496 514 52 100
person 1 827 574 54 141
person 1 360 926 131 160
person 1 1593 711 82 190
person 1 992 541 59 149
person 1 781 775 118 239
person 1 500 770 99 224
person 1 748 635 74 207
person 1 953 512 55 159
person 1 1367 786 89 257
person 1 760 464 62 133
person 1 48 865 116 210
person 1 159 881 116 184
person 1 856 547 51 118
person 1 1061 618 75 193
person 1 1404 721 104 228
person 1 1557 700 102 229
person 1 1479 599 80 185
person 1 1786 707 100 219
person 1 48 1003 97 66
person 1 1570 524 62 164
