person 1 879 496 63 150
person 1 626 868 111 219
person 1 555 677 101 252
person 1 415 681 112 239
person 1 1410 514 59 96
person 1 978 616 96 210
person 1 1008 442 47 120
person 1 1295 722 94 243
person 1 834 524 55 134
person 1 1146 658 90 193
person 1 1488 518 52 100
person 1 797 541 56 145
person 1 1003 511 61 141
person 1 508 854 113 230
person 1 1663 664 105 213
person 1 931 527 63 142
person 1 1142 777 115 230
person 1 1063 624 71 188
person 1 811 776 112 224
person 1 673 670 76 209
person 1 1163 687 66 164
person 1 1378 724 87 239
person 1 10 920 88 151
person 1 39 957 129 113
person 1 825 458 63 135
person 1 999 534 58 143
person 1 1710 748 101 222
person 1 1449 677 90 194
