person 1 880 501 61 149
person 1 607 883 114 209
person 1 566 671 99 245
person 1 437 668 104 227
person 1 1406 509 58 97
person 1 1028 626 97 208
person 1 1192 731 93 261
person 1 1005 441 47 118
person 1 1295 735 92 246
person 1 845 522 50 127
person 1 1150 657 92 198
person 1 1492 519 49 95
person 1 801 545 56 144
person 1 993 527 63 152
person 1 1082 595 81 200
person 1 481 870 115 218
person 1 1713 668 104 217
person 1 943 531 64 148
person 1 1068 767 117 234
person 1 1086 621 75 195
person 1 726 776 108 222
person 1 699 663 77 208
person 1 1379 740 84 237
person 1 688 440 62 135
person 1 6 900 95 161
person 1 49 933 126 125
person 1 834 452 63 135
person 1 1649 732 108 231
person 1 1520 680 87 185
person 1 1701 653 90 205
person 1 1827 698 76 234
