person 1 900 511 63 152
person 1 549 935 103 160
person 1 612 634 98 233
person 1 489 641 101 222
person 1 1412 511 61 97
person 1 1112 651 105 208
person 1 1153 767 96 277
person 1 1014 444 47 118
person 1 1251 781 101 248
person 1 1495 514 51 99
person 1 823 564 57 151
person 1 1048 540 59 140
person 1 369 930 128 165
person 1 1628 683 90 199
person 1 986 547 61 151
person 1 797 762 118 244
person 1 527 782 101 226
person 1 748 643 73 203
person 1 952 524 51 143
person 1 1374 771 91 261
person 1 763 466 60 131
person 1 56 870 109 194
person 1 148 896 109 168
person 1 1040 618 77 198
person 1 1431 720 94 217
person 1 1561 654 114 227
person 1 1575 704 96 228
person 1 1469 603 79 181
person 1 1812 682 110 246
person 1 51 1013 79 55
