person 1 881 491 63 137
person 1 699 814 112 242
person 1 520 719 106 261
person 1 413 714 117 252
person 1 1436 522 61 95
person 1 900 599 87 192
person 1 1220 695 89 228
person 1 1040 449 46 121
person 1 1311 696 85 223
person 1 1029 642 86 180
person 1 1514 522 53 99
person 1 807 534 53 139
person 1 1023 495 61 141
person 1 1118 573 68 174
person 1 581 801 113 265
person 1 1576 656 77 201
person 1 1465 768 118 229
person 1 1072 586 65 161
person 1 1158 789 109 222
person 1 613 707 90 240
person 1 1092 668 64 151
person 1 1422 693 85 219
person 1 838 463 52 120
person 1 4 950 53 114
person 1 52 998 103 65
person 1 758 444 58 140
person 1 972 523 64 144
