person 1 881 499 63 140
person 1 664 840 112 247
person 1 530 712 101 244
person 1 414 708 119 242
person 1 1423 520 59 96
person 1 920 608 96 205
person 1 1203 706 92 242
person 1 1024 449 49 123
person 1 1307 715 89 228
person 1 1059 659 87 187
person 1 1501 526 53 97
person 1 799 542 52 138
person 1 1013 504 62 140
person 1 1145 585 69 172
person 1 551 831 114 256
person 1 1598 661 85 204
person 1 921 524 64 144
person 1 1320 765 118 231
person 1 1028 614 73 185
person 1 1031 779 113 226
person 1 638 694 81 221
person 1 1112 677 66 157
person 1 1402 694 91 236
person 1 860 468 61 121
person 1 13 954 64 121
person 1 27 987 117 88
person 1 781 453 61 132
person 1 977 524 61 139
