person 1 878 496 63 150
person 1 619 869 112 217
person 1 553 674 102 252
person 1 415 680 111 239
person 1 1408 512 59 96
person 1 984 621 98 211
person 1 1005 441 47 120
person 1 1296 724 93 244
person 1 1160 658 91 197
person 1 1485 517 52 101
person 1 798 539 57 146
person 1 998 516 59 139
person 1 502 866 113 224
person 1 1679 662 107 219
person 1 932 529 62 141
person 1 1129 773 115 227
person 1 1067 621 71 190
person 1 799 774 111 223
person 1 681 673 76 206
person 1 1373 721 87 241
person 1 9 916 89 153
person 1 36 953 129 116
person 1 827 457 62 134
person 1 1698 747 102 221
person 1 1460 677 92 196
