person 1 880 505 61 148
person 1 580 905 111 183
person 1 584 655 97 240
person 1 456 657 106 227
person 1 1404 514 59 94
person 1 1058 637 100 212
person 1 1172 742 92 263
person 1 1004 444 49 123
person 1 1271 746 94 252
person 1 845 528 46 124
person 1 1488 523 50 98
person 1 803 551 59 153
person 1 1008 536 55 135
person 1 1150 606 76 194
person 1 438 886 117 197
person 1 1735 654 103 206
person 1 946 532 66 154
person 1 979 776 112 236
person 1 1123 638 77 195
person 1 651 788 102 219
person 1 705 651 77 202
person 1 1369 752 83 245
person 1 723 457 56 126
person 1 3 889 105 182
person 1 80 920 123 150
person 1 854 461 61 132
person 1 990 614 75 183
person 1 1529 730 109 222
person 1 1548 679 96 193
person 1 1719 704 96 235
person 1 1464 659 116 221
person 1 1420 593 78 184
