person 1 882 498 63 139
person 1 672 831 115 253
person 1 527 704 103 252
person 1 407 707 118 246
person 1 1426 523 60 96
person 1 914 602 90 200
person 1 1204 697 90 237
person 1 1029 450 48 122
person 1 1306 716 87 228
person 1 1048 646 89 186
person 1 1502 528 52 97
person 1 799 542 53 140
person 1 1014 507 61 139
person 1 1140 584 69 171
person 1 551 819 116 261
person 1 1591 659 83 202
person 1 919 525 62 141
person 1 1366 773 113 230
person 1 1063 783 111 225
person 1 627 689 83 224
person 1 855 464 61 122
person 1 13 954 59 118
person 1 36 984 115 83
person 1 771 453 60 136
person 1 975 523 62 141
