person 1 880 500 61 149
person 1 611 878 112 210
person 1 565 674 99 246
person 1 435 670 105 229
person 1 1408 509 58 97
person 1 1015 624 97 208
person 1 1193 732 94 261
person 1 1006 441 47 119
person 1 1297 733 92 246
person 1 844 520 51 128
person 1 1157 657 92 198
person 1 1492 519 49 96
person 1 801 545 56 144
person 1 994 527 63 150
person 1 1088 596 81 200
person 1 490 868 114 218
person 1 1703 666 105 217
person 1 942 531 64 147
person 1 1089 764 119 233
person 1 1078 618 74 194
person 1 748 776 109 223
person 1 696 666 77 208
person 1 1379 734 84 237
person 1 691 442 62 135
person 1 9 906 94 160
person 1 44 939 129 124
person 1 834 451 63 134
person 1 1670 734 107 230
person 1 1504 678 89 186
person 1 1686 651 90 205
person 1 1829 698 76 234
