person 1 882 498 63 140
person 1 663 838 114 253
person 1 527 706 103 251
person 1 406 706 120 246
person 1 1421 521 60 97
person 1 919 607 93 201
person 1 1201 704 90 237
person 1 1024 449 49 123
person 1 1306 714 89 228
person 1 1056 649 88 187
person 1 1498 527 53 96
person 1 797 542 53 140
person 1 1012 507 61 138
person 1 1147 584 69 172
person 1 546 826 115 262
person 1 1591 657 84 201
person 1 920 528 63 142
person 1 1332 771 119 231
person 1 1064 780 115 226
person 1 632 688 82 224
person 1 857 466 62 123
person 1 17 954 61 118
person 1 29 984 113 84
person 1 770 454 62 135
person 1 976 524 62 141
