person 1 881 495 64 150
person 1 634 862 111 224
person 1 559 682 101 252
person 1 415 680 112 238
person 1 1411 513 58 95
person 1 977 611 96 209
person 1 1012 442 47 120
person 1 1295 730 94 241
person 1 833 522 55 133
person 1 1136 662 85 185
person 1 1491 518 52 99
person 1 796 541 56 144
person 1 1008 504 64 146
person 1 515 843 115 240
person 1 1649 667 98 200
person 1 930 529 64 145
person 1 1196 773 116 237
person 1 1065 623 69 184
person 1 837 780 110 225
person 1 668 665 78 213
person 1 1164 686 66 164
person 1 1384 725 88 236
person 1 16 922 83 146
person 1 46 961 127 108
person 1 822 453 64 136
person 1 996 533 59 142
person 1 1757 749 95 222
person 1 1436 673 88 192
