person 1 883 503 62 140
person 1 655 848 110 243
person 1 533 712 99 241
person 1 420 700 118 240
person 1 1419 515 59 96
person 1 934 611 99 207
person 1 1206 710 92 245
person 1 1021 447 49 123
person 1 1086 666 86 187
person 1 1502 522 53 97
person 1 798 544 52 137
person 1 1015 505 63 141
person 1 1161 587 69 172
person 1 549 841 115 253
person 1 1613 667 88 206
person 1 930 525 64 146
person 1 1301 769 115 232
person 1 1039 619 69 186
person 1 976 780 105 227
person 1 657 690 79 219
person 1 1134 680 65 158
person 1 1402 703 89 237
person 1 863 471 59 120
person 1 17 947 67 123
person 1 22 983 116 90
person 1 795 453 62 130
person 1 982 527 59 138
person 1 1187 627 90 205
