person 1 878 501 61 149
person 1 582 904 114 191
person 1 581 655 96 239
person 1 456 653 105 224
person 1 1402 514 59 93
person 1 1065 641 95 202
person 1 1175 751 91 260
person 1 1003 443 48 122
person 1 1271 753 92 246
person 1 842 520 48 127
person 1 1485 521 51 102
person 1 803 547 59 152
person 1 1004 538 55 137
person 1 1144 602 78 198
person 1 436 889 118 202
person 1 1733 655 103 206
person 1 946 538 63 147
person 1 985 777 109 234
person 1 1125 632 77 198
person 1 662 782 105 223
person 1 705 647 77 204
person 1 1369 746 82 243
person 1 720 453 56 126
person 1 0 882 105 181
person 1 86 920 121 145
person 1 847 459 60 130
person 1 990 617 77 188
person 1 1534 722 111 228
person 1 1546 679 95 193
person 1 1723 699 97 242
person 1 1464 660 114 215
person 1 1425 597 75 176
