person 1 878 501 61 149
person 1 604 882 115 205
person 1 566 661 98 247
person 1 438 668 104 227
person 1 1406 512 57 95
person 1 1027 624 95 206
person 1 1190 728 90 256
person 1 1004 442 48 120
person 1 1290 734 93 247
person 1 845 523 50 127
person 1 1141 623 85 187
person 1 1488 518 51 99
person 1 799 546 57 144
person 1 992 527 62 153
person 1 1089 616 80 198
person 1 470 872 114 212
person 1 1727 673 100 206
person 1 940 529 65 152
person 1 1047 771 116 234
person 1 1093 622 77 195
person 1 719 773 109 226
person 1 697 663 77 205
person 1 1378 742 84 238
person 1 697 446 60 133
person 1 -1 897 99 168
person 1 62 933 125 130
person 1 837 457 61 131
person 1 1634 735 108 228
person 1 1521 683 87 187
person 1 1715 654 90 205
person 1 1808 710 74 226
