person 1 894 513 64 152
person 1 571 919 109 168
person 1 600 651 98 236
person 1 481 644 101 228
person 1 1406 515 60 95
person 1 1102 642 107 218
person 1 1164 766 93 262
person 1 1007 444 47 120
person 1 1267 763 95 255
person 1 1061 605 78 194
person 1 1491 522 51 98
person 1 809 558 58 152
person 1 1018 544 62 147
person 1 407 911 123 178
person 1 1680 719 90 187
person 1 968 544 65 152
person 1 897 772 118 243
person 1 1173 638 75 196
person 1 580 786 98 214
person 1 733 649 77 206
person 1 946 520 55 143
person 1 1371 765 88 255
person 1 743 467 56 129
person 1 36 880 110 192
person 1 108 904 116 164
person 1 873 470 61 133
person 1 1020 625 72 180
person 1 1494 733 100 221
person 1 1657 681 100 194
person 1 1624 706 99 231
person 1 1513 667 111 213
person 1 1436 599 78 183
person 1 1790 660 99 209
person 1 930 477 51 125
