person 1 898 511 63 152
person 1 559 930 103 160
person 1 610 635 98 233
person 1 489 643 101 222
person 1 1410 512 61 96
person 1 1113 646 103 209
person 1 1157 755 96 277
person 1 1013 443 47 118
person 1 1257 781 99 248
person 1 1494 515 52 98
person 1 821 559 57 152
person 1 1040 541 59 141
person 1 380 928 126 165
person 1 1655 683 89 198
person 1 981 547 62 152
person 1 822 767 119 244
person 1 538 778 100 225
person 1 745 645 74 203
person 1 949 525 52 143
person 1 1376 768 91 261
person 1 758 465 58 131
person 1 55 868 110 194
person 1 135 903 111 168
person 1 1037 619 78 198
person 1 1450 721 99 217
person 1 1578 653 115 226
person 1 1595 701 98 229
person 1 1461 600 78 182
person 1 1808 681 114 244
person 1 52 1011 78 55
