person 1 900 511 63 152
person 1 552 934 103 160
person 1 611 634 98 233
person 1 490 641 101 222
person 1 1411 511 61 97
person 1 1113 649 103 208
person 1 1154 762 96 277
person 1 1014 443 47 118
person 1 1253 781 100 248
person 1 1494 515 51 98
person 1 823 562 57 152
person 1 1045 540 59 140
person 1 373 929 126 165
person 1 1640 683 90 199
person 1 983 547 62 151
person 1 804 764 119 244
person 1 530 780 101 226
person 1 747 643 74 203
person 1 950 524 52 143
person 1 1374 770 91 261
person 1 763 465 59 131
person 1 57 866 109 194
person 1 144 897 111 168
person 1 1038 618 78 198
person 1 1437 720 98 217
person 1 1567 654 115 227
person 1 1581 703 97 228
person 1 1469 602 78 182
person 1 1810 682 113 245
person 1 55 1009 78 55
