person 1 892 520 63 152
person 1 571 920 107 167
person 1 601 653 99 236
person 1 482 645 102 227
person 1 1405 516 60 94
person 1 1109 640 104 217
person 1 1165 761 94 267
person 1 1006 444 47 119
person 1 1261 768 98 254
person 1 1057 607 72 195
person 1 1490 523 51 96
person 1 809 559 57 153
person 1 1025 546 63 149
person 1 396 915 128 176
person 1 1656 722 83 186
person 1 974 551 64 153
person 1 861 777 120 244
person 1 572 786 95 215
person 1 737 646 76 204
person 1 947 525 53 144
person 1 1373 774 89 258
person 1 747 469 55 130
person 1 41 873 111 196
person 1 113 902 114 167
person 1 872 475 62 135
person 1 1026 623 72 182
person 1 1454 736 102 211
person 1 1617 707 102 235
person 1 1486 667 115 212
person 1 1440 599 78 185
person 1 1797 664 101 207
person 1 48 1001 85 61
