person 1 898 508 65 153
person 1 571 924 110 171
person 1 604 642 97 235
person 1 486 643 102 229
person 1 1408 513 61 96
person 1 1097 645 109 220
person 1 1162 772 91 254
person 1 1009 445 47 120
person 1 1271 764 94 257
person 1 1492 521 52 101
person 1 811 555 58 152
person 1 1020 546 61 143
person 1 408 919 124 182
person 1 964 541 65 150
person 1 909 770 116 241
person 1 1170 637 75 196
person 1 589 792 98 212
person 1 737 651 78 208
person 1 1370 764 86 249
person 1 747 464 56 129
person 1 45 883 107 186
person 1 111 902 113 158
person 1 875 468 60 130
person 1 1017 628 71 177
person 1 1512 724 105 238
person 1 1651 680 100 194
person 1 1634 710 96 225
person 1 1439 599 77 181
person 1 1775 654 100 213
person 1 930 477 51 125
