person 1 884 507 61 148
person 1 576 908 110 180
person 1 589 652 97 240
person 1 460 659 106 228
person 1 1404 515 60 94
person 1 1066 639 103 215
person 1 1168 740 92 264
person 1 1005 446 49 123
person 1 1270 749 95 255
person 1 847 533 46 122
person 1 1489 525 49 97
person 1 805 553 59 154
person 1 1012 537 55 134
person 1 1153 608 75 192
person 1 435 893 117 195
person 1 947 533 67 157
person 1 957 779 114 236
person 1 1133 640 78 194
person 1 644 794 100 218
person 1 710 653 77 202
person 1 1368 758 83 245
person 1 728 458 55 126
person 1 11 891 105 182
person 1 83 919 122 152
person 1 859 464 61 133
person 1 992 613 74 181
person 1 1513 731 108 220
person 1 1716 706 96 232
person 1 1471 662 117 224
person 1 1423 593 79 187
person 1 1797 704 95 222
