person 1 879 500 61 149
person 1 584 902 114 191
person 1 579 656 95 239
person 1 456 654 104 224
person 1 1404 514 58 93
person 1 1061 639 93 202
person 1 1177 751 91 260
person 1 1003 443 48 122
person 1 1273 752 92 246
person 1 842 519 49 127
person 1 1486 521 51 102
person 1 802 546 60 152
person 1 1003 538 56 138
person 1 1138 605 78 197
person 1 439 891 117 202
person 1 1726 654 103 206
person 1 945 538 63 148
person 1 994 775 112 234
person 1 1133 621 77 198
person 1 666 780 105 223
person 1 704 649 77 204
person 1 995 529 54 136
person 1 1369 745 83 243
person 1 718 454 56 126
person 1 -2 883 105 181
person 1 84 922 124 145
person 1 847 458 60 130
person 1 991 617 77 189
person 1 1541 721 111 228
person 1 1547 679 95 193
person 1 1734 698 94 242
person 1 1463 660 113 215
person 1 1423 596 75 176
person 1 843 514 46 128
