person 1 880 496 62 150
person 1 615 874 114 217
person 1 554 672 102 253
person 1 419 676 111 240
person 1 1408 511 59 97
person 1 995 621 99 211
person 1 1005 440 47 120
person 1 1297 726 91 244
person 1 1161 656 92 198
person 1 1487 516 52 101
person 1 799 540 57 146
person 1 998 516 59 138
person 1 497 868 115 224
person 1 1693 663 107 220
person 1 936 529 62 140
person 1 1112 770 118 226
person 1 1074 621 70 190
person 1 781 773 111 223
person 1 687 669 77 206
person 1 1373 724 86 241
person 1 10 913 90 153
person 1 37 948 125 116
person 1 830 456 62 133
person 1 1695 744 103 221
person 1 1470 676 95 196
