person 1 895 519 62 152
person 1 566 925 107 167
person 1 605 648 99 236
person 1 484 643 102 227
person 1 1406 515 60 94
person 1 1112 641 104 217
person 1 1163 762 93 267
person 1 1008 443 47 119
person 1 1258 771 99 254
person 1 1057 604 72 195
person 1 1492 522 51 96
person 1 812 559 57 153
person 1 1033 548 63 149
person 1 387 919 129 176
person 1 1644 718 83 186
person 1 978 551 64 153
person 1 843 775 121 244
person 1 559 787 95 215
person 1 741 645 75 204
person 1 950 525 53 144
person 1 1375 773 89 258
person 1 751 470 55 130
person 1 47 870 111 196
person 1 122 900 114 167
person 1 874 474 62 135
person 1 1034 625 72 182
person 1 1455 735 103 211
person 1 1605 704 103 235
person 1 1491 666 115 212
person 1 1446 599 78 185
person 1 1799 663 102 207
person 1 54 997 85 61
