person 1 881 495 64 150
person 1 626 869 112 224
person 1 560 680 101 251
person 1 413 678 111 237
person 1 1408 514 58 94
person 1 983 613 96 210
person 1 1009 442 47 120
person 1 1291 729 94 241
person 1 834 524 55 134
person 1 1149 665 86 185
person 1 1488 518 52 100
person 1 797 542 56 144
person 1 1005 504 63 146
person 1 509 848 116 240
person 1 1660 669 98 200
person 1 930 528 64 146
person 1 1165 779 117 237
person 1 1068 626 69 184
person 1 828 779 112 224
person 1 670 663 78 213
person 1 1163 687 66 164
person 1 1378 729 87 237
person 1 20 918 84 146
person 1 47 957 125 108
person 1 824 456 64 137
person 1 998 534 58 143
person 1 1727 749 99 222
person 1 1443 677 88 192
