person 1 903 514 63 155
person 1 547 951 98 144
person 1 615 640 96 232
person 1 494 636 101 215
person 1 1417 508 60 96
person 1 1132 654 100 210
person 1 1136 781 96 271
person 1 1016 444 47 118
person 1 1255 771 108 265
person 1 1008 571 81 204
person 1 1497 513 52 100
person 1 828 574 54 141
person 1 355 933 133 160
person 1 1579 709 80 190
person 1 988 541 59 149
person 1 758 775 118 239
person 1 500 770 98 224
person 1 753 635 73 207
person 1 954 513 55 159
person 1 1365 789 89 257
person 1 762 465 62 133
person 1 51 860 116 210
person 1 166 878 114 184
person 1 858 546 50 118
person 1 1062 616 74 193
person 1 1399 726 106 228
person 1 1555 699 105 229
person 1 1486 599 79 185
person 1 1786 707 101 218
person 1 58 999 98 66
person 1 1571 524 62 164
