person 1 882 504 63 143
person 1 653 851 109 236
person 1 534 695 104 254
person 1 418 694 116 237
person 1 1415 513 59 95
person 1 949 606 98 205
person 1 1208 703 93 251
person 1 1021 446 50 126
person 1 835 517 51 129
person 1 1093 654 87 193
person 1 1494 517 54 100
person 1 797 549 54 139
person 1 1016 509 63 141
person 1 544 837 115 248
person 1 1625 666 93 211
person 1 931 527 62 142
person 1 1274 779 114 228
person 1 1047 624 67 179
person 1 936 781 108 229
person 1 666 684 82 226
person 1 1403 718 89 237
person 1 863 472 61 128
person 1 6 939 72 132
person 1 25 979 118 93
person 1 805 455 64 133
person 1 1156 615 89 207
person 1 1823 746 87 227
