person 1 882 504 63 142
person 1 654 850 108 237
person 1 534 697 104 253
person 1 418 694 117 238
person 1 1416 513 59 95
person 1 948 607 99 205
person 1 1208 704 93 250
person 1 1021 446 50 125
person 1 836 519 52 130
person 1 1092 655 87 192
person 1 1496 518 54 100
person 1 797 549 53 139
person 1 1016 509 63 141
person 1 545 838 114 249
person 1 1624 666 92 210
person 1 931 527 62 142
person 1 1276 778 113 228
person 1 1046 624 67 180
person 1 940 781 107 228
person 1 666 684 81 226
person 1 1403 717 89 237
person 1 862 472 62 128
person 1 7 940 71 131
person 1 24 979 118 93
person 1 804 454 64 133
person 1 1159 616 90 206
person 1 1824 747 87 227
