person 1 880 491 64 137
person 1 703 816 111 239
person 1 521 718 107 262
person 1 408 717 117 256
person 1 1436 524 60 93
person 1 885 592 91 198
person 1 1039 450 47 125
person 1 1307 692 89 224
person 1 939 598 79 188
person 1 1021 646 88 181
person 1 1519 524 52 98
person 1 808 529 52 134
person 1 1018 496 61 140
person 1 1110 576 66 171
person 1 592 809 107 254
person 1 1570 647 80 211
person 1 926 528 55 131
person 1 1485 771 114 224
person 1 1071 575 67 168
person 1 1208 644 83 209
person 1 1183 788 109 227
person 1 1085 671 62 146
person 1 1420 692 86 222
person 1 825 466 52 124
person 1 0 956 49 107
person 1 54 1004 87 52
person 1 757 447 56 137
