person 1 882 503 63 142
person 1 653 850 109 239
person 1 533 701 103 250
person 1 420 696 117 238
person 1 1418 514 59 95
person 1 944 608 99 206
person 1 1207 706 93 249
person 1 1021 446 50 125
person 1 840 521 53 132
person 1 1091 658 87 191
person 1 1499 519 54 99
person 1 797 548 53 139
person 1 1016 507 63 141
person 1 1163 588 69 172
person 1 545 839 114 250
person 1 1621 666 90 209
person 1 930 526 63 143
person 1 1283 776 114 229
person 1 1044 622 68 181
person 1 950 781 106 228
person 1 663 685 81 224
person 1 1136 681 65 158
person 1 1403 713 89 237
person 1 862 471 61 125
person 1 10 942 70 129
person 1 24 980 118 92
person 1 802 454 63 132
person 1 983 528 59 138
person 1 1167 619 90 206
