person 1 915 512 63 153
person 1 505 979 110 108
person 1 610 611 89 215
person 1 500 611 100 216
person 1 1425 504 60 92
person 1 1404 649 87 201
person 1 1100 795 110 288
person 1 1028 432 49 126
person 1 1238 791 112 269
person 1 976 568 79 195
person 1 1502 501 51 97
person 1 844 576 58 147
person 1 307 966 131 118
person 1 1493 700 84 184
person 1 1081 541 63 158
person 1 611 756 129 261
person 1 379 771 92 211
person 1 787 619 72 196
person 1 1361 796 99 272
person 1 778 466 58 136
person 1 106 825 121 244
person 1 228 855 112 213
person 1 1170 620 92 196
person 1 1437 689 103 221
person 1 1619 692 109 223
person 1 1537 610 77 173
person 1 1769 649 108 225
person 1 1530 538 56 137
person 1 1038 569 71 186
person 1 1677 759 74 137
person 1 736 444 55 118
person 1 1711 651 109 197
person 1 831 456 48 118
