person 1 920 526 61 157
person 1 475 1027 96 60
person 1 619 603 87 214
person 1 499 604 98 217
person 1 1438 504 59 95
person 1 1709 734 64 144
person 1 1098 818 107 267
person 1 1044 427 51 123
person 1 1239 834 111 253
person 1 987 564 76 197
person 1 1484 499 48 97
person 1 857 577 60 156
person 1 266 1030 108 80
person 1 1399 690 89 203
person 1 1129 552 61 157
person 1 466 770 125 240
person 1 322 758 97 223
person 1 797 614 74 195
person 1 1345 837 97 251
person 1 795 475 60 140
person 1 169 885 95 190
person 1 275 828 113 243
person 1 955 478 61 140
person 1 1157 588 73 187
person 1 1364 691 92 208
person 1 1505 683 117 231
person 1 1586 621 83 187
person 1 1766 734 87 193
person 1 1053 571 66 185
person 1 1655 685 100 201
person 1 1565 753 80 148
person 1 773 452 57 121
person 1 899 476 47 103
person 1 1833 652 100 214
person 1 1234 581 56 175
person 1 860 467 49 116
person 1 1204 681 90 205
