person 1 920 513 63 162
person 1 466 1006 125 94
person 1 616 609 88 210
person 1 504 606 99 213
person 1 1430 499 59 95
person 1 1087 805 108 281
person 1 1037 427 47 120
person 1 1250 818 109 268
person 1 983 563 79 192
person 1 1503 496 50 102
person 1 851 572 57 145
person 1 296 992 127 108
person 1 1443 693 89 201
person 1 1099 544 61 154
person 1 561 766 125 246
person 1 359 759 93 220
person 1 796 613 71 195
person 1 1347 818 98 266
person 1 787 469 58 135
person 1 126 815 117 248
person 1 258 844 110 220
person 1 940 464 60 138
person 1 1155 595 80 181
person 1 1381 684 102 225
person 1 1567 694 113 220
person 1 1556 605 83 179
person 1 1815 656 108 215
person 1 1046 566 68 183
person 1 1624 751 80 144
person 1 750 452 57 120
person 1 1770 651 106 216
person 1 844 457 50 118
person 1 1206 628 93 192
