person 1 911 542 66 173
person 1 579 576 85 205
person 1 1435 509 58 95
person 1 1022 889 107 198
person 1 1050 433 54 115
person 1 1154 918 122 185
person 1 996 573 70 203
person 1 885 603 61 167
person 1 1118 592 74 190
person 1 196 758 103 250
person 1 666 608 75 191
person 1 1289 917 104 180
person 1 809 498 57 144
person 1 265 861 110 203
person 1 359 793 103 253
person 1 990 495 68 135
person 1 1111 552 69 174
person 1 1517 657 92 200
person 1 1376 666 92 210
person 1 1774 686 114 226
person 1 1476 693 99 214
person 1 834 465 60 130
person 1 1193 575 57 182
person 1 897 478 60 126
person 1 1040 651 80 198
person 1 752 470 53 120
person 1 1057 512 51 119
person 1 1159 669 98 220
person 1 1650 658 83 203
