person 1 928 518 60 156
person 1 482 998 123 85
person 1 621 602 90 219
person 1 509 602 101 221
person 1 1435 503 59 95
person 1 1091 813 108 278
person 1 1044 427 48 118
person 1 1249 819 112 272
person 1 989 564 77 192
person 1 1496 498 48 98
person 1 851 576 60 153
person 1 282 1004 121 99
person 1 1424 697 83 186
person 1 1123 550 61 158
person 1 537 755 123 247
person 1 349 754 99 224
person 1 805 618 70 193
person 1 1346 813 101 271
person 1 798 468 60 139
person 1 157 809 114 236
person 1 267 843 108 222
person 1 948 466 60 139
person 1 1162 590 78 191
person 1 1377 681 95 220
person 1 1577 686 110 224
person 1 1577 619 83 189
person 1 1832 694 101 230
person 1 1061 568 67 185
person 1 1601 744 78 146
person 1 760 445 59 126
person 1 1801 660 100 208
person 1 1232 588 56 181
person 1 854 465 50 118
