person 1 925 517 60 157
person 1 489 999 119 85
person 1 619 605 91 218
person 1 507 604 102 220
person 1 1433 503 59 95
person 1 1090 807 108 278
person 1 1041 427 47 118
person 1 1250 814 112 272
person 1 987 565 78 192
person 1 1498 498 48 99
person 1 849 577 60 152
person 1 294 991 119 99
person 1 1439 698 83 187
person 1 1114 550 62 157
person 1 539 755 124 247
person 1 351 755 97 224
person 1 804 618 70 193
person 1 1346 810 100 270
person 1 795 468 60 139
person 1 144 814 113 237
person 1 261 847 109 222
person 1 946 463 60 139
person 1 1159 591 81 190
person 1 1387 681 97 221
person 1 1562 687 112 224
person 1 1570 617 85 189
person 1 1827 693 107 230
person 1 1055 569 67 184
person 1 1616 744 79 146
person 1 757 443 60 126
person 1 1796 660 101 208
person 1 1230 588 56 181
person 1 852 465 50 118
