person 1 909 535 64 165
person 1 599 595 80 197
person 1 1435 506 60 100
person 1 1058 866 108 220
person 1 1051 428 53 114
person 1 1185 878 119 213
person 1 988 573 70 198
person 1 882 593 60 166
person 1 1280 677 76 186
person 1 1112 589 75 189
person 1 195 761 93 225
person 1 716 604 72 196
person 1 1323 885 105 203
person 1 804 485 60 148
person 1 232 870 109 196
person 1 346 802 108 259
person 1 984 489 66 138
person 1 1067 539 70 175
person 1 1530 654 103 217
person 1 1390 667 100 215
person 1 1677 666 106 228
person 1 1540 722 94 196
person 1 1478 666 105 191
person 1 832 465 57 121
person 1 945 481 48 115
person 1 1219 583 53 172
person 1 890 470 55 119
person 1 1080 661 80 203
person 1 753 460 55 121
person 1 1048 503 54 128
person 1 1213 665 92 223
