person 1 916 552 66 174
person 1 563 572 79 197
person 1 1443 509 58 95
person 1 1007 920 108 174
person 1 1058 434 55 123
person 1 1146 932 122 165
person 1 897 612 67 173
person 1 1127 602 72 191
person 1 157 775 88 246
person 1 625 604 73 187
person 1 1277 941 109 153
person 1 821 503 60 146
person 1 280 846 117 224
person 1 384 781 101 247
person 1 1007 508 66 133
person 1 1063 586 70 188
person 1 1397 659 91 203
person 1 1421 685 88 206
person 1 1608 680 91 211
person 1 854 475 58 125
person 1 963 491 49 118
person 1 1193 586 59 187
person 1 908 486 58 119
person 1 991 645 81 200
person 1 752 476 49 115
person 1 1072 520 58 132
person 1 1141 669 86 215
person 1 1692 665 83 206
person 1 1415 508 45 98
person 1 865 586 53 145
person 1 793 477 51 120
