person 1 924 522 61 157
person 1 481 1024 103 68
person 1 621 594 90 220
person 1 505 597 99 219
person 1 1436 502 60 97
person 1 1678 725 64 145
person 1 1096 825 106 269
person 1 1045 426 50 123
person 1 1248 833 108 255
person 1 986 562 77 196
person 1 1490 496 49 100
person 1 851 568 61 156
person 1 281 1014 106 82
person 1 1405 679 95 215
person 1 1127 550 61 157
person 1 490 767 124 240
person 1 336 758 98 224
person 1 804 613 74 198
person 1 1345 820 99 262
person 1 796 474 59 138
person 1 163 811 120 249
person 1 269 829 113 237
person 1 953 472 61 142
person 1 1156 588 77 193
person 1 1368 681 92 209
person 1 1552 691 110 220
person 1 1580 618 78 176
person 1 1800 721 90 202
person 1 1058 569 67 186
person 1 1633 677 89 191
person 1 771 456 56 119
person 1 890 476 47 103
person 1 1233 577 58 182
person 1 862 465 48 115
person 1 1213 687 93 201
