person 1 921 527 64 160
person 1 617 595 85 211
person 1 493 594 95 210
person 1 1438 500 58 92
person 1 1101 840 105 251
person 1 1051 426 52 123
person 1 1235 838 114 248
person 1 991 567 71 192
person 1 1477 494 50 96
person 1 867 576 60 163
person 1 1382 692 86 192
person 1 1098 555 67 168
person 1 405 767 119 240
person 1 773 613 80 192
person 1 1341 841 99 242
person 1 802 479 58 138
person 1 177 798 137 250
person 1 310 819 112 252
person 1 969 476 60 132
person 1 1162 582 70 181
person 1 1446 680 109 217
person 1 1603 636 83 195
person 1 1697 727 88 184
person 1 1056 569 67 185
person 1 1523 741 83 151
person 1 914 471 53 123
person 1 1230 577 56 180
person 1 873 464 52 119
person 1 1180 665 87 218
person 1 756 453 55 123
person 1 1429 540 69 168
person 1 1034 484 55 136
