person 1 910 510 63 154
person 1 542 964 95 133
person 1 617 627 92 225
person 1 500 629 104 222
person 1 1421 505 59 92
person 1 1124 773 100 279
person 1 1019 437 48 122
person 1 1264 782 107 269
person 1 982 567 80 203
person 1 1499 511 52 97
person 1 836 563 58 153
person 1 345 952 129 146
person 1 1556 689 95 210
person 1 990 529 58 149
person 1 739 767 124 243
person 1 473 765 104 218
person 1 782 633 70 196
person 1 958 515 52 151
person 1 1363 799 89 253
person 1 777 464 60 133
person 1 78 839 115 214
person 1 187 875 110 185
person 1 862 539 50 121
person 1 1087 615 80 208
person 1 1450 673 109 200
person 1 1531 687 102 229
person 1 1728 711 117 215
person 1 1505 604 78 182
person 1 1807 761 68 150
person 1 91 981 105 73
person 1 1568 525 60 158
person 1 1206 645 100 228
