person 1 910 536 64 165
person 1 602 592 81 199
person 1 489 580 93 210
person 1 1439 505 60 99
person 1 1062 863 108 221
person 1 1052 428 53 115
person 1 1185 870 118 214
person 1 986 571 70 198
person 1 880 592 61 167
person 1 1294 677 76 188
person 1 1113 585 76 191
person 1 193 761 93 225
person 1 723 605 72 195
person 1 1327 885 104 205
person 1 804 482 60 147
person 1 229 874 109 194
person 1 339 802 109 261
person 1 983 489 66 138
person 1 1066 538 70 174
person 1 1525 649 104 216
person 1 1391 668 100 215
person 1 1675 665 100 223
person 1 1560 722 95 198
person 1 1441 745 80 139
person 1 831 464 57 122
person 1 943 481 48 115
person 1 1217 582 54 177
person 1 888 471 56 120
person 1 1087 658 80 203
person 1 754 460 55 120
person 1 1048 502 53 128
person 1 1222 666 92 222
