person 1 914 534 65 167
person 1 611 589 82 208
person 1 491 588 92 203
person 1 1440 504 57 91
person 1 1067 855 108 242
person 1 1050 428 53 119
person 1 1201 875 114 222
person 1 979 570 71 196
person 1 870 578 61 172
person 1 1322 674 91 216
person 1 1126 567 65 163
person 1 736 611 72 192
person 1 1325 865 104 228
person 1 802 483 58 141
person 1 218 878 102 184
person 1 321 803 112 262
person 1 976 485 64 138
person 1 1514 638 88 214
person 1 1396 671 104 221
person 1 1583 706 94 201
person 1 1036 567 68 190
person 1 1605 663 128 226
person 1 1473 751 73 132
person 1 929 480 48 115
person 1 1810 686 105 209
person 1 1219 574 58 190
person 1 884 469 53 117
person 1 1113 671 78 199
person 1 770 458 55 119
person 1 1051 493 51 122
