person 1 925 524 61 158
person 1 472 1027 104 68
person 1 621 594 89 220
person 1 504 597 99 219
person 1 1437 502 60 97
person 1 1693 728 64 145
person 1 1096 827 107 269
person 1 1047 426 51 124
person 1 1243 836 109 254
person 1 988 562 77 197
person 1 1485 495 49 101
person 1 854 570 61 156
person 1 275 1022 107 82
person 1 1394 679 95 216
person 1 1129 550 61 157
person 1 486 767 125 240
person 1 335 758 98 224
person 1 804 612 74 199
person 1 1344 826 100 261
person 1 797 475 59 138
person 1 169 810 120 250
person 1 275 826 112 237
person 1 955 474 61 142
person 1 1157 587 77 193
person 1 1367 687 92 209
person 1 1544 691 111 219
person 1 1585 620 78 175
person 1 1800 721 90 201
person 1 1061 569 67 186
person 1 1639 680 91 191
person 1 773 456 56 118
person 1 894 476 47 103
person 1 1234 576 58 182
person 1 866 466 48 115
person 1 1209 688 92 201
