person 1 913 538 64 165
person 1 605 582 82 204
person 1 491 582 94 209
person 1 1440 501 60 97
person 1 1066 869 106 227
person 1 1051 425 53 117
person 1 1187 870 116 219
person 1 983 568 71 200
person 1 876 584 61 170
person 1 1314 676 79 192
person 1 1111 574 78 196
person 1 730 609 72 192
person 1 1328 883 102 210
person 1 803 476 60 147
person 1 227 882 105 188
person 1 328 793 113 267
person 1 983 488 65 138
person 1 1059 533 68 172
person 1 1523 640 99 216
person 1 1391 669 101 215
person 1 1678 659 90 207
person 1 1595 714 97 203
person 1 1457 746 78 138
person 1 1214 575 58 189
person 1 884 469 57 123
person 1 1091 650 80 203
person 1 757 460 54 117
person 1 1234 669 91 219
