person 1 913 537 64 165
person 1 607 584 82 206
person 1 491 584 94 207
person 1 1440 502 59 95
person 1 1067 864 106 232
person 1 1051 427 53 118
person 1 1193 872 114 220
person 1 981 569 72 198
person 1 875 582 60 170
person 1 1316 675 83 200
person 1 1116 572 74 185
person 1 731 610 72 192
person 1 1328 877 101 216
person 1 802 479 60 145
person 1 223 881 104 187
person 1 326 796 113 265
person 1 981 487 64 138
person 1 1063 535 67 173
person 1 1521 639 92 215
person 1 1393 670 102 217
person 1 1676 659 89 206
person 1 1591 711 96 202
person 1 1035 567 68 190
person 1 1603 662 128 227
person 1 1464 747 76 136
person 1 930 480 48 115
person 1 1810 687 105 209
person 1 1216 575 58 189
person 1 885 470 55 121
person 1 1098 657 79 202
person 1 761 459 54 118
person 1 1052 494 50 121
