person 1 925 521 60 157
person 1 478 1016 108 74
person 1 621 597 90 219
person 1 506 599 100 219
person 1 1436 503 60 96
person 1 1679 725 64 148
person 1 1094 822 107 272
person 1 1046 427 50 122
person 1 1248 829 109 260
person 1 987 563 78 195
person 1 1491 497 49 100
person 1 851 572 61 155
person 1 281 1012 109 88
person 1 1411 685 91 205
person 1 1126 551 61 157
person 1 506 763 122 243
person 1 341 757 98 224
person 1 804 615 72 197
person 1 1345 819 99 265
person 1 797 472 60 138
person 1 163 810 118 245
person 1 270 834 112 232
person 1 952 470 61 141
person 1 1158 589 78 192
person 1 1371 681 92 213
person 1 1562 690 110 221
person 1 1581 619 80 180
person 1 1811 712 93 212
person 1 1060 569 67 185
person 1 1634 676 82 192
person 1 1596 743 78 146
person 1 768 452 57 121
person 1 890 476 47 104
person 1 1805 660 100 208
person 1 1233 581 57 181
person 1 860 466 49 116
person 1 1210 683 95 200
