person 1 919 526 62 156
person 1 472 1029 96 56
person 1 617 604 86 211
person 1 493 602 97 215
person 1 1442 504 59 94
person 1 1098 821 109 266
person 1 1047 427 51 123
person 1 1236 835 114 252
person 1 991 564 74 197
person 1 1478 498 49 95
person 1 865 583 59 157
person 1 1387 693 88 194
person 1 1134 552 64 158
person 1 450 770 120 239
person 1 324 757 93 223
person 1 786 615 79 192
person 1 1344 844 99 246
person 1 799 476 59 141
person 1 174 912 90 156
person 1 291 824 111 246
person 1 962 480 62 138
person 1 1161 586 71 183
person 1 1461 674 118 237
person 1 1600 623 83 194
person 1 1708 735 89 189
person 1 1054 571 67 184
person 1 1693 680 106 206
person 1 1534 752 83 149
person 1 776 450 57 123
person 1 1845 649 88 215
person 1 1236 583 55 171
person 1 864 466 51 116
person 1 1206 673 85 207
person 1 748 454 53 120
