person 1 906 537 67 173
person 1 582 577 84 203
person 1 1423 505 57 96
person 1 1043 890 107 208
person 1 1045 428 54 115
person 1 1173 896 123 201
person 1 993 570 69 198
person 1 883 593 61 168
person 1 1245 684 76 189
person 1 1113 585 77 193
person 1 170 759 93 227
person 1 685 609 70 189
person 1 1301 901 104 192
person 1 804 483 59 149
person 1 249 868 110 199
person 1 353 787 107 260
person 1 985 496 68 136
person 1 1082 543 71 178
person 1 1379 667 94 209
person 1 1728 676 108 217
person 1 1514 724 88 188
person 1 1438 735 84 151
person 1 830 461 58 124
person 1 1213 581 55 177
person 1 892 472 59 126
person 1 1066 658 80 202
person 1 750 465 54 121
person 1 1045 504 54 129
person 1 1172 665 92 219
person 1 1639 642 84 204
