person 1 918 526 62 157
person 1 474 1029 93 56
person 1 617 606 86 212
person 1 494 605 98 216
person 1 1440 505 59 95
person 1 1099 815 108 266
person 1 1045 427 51 123
person 1 1238 830 112 252
person 1 988 564 75 197
person 1 1481 499 48 96
person 1 863 584 60 157
person 1 1396 693 87 195
person 1 1131 553 62 158
person 1 455 769 123 239
person 1 323 757 95 223
person 1 791 615 76 193
person 1 1346 842 97 246
person 1 797 475 60 141
person 1 175 914 85 158
person 1 285 827 112 246
person 1 958 479 61 139
person 1 1159 587 72 184
person 1 1473 675 119 236
person 1 1593 623 84 193
person 1 1727 738 87 189
person 1 1052 572 66 185
person 1 1689 684 104 206
person 1 1546 753 82 149
person 1 775 450 58 122
person 1 1841 650 94 215
person 1 1236 584 55 172
person 1 863 467 50 116
person 1 1205 676 88 207
person 1 746 454 53 120
