person 1 924 533 64 161
person 1 618 594 85 211
person 1 494 593 95 210
person 1 1442 500 58 92
person 1 1094 850 106 249
person 1 1056 427 52 123
person 1 1234 846 115 248
person 1 989 568 71 191
person 1 1474 494 50 96
person 1 873 578 60 163
person 1 1367 692 85 192
person 1 1108 557 67 169
person 1 372 770 118 240
person 1 762 613 81 192
person 1 1336 851 100 241
person 1 806 480 58 137
person 1 193 783 139 261
person 1 323 813 111 253
person 1 974 480 60 132
person 1 1162 581 69 181
person 1 1424 679 108 215
person 1 1614 638 83 196
person 1 1689 730 89 183
person 1 1058 568 66 186
person 1 1490 741 83 151
person 1 922 473 53 124
person 1 1233 577 56 181
person 1 881 466 53 120
person 1 1176 658 86 219
person 1 765 456 55 123
person 1 1414 542 69 168
person 1 1045 487 55 136
