person 1 914 552 66 174
person 1 564 572 79 197
person 1 1442 509 58 95
person 1 1011 914 108 174
person 1 1057 434 55 123
person 1 1147 929 121 165
person 1 893 611 67 173
person 1 1129 602 72 191
person 1 155 775 89 247
person 1 630 606 73 187
person 1 1280 940 107 153
person 1 819 502 60 146
person 1 274 848 118 224
person 1 379 784 101 247
person 1 1004 507 67 133
person 1 1058 586 70 188
person 1 1396 659 91 203
person 1 1427 687 89 206
person 1 1596 678 93 211
person 1 851 475 58 125
person 1 961 491 49 118
person 1 1191 586 59 187
person 1 906 486 58 119
person 1 1001 645 81 200
person 1 750 476 49 115
person 1 1069 520 59 132
person 1 1143 669 87 215
person 1 1685 664 83 206
person 1 1413 508 46 98
person 1 864 583 53 145
person 1 791 477 50 120
