person 1 914 548 66 176
person 1 570 577 83 202
person 1 1442 507 57 95
person 1 1005 919 109 187
person 1 1052 433 55 119
person 1 1130 926 122 175
person 1 999 576 68 197
person 1 889 603 64 171
person 1 1125 593 73 192
person 1 145 765 101 255
person 1 644 604 73 188
person 1 1270 927 111 174
person 1 814 496 60 151
person 1 272 844 117 221
person 1 367 774 104 253
person 1 1000 504 68 134
person 1 1383 662 92 209
person 1 1822 693 107 221
person 1 1425 726 82 179
person 1 1589 666 105 216
person 1 848 466 60 132
person 1 976 498 51 118
person 1 1179 580 57 177
person 1 904 480 59 123
person 1 1018 646 81 197
person 1 747 468 54 128
person 1 1068 515 55 121
person 1 1145 667 94 218
person 1 1665 658 84 208
person 1 1411 504 47 100
person 1 863 581 51 137
person 1 792 464 51 126
