person 1 911 539 64 165
person 1 603 582 82 204
person 1 489 581 94 210
person 1 1439 502 60 98
person 1 1062 871 107 227
person 1 1052 426 53 117
person 1 1180 873 117 219
person 1 984 569 71 200
person 1 878 586 61 170
person 1 1303 675 78 191
person 1 1105 575 78 198
person 1 724 609 72 192
person 1 1327 888 103 210
person 1 804 478 60 147
person 1 231 877 105 188
person 1 333 792 113 267
person 1 985 489 65 138
person 1 1059 534 68 172
person 1 1526 641 101 216
person 1 1386 668 101 214
person 1 1693 663 90 207
person 1 1576 715 97 203
person 1 1449 745 79 138
person 1 1213 576 58 189
person 1 887 470 57 124
person 1 1087 650 80 203
person 1 759 461 54 117
person 1 1225 668 91 219
