person 1 915 532 66 167
person 1 611 593 83 208
person 1 492 589 92 203
person 1 1439 505 57 91
person 1 1070 850 106 242
person 1 1050 429 52 119
person 1 1208 875 110 222
person 1 978 570 71 196
person 1 868 576 61 172
person 1 1323 674 93 216
person 1 1130 568 65 164
person 1 739 612 75 192
person 1 1327 858 101 228
person 1 801 484 59 141
person 1 214 879 101 184
person 1 317 807 113 262
person 1 974 483 63 138
person 1 1510 637 90 214
person 1 1403 674 106 220
person 1 1601 706 95 201
person 1 1037 568 68 190
person 1 1606 663 124 226
person 1 1485 753 73 132
person 1 927 479 49 116
person 1 1811 686 99 209
person 1 1220 575 58 190
person 1 881 469 53 117
person 1 1116 675 78 199
person 1 768 458 54 119
person 1 1050 494 50 122
