person 1 917 526 62 156
person 1 474 1027 95 56
person 1 617 606 86 211
person 1 493 605 97 215
person 1 1440 505 59 94
person 1 1099 813 108 266
person 1 1044 427 51 123
person 1 1237 829 113 252
person 1 989 564 74 197
person 1 1480 499 49 95
person 1 861 585 59 157
person 1 1395 693 87 194
person 1 1131 552 63 158
person 1 455 768 121 239
person 1 321 757 93 223
person 1 789 615 78 192
person 1 1346 841 98 246
person 1 796 474 59 141
person 1 167 916 88 156
person 1 283 828 111 246
person 1 958 479 61 139
person 1 1160 587 71 183
person 1 1470 674 118 237
person 1 1593 624 83 194
person 1 1722 738 88 189
person 1 1051 571 67 184
person 1 1692 683 106 206
person 1 1544 753 83 149
person 1 773 449 57 123
person 1 1842 650 90 215
person 1 1234 583 55 171
person 1 860 467 51 116
person 1 1205 674 86 207
person 1 745 454 53 120
