person 1 914 515 63 153
person 1 509 979 105 109
person 1 610 617 89 217
person 1 501 614 101 217
person 1 1426 505 60 93
person 1 1388 649 85 194
person 1 1104 789 109 283
person 1 1027 433 49 124
person 1 1239 797 111 267
person 1 975 568 79 198
person 1 1502 502 52 99
person 1 842 573 58 147
person 1 309 968 130 119
person 1 1504 702 84 185
person 1 1075 540 62 157
person 1 626 758 131 255
person 1 384 772 94 213
person 1 788 620 72 196
person 1 1364 800 98 271
person 1 780 468 58 135
person 1 107 829 118 236
person 1 218 858 113 213
person 1 1165 619 87 192
person 1 1460 681 108 227
person 1 1646 696 109 221
person 1 1530 609 77 177
person 1 1772 656 103 222
person 1 1534 537 57 144
person 1 1039 570 71 186
person 1 1477 612 78 195
person 1 1694 763 73 138
person 1 728 444 55 118
person 1 845 479 49 107
person 1 1697 657 112 196
person 1 1229 583 55 180
person 1 824 454 49 120
