person 1 906 537 67 174
person 1 581 576 84 204
person 1 1422 505 57 96
person 1 1042 892 108 207
person 1 1045 428 54 115
person 1 1171 897 124 200
person 1 994 570 69 198
person 1 883 593 61 168
person 1 1244 685 76 189
person 1 1114 584 76 194
person 1 166 759 93 228
person 1 682 610 71 189
person 1 1299 902 105 191
person 1 805 483 59 149
person 1 251 867 110 200
person 1 354 786 107 260
person 1 985 496 68 136
person 1 1083 543 71 179
person 1 1379 667 93 208
person 1 1733 677 107 215
person 1 1514 725 87 187
person 1 1438 734 83 151
person 1 830 460 58 125
person 1 1212 581 55 178
person 1 892 472 60 126
person 1 1065 658 80 202
person 1 750 466 53 121
person 1 1045 503 54 129
person 1 1170 665 93 219
person 1 1639 643 84 204
