person 1 909 511 63 154
person 1 545 963 94 133
person 1 617 629 92 225
person 1 499 630 104 221
person 1 1420 505 59 92
person 1 1125 771 100 279
person 1 1018 437 48 122
person 1 1263 781 107 269
person 1 983 567 80 203
person 1 1498 512 52 97
person 1 835 562 58 153
person 1 348 951 128 146
person 1 1561 690 94 210
person 1 990 530 59 149
person 1 738 768 123 243
person 1 474 765 102 218
person 1 779 633 70 196
person 1 958 515 52 151
person 1 1363 799 89 253
person 1 774 464 60 133
person 1 75 840 115 214
person 1 184 878 111 185
person 1 861 538 51 121
person 1 1086 615 80 208
person 1 1447 672 108 200
person 1 1536 687 103 229
person 1 1728 711 117 215
person 1 1502 603 78 183
person 1 1807 761 68 150
person 1 85 983 105 73
person 1 1567 526 60 158
person 1 1205 644 100 228
