person 1 913 543 66 175
person 1 574 578 84 203
person 1 1440 508 58 95
person 1 1010 910 108 190
person 1 1051 434 55 117
person 1 1136 924 121 178
person 1 999 575 68 200
person 1 887 601 62 169
person 1 1122 593 74 191
person 1 167 761 106 255
person 1 651 604 75 190
person 1 1277 918 107 175
person 1 812 496 60 148
person 1 270 850 115 215
person 1 364 781 104 253
person 1 996 500 68 135
person 1 1116 554 68 173
person 1 1519 658 91 199
person 1 1380 664 92 210
person 1 1794 692 112 223
person 1 1449 712 89 194
person 1 1572 664 109 215
person 1 842 465 60 131
person 1 973 497 49 117
person 1 1183 577 56 179
person 1 901 477 59 124
person 1 1021 647 82 197
person 1 749 468 54 125
person 1 1065 515 53 120
person 1 1150 668 98 219
person 1 1657 658 85 206
