person 1 913 519 63 151
person 1 508 991 103 112
person 1 611 618 90 219
person 1 504 612 102 218
person 1 1429 503 60 93
person 1 1375 653 81 181
person 1 1103 791 106 274
person 1 1030 432 48 122
person 1 1240 807 108 261
person 1 972 566 81 201
person 1 1503 502 53 101
person 1 843 568 57 145
person 1 299 977 130 123
person 1 1492 701 85 187
person 1 656 759 128 244
person 1 386 768 97 217
person 1 795 617 72 195
person 1 1363 808 97 269
person 1 787 469 58 135
person 1 121 830 112 220
person 1 222 848 114 211
person 1 1153 614 82 185
person 1 1471 671 116 238
person 1 1664 699 107 217
person 1 1527 604 78 182
person 1 1545 533 61 155
person 1 1043 571 71 186
person 1 1472 612 77 194
person 1 727 445 54 117
person 1 844 479 49 107
person 1 1705 663 113 194
person 1 1228 584 55 180
person 1 822 451 51 125
