person 1 914 548 66 176
person 1 570 577 83 202
person 1 1442 507 57 95
person 1 1005 920 110 187
person 1 1052 433 55 119
person 1 1129 926 122 175
person 1 999 576 68 197
person 1 889 604 64 171
person 1 1125 593 73 192
person 1 145 765 100 255
person 1 643 604 72 188
person 1 1269 928 112 174
person 1 814 496 60 151
person 1 272 843 117 221
person 1 367 774 104 253
person 1 1001 504 68 134
person 1 1383 662 93 209
person 1 1824 693 106 220
person 1 1425 725 81 179
person 1 1590 666 104 216
person 1 848 467 60 132
person 1 976 498 51 118
person 1 1179 580 57 177
person 1 904 480 59 123
person 1 1017 646 81 197
person 1 747 469 53 128
person 1 1068 515 56 121
person 1 1145 667 94 218
person 1 1666 659 84 208
person 1 1411 504 47 100
person 1 863 581 51 137
person 1 792 464 51 126
