person 1 917 512 62 154
person 1 499 983 116 108
person 1 610 610 90 215
person 1 500 609 99 216
person 1 1426 503 60 92
person 1 1402 648 87 202
person 1 1096 797 110 288
person 1 1031 431 48 126
person 1 1240 797 113 270
person 1 977 566 79 195
person 1 1503 500 50 97
person 1 846 574 58 147
person 1 301 974 133 118
person 1 1479 700 85 184
person 1 1083 541 63 158
person 1 604 756 123 261
person 1 372 769 92 210
person 1 788 617 72 197
person 1 1358 801 100 272
person 1 779 466 59 136
person 1 108 822 119 245
person 1 234 852 110 213
person 1 1169 619 96 197
person 1 1418 688 101 220
person 1 1601 693 108 223
person 1 1545 609 78 173
person 1 1768 650 112 225
person 1 1524 538 57 137
person 1 1040 568 71 186
person 1 1661 759 75 137
person 1 739 445 56 118
person 1 1721 652 105 197
person 1 835 456 48 118
