person 1 910 510 63 154
person 1 541 965 95 133
person 1 618 627 92 225
person 1 500 628 104 222
person 1 1421 505 59 92
person 1 1124 773 100 279
person 1 1019 437 48 122
person 1 1264 782 106 269
person 1 982 566 80 203
person 1 1499 512 52 97
person 1 836 564 58 153
person 1 344 952 130 146
person 1 1554 689 96 210
person 1 989 529 58 149
person 1 739 767 125 243
person 1 473 764 105 218
person 1 782 633 70 196
person 1 958 514 53 151
person 1 1363 799 89 253
person 1 778 464 59 133
person 1 81 839 114 214
person 1 189 875 110 185
person 1 862 540 50 121
person 1 1088 615 80 208
person 1 1451 673 110 200
person 1 1530 687 102 229
person 1 1728 711 117 215
person 1 1509 605 78 182
person 1 1807 761 67 150
person 1 91 982 104 73
person 1 1568 525 61 158
person 1 1206 646 100 228
