person 1 909 536 64 166
person 1 593 594 81 196
person 1 1430 507 59 100
person 1 1051 874 111 219
person 1 1048 428 53 113
person 1 1178 885 125 212
person 1 991 573 69 198
person 1 883 595 61 165
person 1 1259 675 77 186
person 1 1107 590 75 187
person 1 208 756 93 225
person 1 708 604 69 197
person 1 1313 892 108 203
person 1 803 485 59 148
person 1 241 865 109 197
person 1 349 801 106 257
person 1 984 491 68 138
person 1 1067 540 71 176
person 1 1538 657 100 217
person 1 1387 665 98 215
person 1 1678 666 115 232
person 1 1520 721 91 195
person 1 1481 668 97 188
person 1 833 466 57 121
person 1 946 482 47 115
person 1 1217 584 53 170
person 1 891 471 56 118
person 1 1072 662 80 202
person 1 754 461 54 122
person 1 1046 504 54 129
person 1 1200 664 92 224
