person 1 926 517 60 157
person 1 490 999 120 85
person 1 620 605 91 219
person 1 507 604 101 221
person 1 1434 503 59 95
person 1 1090 807 108 278
person 1 1041 428 48 118
person 1 1250 815 112 272
person 1 987 565 78 192
person 1 1498 498 48 98
person 1 849 577 60 153
person 1 291 994 119 99
person 1 1437 698 83 186
person 1 1116 550 62 158
person 1 538 755 124 247
person 1 350 755 97 224
person 1 804 619 70 193
person 1 1346 810 100 271
person 1 795 468 60 139
person 1 148 813 113 237
person 1 261 847 109 222
person 1 946 464 60 139
person 1 1160 591 80 191
person 1 1387 681 96 220
person 1 1562 686 112 224
person 1 1572 618 85 189
person 1 1829 694 105 230
person 1 1056 569 67 184
person 1 1615 744 79 146
person 1 757 443 59 126
person 1 1799 660 101 208
person 1 1230 588 56 181
person 1 852 466 50 118
