person 1 915 513 63 153
person 1 506 979 107 108
person 1 610 613 89 216
person 1 500 612 100 217
person 1 1425 504 60 93
person 1 1399 649 87 199
person 1 1101 793 110 286
person 1 1028 432 49 125
person 1 1238 793 112 269
person 1 976 568 79 196
person 1 1502 501 51 98
person 1 844 575 58 147
person 1 307 967 130 118
person 1 1496 701 84 184
person 1 1080 541 62 158
person 1 614 756 131 259
person 1 380 771 93 211
person 1 787 619 72 196
person 1 1362 797 99 271
person 1 779 466 58 136
person 1 106 826 121 241
person 1 226 856 113 213
person 1 1170 620 90 195
person 1 1442 687 105 223
person 1 1626 693 109 222
person 1 1536 610 76 174
person 1 1770 651 106 224
person 1 1531 538 56 139
person 1 1038 569 71 186
person 1 1679 760 74 137
person 1 734 444 55 118
person 1 1707 652 111 196
person 1 829 456 48 119
