person 1 912 543 66 173
person 1 579 577 85 205
person 1 1437 509 58 95
person 1 1019 890 108 197
person 1 1051 434 54 115
person 1 1151 922 122 184
person 1 997 574 70 204
person 1 885 603 61 167
person 1 1118 593 74 190
person 1 201 757 105 253
person 1 664 607 76 191
person 1 1287 917 105 179
person 1 810 499 57 144
person 1 267 859 110 204
person 1 360 793 103 253
person 1 991 495 68 135
person 1 1113 553 68 174
person 1 1511 657 92 200
person 1 1376 666 92 210
person 1 1780 687 115 227
person 1 1473 689 101 217
person 1 835 466 60 131
person 1 1191 574 57 183
person 1 897 479 60 126
person 1 1035 651 80 197
person 1 752 470 52 120
person 1 1059 514 51 119
person 1 1158 670 99 220
person 1 1651 659 83 202
