person 1 924 522 60 157
person 1 481 1022 104 69
person 1 621 595 90 220
person 1 505 598 100 219
person 1 1436 502 60 96
person 1 1680 726 64 146
person 1 1095 825 106 270
person 1 1045 426 50 123
person 1 1248 832 108 256
person 1 986 562 78 196
person 1 1490 496 49 100
person 1 851 569 61 155
person 1 281 1014 106 83
person 1 1406 681 94 213
person 1 1127 550 61 157
person 1 495 766 123 241
person 1 338 757 98 224
person 1 804 614 73 198
person 1 1345 820 99 262
person 1 796 474 59 138
person 1 164 811 119 248
person 1 270 830 113 235
person 1 953 471 61 141
person 1 1157 588 78 192
person 1 1369 681 92 210
person 1 1555 690 110 220
person 1 1581 618 79 177
person 1 1803 719 91 205
person 1 1059 569 67 185
person 1 1634 677 86 192
person 1 770 455 56 119
person 1 890 476 47 103
person 1 1233 578 57 181
person 1 862 466 49 116
person 1 1211 686 94 201
