person 1 919 514 64 162
person 1 469 1006 122 94
person 1 615 609 88 210
person 1 503 607 99 213
person 1 1429 499 60 95
person 1 1087 805 108 281
person 1 1036 427 47 120
person 1 1249 817 110 268
person 1 983 564 79 192
person 1 1502 497 50 102
person 1 851 571 57 145
person 1 299 992 126 108
person 1 1445 693 89 201
person 1 1099 545 61 154
person 1 561 766 124 246
person 1 360 759 93 220
person 1 795 613 71 195
person 1 1347 818 98 266
person 1 786 469 58 135
person 1 126 816 117 248
person 1 256 844 111 220
person 1 940 464 60 138
person 1 1154 595 81 181
person 1 1381 685 102 225
person 1 1565 694 112 220
person 1 1555 605 83 179
person 1 1815 656 108 215
person 1 1045 566 68 183
person 1 1626 751 80 144
person 1 748 452 57 120
person 1 1768 651 107 216
person 1 843 456 50 118
person 1 1206 629 93 192
