person 1 914 519 63 151
person 1 510 991 101 112
person 1 612 620 90 219
person 1 504 613 102 218
person 1 1429 503 60 93
person 1 1374 654 81 181
person 1 1104 791 105 273
person 1 1030 432 48 122
person 1 1241 807 107 261
person 1 973 566 81 202
person 1 1503 503 54 101
person 1 843 567 57 145
person 1 302 977 128 123
person 1 1495 701 85 187
person 1 657 761 126 244
person 1 389 768 97 216
person 1 794 617 72 195
person 1 1363 808 97 269
person 1 787 469 58 135
person 1 120 832 112 220
person 1 219 849 115 211
person 1 1153 614 82 185
person 1 1474 671 117 237
person 1 1664 699 107 217
person 1 1527 604 78 182
person 1 1547 533 61 155
person 1 1043 572 71 186
person 1 1469 611 76 194
person 1 727 445 54 117
person 1 843 478 49 107
person 1 1699 664 113 194
person 1 1228 584 55 180
person 1 820 450 51 125
