person 1 915 552 65 174
person 1 565 573 80 197
person 1 1443 509 58 95
person 1 1012 914 106 174
person 1 1057 434 56 123
person 1 1147 928 119 165
person 1 893 611 66 173
person 1 1128 602 72 191
person 1 153 774 92 247
person 1 631 606 72 187
person 1 1281 940 105 154
person 1 820 502 59 147
person 1 274 848 118 224
person 1 379 782 101 247
person 1 1005 507 67 133
person 1 1059 585 71 188
person 1 1395 659 91 203
person 1 1427 689 90 205
person 1 1595 678 96 211
person 1 851 474 58 126
person 1 962 491 50 118
person 1 1190 585 59 186
person 1 908 486 57 119
person 1 1002 645 82 199
person 1 751 475 49 116
person 1 1070 520 59 131
person 1 1142 669 89 215
person 1 1684 664 83 206
person 1 1414 507 46 98
person 1 863 583 53 145
person 1 792 477 50 120
