person 1 914 519 63 151
person 1 506 991 105 112
person 1 610 619 90 219
person 1 504 612 101 218
person 1 1429 503 60 93
person 1 1372 653 80 181
person 1 1103 792 106 274
person 1 1031 432 48 122
person 1 1239 806 108 261
person 1 971 566 81 201
person 1 1504 502 53 101
person 1 843 568 57 145
person 1 296 978 132 123
person 1 1490 700 85 187
person 1 656 760 129 244
person 1 385 768 96 217
person 1 795 617 72 195
person 1 1363 808 97 269
person 1 787 470 57 135
person 1 122 830 111 220
person 1 223 848 113 211
person 1 1153 614 82 185
person 1 1470 671 114 238
person 1 1664 699 107 217
person 1 1527 605 79 182
person 1 1545 534 61 155
person 1 1043 571 71 186
person 1 1472 612 77 194
person 1 727 445 54 117
person 1 844 479 49 107
person 1 1707 663 113 194
person 1 1229 584 55 180
person 1 823 451 51 125
