person 1 924 525 61 158
person 1 467 1029 106 68
person 1 621 595 89 220
person 1 503 598 99 219
person 1 1438 503 60 97
person 1 1698 731 65 146
person 1 1096 828 107 269
person 1 1046 426 51 124
person 1 1241 839 110 254
person 1 989 563 76 197
person 1 1482 496 50 101
person 1 855 570 60 156
person 1 268 1027 110 82
person 1 1389 680 94 217
person 1 1130 551 61 157
person 1 485 768 127 240
person 1 333 759 98 224
person 1 804 612 75 199
person 1 1344 831 100 261
person 1 797 475 59 138
person 1 167 812 120 250
person 1 275 825 111 237
person 1 956 476 61 142
person 1 1158 587 76 193
person 1 1367 690 92 209
person 1 1540 692 112 219
person 1 1587 622 79 175
person 1 1798 721 90 201
person 1 1061 570 66 186
person 1 1640 683 94 191
person 1 773 457 56 118
person 1 897 476 47 103
person 1 1233 577 59 182
person 1 867 467 48 115
person 1 1208 689 90 201
