person 1 913 538 64 165
person 1 605 582 82 205
person 1 490 582 94 209
person 1 1440 502 60 97
person 1 1066 868 106 228
person 1 1051 426 53 118
person 1 1189 870 115 219
person 1 982 568 72 199
person 1 876 583 61 170
person 1 1314 676 80 194
person 1 1112 574 77 193
person 1 729 610 72 192
person 1 1328 881 101 212
person 1 802 478 60 146
person 1 226 881 105 188
person 1 328 794 113 266
person 1 982 488 64 138
person 1 1060 534 67 172
person 1 1523 639 96 215
person 1 1392 669 101 215
person 1 1678 659 89 207
person 1 1594 713 96 203
person 1 1459 747 78 138
person 1 1214 575 58 189
person 1 885 469 56 123
person 1 1093 652 80 203
person 1 758 459 54 118
person 1 1234 669 91 219
