person 1 913 549 66 174
person 1 568 575 81 199
person 1 1442 507 57 95
person 1 1013 914 106 178
person 1 1054 432 55 121
person 1 1142 918 119 168
person 1 999 577 68 197
person 1 889 606 65 172
person 1 1127 597 72 191
person 1 151 770 96 250
person 1 639 606 72 188
person 1 1280 931 105 161
person 1 816 499 59 148
person 1 270 848 118 223
person 1 372 779 102 249
person 1 1001 505 67 134
person 1 1058 580 73 187
person 1 1389 662 91 205
person 1 1830 694 106 220
person 1 1435 704 88 196
person 1 1583 672 100 213
person 1 848 471 58 128
person 1 966 492 50 118
person 1 1187 582 59 183
person 1 904 483 58 121
person 1 1008 644 82 199
person 1 749 472 50 120
person 1 1066 516 58 128
person 1 1146 667 91 216
person 1 1670 660 83 206
person 1 1412 505 46 99
person 1 862 581 53 142
person 1 792 471 50 122
