person 1 916 532 65 167
person 1 612 593 82 208
person 1 492 589 92 203
person 1 1439 505 57 91
person 1 1071 850 108 242
person 1 1049 429 53 119
person 1 1209 876 113 222
person 1 978 570 71 196
person 1 868 576 61 172
person 1 1323 674 91 216
person 1 1132 568 65 163
person 1 742 612 73 192
person 1 1326 857 103 228
person 1 801 484 59 141
person 1 213 881 102 184
person 1 317 807 112 262
person 1 974 483 64 138
person 1 1511 637 88 214
person 1 1403 674 105 221
person 1 1599 705 95 201
person 1 1037 568 68 190
person 1 1607 662 127 226
person 1 1485 753 73 132
person 1 927 479 48 115
person 1 1810 686 104 209
person 1 1220 575 58 190
person 1 881 468 53 117
person 1 1116 675 78 199
person 1 768 458 55 119
person 1 1050 494 50 122
