person 1 915 551 65 174
person 1 566 573 80 198
person 1 1443 508 58 95
person 1 1013 914 105 175
person 1 1056 433 56 122
person 1 1146 926 119 166
person 1 893 609 65 172
person 1 1128 601 72 191
person 1 152 773 94 248
person 1 633 606 72 188
person 1 1281 937 104 156
person 1 819 501 59 147
person 1 274 847 118 224
person 1 378 780 102 248
person 1 1004 506 67 134
person 1 1059 584 72 188
person 1 1394 660 91 204
person 1 1429 693 90 202
person 1 1593 676 97 211
person 1 851 473 58 126
person 1 963 491 50 118
person 1 1189 584 59 186
person 1 907 485 57 120
person 1 1003 645 82 199
person 1 750 475 49 117
person 1 1069 518 59 131
person 1 1143 668 90 216
person 1 1680 663 83 206
person 1 1413 507 46 99
person 1 863 583 53 144
person 1 792 475 49 121
