person 1 908 510 63 154
person 1 538 958 96 130
person 1 616 625 92 227
person 1 498 625 104 221
person 1 1421 507 59 93
person 1 1125 783 100 275
person 1 1019 436 48 122
person 1 1262 782 105 265
person 1 981 564 80 203
person 1 1496 510 54 101
person 1 834 566 58 151
person 1 344 944 129 142
person 1 1561 694 92 201
person 1 990 528 58 149
person 1 723 767 123 242
person 1 448 769 101 212
person 1 783 633 69 193
person 1 959 514 52 147
person 1 1362 786 94 268
person 1 775 468 58 131
person 1 83 846 116 219
person 1 185 875 114 193
person 1 859 543 50 122
person 1 1108 621 79 198
person 1 1454 672 112 207
person 1 1508 697 99 221
person 1 1715 710 114 216
person 1 1512 606 78 182
person 1 1808 765 65 146
person 1 94 980 105 74
person 1 1562 527 59 153
person 1 1207 647 100 228
