person 1 923 530 64 161
person 1 618 595 85 211
person 1 494 593 95 210
person 1 1440 500 59 92
person 1 1097 846 106 251
person 1 1054 427 52 123
person 1 1235 843 115 248
person 1 989 568 71 191
person 1 1476 494 50 96
person 1 871 577 60 163
person 1 1374 693 86 192
person 1 1104 556 67 168
person 1 390 768 118 240
person 1 768 613 80 192
person 1 1338 846 100 242
person 1 804 480 58 138
person 1 185 793 137 253
person 1 316 816 111 252
person 1 972 478 60 132
person 1 1162 582 69 181
person 1 1437 680 109 216
person 1 1608 636 83 195
person 1 1697 729 89 184
person 1 1057 569 67 186
person 1 1505 742 83 151
person 1 918 473 53 123
person 1 1232 578 56 181
person 1 878 465 53 120
person 1 1179 661 86 218
person 1 761 455 55 123
person 1 1422 541 69 168
person 1 1040 485 55 136
