person 1 915 513 64 161
person 1 480 999 112 95
person 1 612 610 88 211
person 1 501 608 98 214
person 1 1427 500 60 94
person 1 1091 803 108 282
person 1 1031 428 47 121
person 1 1244 812 111 268
person 1 979 565 78 193
person 1 1502 498 51 101
person 1 848 569 57 146
person 1 303 982 125 109
person 1 1463 695 90 199
person 1 1091 544 62 155
person 1 570 767 121 248
person 1 365 760 94 219
person 1 790 614 71 196
person 1 1352 814 98 267
person 1 781 469 58 135
person 1 118 824 119 248
person 1 245 847 112 219
person 1 936 465 58 138
person 1 1154 599 86 183
person 1 1391 683 102 224
person 1 1560 693 109 220
person 1 1548 602 81 178
person 1 1806 656 108 217
person 1 1039 567 69 184
person 1 1646 756 78 143
person 1 742 452 57 119
person 1 1746 650 111 214
person 1 838 454 49 118
person 1 1202 629 93 192
