person 1 915 532 66 167
person 1 611 595 83 208
person 1 492 590 92 203
person 1 1439 505 57 91
person 1 1073 848 105 242
person 1 1049 429 52 119
person 1 1214 872 108 222
person 1 979 570 72 195
person 1 867 576 62 172
person 1 1327 674 93 216
person 1 1131 568 65 164
person 1 742 612 77 192
person 1 1328 856 99 228
person 1 800 485 59 141
person 1 212 878 101 186
person 1 316 809 113 262
person 1 973 483 63 137
person 1 1507 636 91 214
person 1 1405 675 107 220
person 1 1607 707 96 200
person 1 1038 568 68 190
person 1 1603 663 122 226
person 1 1488 753 73 132
person 1 928 479 49 116
person 1 1809 685 96 209
person 1 1220 575 58 190
person 1 880 469 52 118
person 1 1120 675 78 200
person 1 767 458 54 120
person 1 1049 493 50 122
