person 1 910 540 64 165
person 1 603 582 83 204
person 1 489 581 93 210
person 1 1439 503 60 98
person 1 1059 871 109 227
person 1 1052 427 54 117
person 1 1178 873 119 219
person 1 985 570 71 200
person 1 879 588 62 170
person 1 1299 674 77 191
person 1 1103 575 78 198
person 1 723 608 72 192
person 1 1326 890 105 210
person 1 804 479 59 147
person 1 232 874 106 188
person 1 336 791 112 267
person 1 985 490 66 138
person 1 1060 535 69 172
person 1 1526 642 105 216
person 1 1385 668 101 214
person 1 1700 665 90 207
person 1 1567 715 98 203
person 1 1444 745 80 139
person 1 1213 577 58 189
person 1 888 471 57 124
person 1 1086 650 80 204
person 1 760 461 54 117
person 1 1223 669 91 219
