person 1 907 540 67 174
person 1 577 573 84 205
person 1 1420 507 57 95
person 1 1029 895 109 207
person 1 1045 429 54 115
person 1 1160 907 128 200
person 1 998 572 69 198
person 1 884 599 61 169
person 1 1231 685 74 189
person 1 1111 585 76 194
person 1 163 758 92 228
person 1 669 611 74 188
person 1 1288 916 107 191
person 1 807 487 59 149
person 1 263 861 109 200
person 1 356 785 106 261
person 1 988 498 68 135
person 1 1095 547 70 179
person 1 1373 665 92 208
person 1 1758 682 107 214
person 1 1490 728 87 187
person 1 1433 734 81 151
person 1 833 461 58 125
person 1 1203 581 56 179
person 1 894 475 60 127
person 1 1064 659 80 202
person 1 751 471 53 121
person 1 1046 505 55 129
person 1 1161 667 96 218
person 1 1643 650 84 204
