person 1 909 512 63 154
person 1 531 960 97 129
person 1 615 623 92 227
person 1 498 620 104 221
person 1 1422 507 60 93
person 1 1122 791 100 273
person 1 1021 434 49 122
person 1 1260 786 104 263
person 1 982 563 80 203
person 1 1496 509 55 103
person 1 834 567 58 151
person 1 338 944 130 141
person 1 1549 695 90 197
person 1 712 768 122 242
person 1 433 769 100 210
person 1 789 629 69 192
person 1 961 514 51 146
person 1 1362 785 96 273
person 1 777 468 58 131
person 1 92 846 116 220
person 1 189 869 114 197
person 1 859 544 50 122
person 1 1116 624 80 194
person 1 1467 670 113 210
person 1 1485 700 99 218
person 1 1707 709 112 216
person 1 1520 607 78 182
person 1 1562 526 58 151
person 1 1043 573 71 184
person 1 1428 614 72 186
person 1 1740 765 80 151
person 1 1164 602 75 186
person 1 707 438 54 121
person 1 1839 688 78 209
