person 1 913 542 66 176
person 1 573 578 84 203
person 1 1442 507 57 95
person 1 1010 912 108 187
person 1 1051 433 55 118
person 1 1134 923 121 175
person 1 998 575 68 198
person 1 888 598 63 170
person 1 1123 593 73 192
person 1 150 764 103 255
person 1 651 602 73 189
person 1 1274 914 109 174
person 1 812 494 60 150
person 1 268 847 117 221
person 1 364 776 104 253
person 1 996 501 68 134
person 1 1382 663 92 209
person 1 1799 693 109 221
person 1 1441 726 83 180
person 1 1579 663 106 216
person 1 844 464 60 132
person 1 974 497 50 118
person 1 1182 579 56 178
person 1 902 476 59 124
person 1 1021 646 81 197
person 1 748 465 54 127
person 1 1065 513 54 121
person 1 1148 667 96 219
person 1 1658 657 85 207
person 1 1413 504 47 100
person 1 863 577 51 137
person 1 790 459 51 126
