person 1 912 520 63 152
person 1 517 988 99 112
person 1 614 623 89 219
person 1 503 615 102 218
person 1 1428 504 60 93
person 1 1372 654 82 181
person 1 1106 790 105 273
person 1 1028 432 48 122
person 1 1245 806 106 261
person 1 976 567 81 202
person 1 1502 504 54 101
person 1 842 565 57 146
person 1 312 974 127 123
person 1 1507 703 85 187
person 1 659 763 125 244
person 1 400 768 98 216
person 1 793 618 71 195
person 1 1362 808 97 269
person 1 785 469 58 134
person 1 115 837 112 220
person 1 211 850 116 211
person 1 1151 615 83 185
person 1 1484 672 118 237
person 1 1664 700 107 217
person 1 1525 603 78 182
person 1 1551 533 61 155
person 1 1042 573 71 186
person 1 1462 609 76 194
person 1 723 446 53 117
person 1 839 478 49 107
person 1 1681 665 113 194
person 1 1227 585 55 180
person 1 814 450 51 125
