person 1 914 552 66 174
person 1 564 572 79 197
person 1 1443 509 58 95
person 1 1011 915 107 174
person 1 1057 434 55 123
person 1 1147 929 120 165
person 1 893 611 66 173
person 1 1129 602 72 191
person 1 154 775 91 247
person 1 630 606 73 187
person 1 1281 940 106 154
person 1 819 502 60 147
person 1 275 848 118 224
person 1 380 783 101 247
person 1 1005 507 67 133
person 1 1059 586 71 188
person 1 1395 659 91 203
person 1 1427 687 89 206
person 1 1596 678 94 211
person 1 852 475 58 125
person 1 962 491 49 118
person 1 1191 586 59 187
person 1 907 486 57 119
person 1 1001 645 82 200
person 1 751 476 49 115
person 1 1070 520 59 132
person 1 1143 669 88 215
person 1 1685 664 83 206
person 1 1414 508 46 98
person 1 864 584 53 145
person 1 792 477 50 120
