person 1 924 532 64 161
person 1 618 595 85 211
person 1 494 593 95 210
person 1 1441 500 59 92
person 1 1094 848 107 251
person 1 1055 427 52 123
person 1 1235 844 115 248
person 1 989 568 71 191
person 1 1475 494 50 96
person 1 872 578 60 163
person 1 1370 692 85 192
person 1 1108 556 67 168
person 1 381 769 118 240
person 1 764 613 81 192
person 1 1336 849 100 242
person 1 805 479 58 137
person 1 191 791 136 255
person 1 320 815 111 252
person 1 973 479 60 132
person 1 1161 581 69 181
person 1 1431 680 109 216
person 1 1611 636 83 195
person 1 1694 729 89 184
person 1 1058 569 66 186
person 1 1497 742 83 151
person 1 920 473 52 123
person 1 1233 578 56 181
person 1 880 466 53 120
person 1 1178 659 85 218
person 1 763 455 55 123
person 1 1417 541 69 168
person 1 1043 486 55 136
