person 1 920 526 64 159
person 1 472 1030 94 54
person 1 617 598 86 211
person 1 493 596 96 212
person 1 1440 501 59 93
person 1 1099 833 106 256
person 1 1049 426 52 123
person 1 1236 837 114 250
person 1 990 566 72 193
person 1 1478 495 50 96
person 1 866 578 60 161
person 1 1383 692 87 193
person 1 1111 554 66 164
person 1 421 768 120 240
person 1 322 757 93 223
person 1 777 614 79 192
person 1 1343 842 99 243
person 1 801 478 58 139
person 1 173 835 124 220
person 1 303 820 112 250
person 1 967 477 60 135
person 1 1161 583 70 182
person 1 1451 678 112 224
person 1 1602 631 83 195
person 1 1701 730 88 185
person 1 1055 570 67 185
person 1 1700 681 107 207
person 1 1526 745 83 150
person 1 777 449 57 123
person 1 912 472 54 121
person 1 1848 649 89 215
person 1 1232 579 56 177
person 1 870 465 52 118
person 1 1188 668 87 214
person 1 753 454 54 122
