person 1 916 512 63 154
person 1 503 978 112 108
person 1 610 610 89 215
person 1 500 611 100 216
person 1 1425 504 60 92
person 1 1405 649 87 202
person 1 1100 796 110 288
person 1 1029 432 49 126
person 1 1238 791 112 270
person 1 977 568 79 195
person 1 1503 501 50 97
person 1 844 576 58 147
person 1 306 966 132 118
person 1 1492 700 84 184
person 1 1081 541 63 158
person 1 610 756 127 261
person 1 379 771 92 210
person 1 787 619 72 197
person 1 1361 796 100 272
person 1 778 466 58 136
person 1 106 824 121 244
person 1 228 855 111 213
person 1 1170 620 93 197
person 1 1435 689 102 221
person 1 1616 692 109 223
person 1 1538 610 77 173
person 1 1768 649 110 225
person 1 1530 538 56 137
person 1 1038 568 71 186
person 1 1676 758 74 137
person 1 736 445 56 118
person 1 1713 650 108 197
person 1 831 456 48 118
