person 1 916 553 66 174
person 1 561 575 78 196
person 1 1445 511 58 95
person 1 1007 923 105 166
person 1 1059 436 54 121
person 1 1149 942 117 156
person 1 901 607 69 177
person 1 1174 674 77 202
person 1 1131 599 70 185
person 1 160 775 88 248
person 1 616 602 72 186
person 1 1277 936 109 152
person 1 824 504 60 146
person 1 288 844 119 226
person 1 388 778 102 249
person 1 1009 505 68 137
person 1 1062 580 72 194
person 1 1398 659 91 203
person 1 1420 685 86 203
person 1 1615 682 91 212
person 1 1393 720 94 179
person 1 857 477 57 124
person 1 963 491 49 118
person 1 1198 585 59 186
person 1 914 485 59 123
person 1 986 641 82 202
person 1 752 474 51 120
person 1 1073 521 57 130
person 1 1133 671 85 211
person 1 1684 667 86 206
person 1 1415 508 45 98
person 1 867 596 50 135
person 1 793 475 52 123
