person 1 912 519 63 152
person 1 517 987 97 113
person 1 614 623 89 220
person 1 503 615 102 219
person 1 1428 504 60 93
person 1 1369 654 83 181
person 1 1107 791 105 273
person 1 1029 432 48 122
person 1 1246 805 105 262
person 1 976 567 81 202
person 1 1502 504 54 101
person 1 841 565 57 146
person 1 313 972 125 125
person 1 1509 702 86 188
person 1 661 764 124 243
person 1 401 768 98 216
person 1 794 619 71 195
person 1 1362 806 96 270
person 1 785 469 58 134
person 1 115 837 113 220
person 1 210 851 116 210
person 1 1148 616 83 186
person 1 1481 672 118 234
person 1 1666 700 106 217
person 1 1525 603 78 182
person 1 1552 532 61 155
person 1 1042 573 71 185
person 1 1460 609 75 193
person 1 723 445 53 118
person 1 839 478 49 107
person 1 1681 665 113 194
person 1 1227 585 55 180
person 1 815 450 51 125
