person 1 922 515 62 159
person 1 480 1001 119 88
person 1 616 608 90 215
person 1 505 608 101 218
person 1 1430 502 59 95
person 1 1090 801 107 279
person 1 1037 427 47 119
person 1 1248 813 111 270
person 1 984 564 78 192
person 1 1501 497 49 100
person 1 848 573 59 150
person 1 301 990 121 102
person 1 1450 697 85 192
person 1 1104 546 62 156
person 1 546 760 125 247
person 1 353 756 95 222
person 1 798 617 70 194
person 1 1346 812 99 269
person 1 790 468 59 137
person 1 132 817 114 241
person 1 256 849 110 221
person 1 942 463 60 138
person 1 1156 592 81 187
person 1 1385 681 100 222
person 1 1566 691 113 222
person 1 1560 611 85 185
person 1 1819 680 109 225
person 1 1048 566 68 184
person 1 1623 747 80 145
person 1 751 446 59 123
person 1 1774 653 103 211
person 1 1228 588 55 180
person 1 844 461 50 118
person 1 1207 628 93 192
