person 1 924 516 61 157
person 1 487 1000 118 86
person 1 618 606 91 217
person 1 506 605 101 220
person 1 1433 502 59 95
person 1 1090 805 108 279
person 1 1040 427 47 119
person 1 1250 814 111 271
person 1 986 565 78 192
person 1 1500 497 48 99
person 1 849 576 60 152
person 1 297 991 119 100
person 1 1442 698 84 188
person 1 1111 548 62 157
person 1 540 757 125 247
person 1 351 755 96 223
person 1 802 618 70 194
person 1 1346 811 100 270
person 1 793 468 60 138
person 1 140 815 113 238
person 1 260 848 110 222
person 1 945 463 60 139
person 1 1158 591 81 189
person 1 1386 681 98 221
person 1 1562 688 113 223
person 1 1567 615 86 188
person 1 1824 689 109 229
person 1 1053 568 68 184
person 1 1617 745 80 145
person 1 755 444 60 125
person 1 1790 657 102 209
person 1 1230 588 56 181
person 1 849 464 50 118
