person 1 907 539 67 174
person 1 578 574 84 205
person 1 1420 507 57 95
person 1 1030 895 109 207
person 1 1045 429 54 115
person 1 1162 907 127 200
person 1 997 571 69 198
person 1 884 598 61 169
person 1 1230 685 75 189
person 1 1112 585 76 194
person 1 161 758 92 228
person 1 669 611 73 188
person 1 1288 915 106 191
person 1 807 486 59 149
person 1 262 861 109 200
person 1 356 785 106 261
person 1 988 498 68 135
person 1 1094 547 71 179
person 1 1374 665 92 208
person 1 1758 682 107 215
person 1 1492 728 87 187
person 1 1433 734 81 151
person 1 833 460 58 125
person 1 1204 581 56 178
person 1 894 475 60 127
person 1 1064 659 80 202
person 1 750 470 53 121
person 1 1045 505 55 129
person 1 1162 667 95 218
person 1 1642 650 84 204
