person 1 912 543 66 173
person 1 578 577 85 205
person 1 1437 510 58 95
person 1 1016 892 110 197
person 1 1051 435 54 115
person 1 1150 923 124 183
person 1 997 574 69 204
person 1 884 604 61 166
person 1 1119 594 73 190
person 1 202 757 107 254
person 1 662 607 76 191
person 1 1284 918 107 179
person 1 810 499 58 143
person 1 269 858 109 204
person 1 360 793 103 252
person 1 992 496 68 135
person 1 1114 554 68 173
person 1 1509 657 92 200
person 1 1376 666 92 210
person 1 1783 688 116 228
person 1 1472 687 101 219
person 1 836 466 59 131
person 1 1190 574 57 183
person 1 898 479 60 126
person 1 1033 651 81 197
person 1 752 470 52 119
person 1 1059 515 51 118
person 1 1158 670 100 221
person 1 1652 660 83 202
