person 1 909 513 63 154
person 1 527 962 99 129
person 1 615 622 92 227
person 1 499 618 104 221
person 1 1423 507 60 93
person 1 1120 794 101 273
person 1 1022 434 49 123
person 1 1259 787 104 263
person 1 982 563 81 203
person 1 1497 509 55 103
person 1 834 567 58 151
person 1 334 945 131 141
person 1 1543 695 89 196
person 1 707 768 121 242
person 1 428 769 99 209
person 1 791 628 68 191
person 1 962 514 51 145
person 1 1362 785 97 275
person 1 779 467 58 131
person 1 97 846 116 221
person 1 192 866 114 198
person 1 860 544 50 122
person 1 1118 624 82 193
person 1 1472 669 112 211
person 1 1477 702 100 216
person 1 1705 708 110 217
person 1 1523 607 77 182
person 1 1561 526 58 150
person 1 1044 572 71 184
person 1 1431 615 72 186
person 1 1737 764 80 151
person 1 1164 601 75 186
person 1 708 438 54 121
person 1 1840 688 78 209
