person 1 910 541 66 173
person 1 580 575 85 205
person 1 1431 508 57 95
person 1 1028 888 107 200
person 1 1049 431 54 115
person 1 1162 907 123 189
person 1 996 572 70 201
person 1 884 601 61 167
person 1 1226 686 74 189
person 1 1116 589 74 191
person 1 186 758 100 244
person 1 670 609 75 190
person 1 1293 915 104 183
person 1 808 494 58 145
person 1 261 863 110 202
person 1 358 792 104 255
person 1 988 495 68 135
person 1 1104 550 69 175
person 1 1534 659 93 201
person 1 1376 665 92 210
person 1 1757 682 112 223
person 1 1483 703 96 207
person 1 1431 734 81 152
person 1 833 463 59 129
person 1 1200 576 56 181
person 1 895 477 60 126
person 1 1052 653 79 199
person 1 751 470 53 120
person 1 1053 509 52 122
person 1 1161 668 97 220
person 1 1645 655 83 203
