person 1 919 526 61 157
person 1 474 1028 93 57
person 1 617 605 86 212
person 1 495 604 98 216
person 1 1439 505 59 95
person 1 1099 816 107 266
person 1 1046 427 51 123
person 1 1238 831 111 252
person 1 988 564 75 197
person 1 1482 499 48 96
person 1 862 582 60 157
person 1 1397 692 87 197
person 1 1131 553 62 157
person 1 457 770 124 239
person 1 323 757 96 223
person 1 792 615 75 193
person 1 1346 841 97 248
person 1 796 475 60 140
person 1 176 908 86 165
person 1 283 827 113 245
person 1 958 479 61 139
person 1 1159 587 72 184
person 1 1482 677 118 235
person 1 1591 623 84 192
person 1 1737 737 87 190
person 1 1052 572 66 185
person 1 1679 684 102 204
person 1 1550 753 81 149
person 1 775 451 58 122
person 1 1838 651 97 215
person 1 1236 583 55 172
person 1 863 467 49 116
person 1 1204 677 89 206
person 1 746 454 53 120
