person 1 918 526 62 156
person 1 474 1028 94 56
person 1 617 606 86 211
person 1 493 605 98 215
person 1 1440 505 59 95
person 1 1099 814 108 266
person 1 1044 427 51 123
person 1 1237 829 113 252
person 1 989 564 75 197
person 1 1481 499 49 95
person 1 862 585 60 157
person 1 1395 693 87 195
person 1 1131 552 63 158
person 1 454 769 122 239
person 1 322 757 94 223
person 1 790 615 77 192
person 1 1346 841 98 246
person 1 797 475 59 141
person 1 171 916 86 156
person 1 284 827 112 246
person 1 958 479 61 139
person 1 1160 587 71 183
person 1 1470 674 119 237
person 1 1594 624 84 194
person 1 1723 739 88 189
person 1 1051 572 67 185
person 1 1691 683 105 206
person 1 1544 753 82 149
person 1 774 449 57 123
person 1 1842 650 92 215
person 1 1235 584 55 171
person 1 861 467 50 116
person 1 1205 675 87 207
person 1 745 454 53 120
