person 1 916 513 64 159
person 1 486 995 111 99
person 1 612 610 88 212
person 1 501 608 98 214
person 1 1427 501 60 94
person 1 1408 647 87 203
person 1 1093 802 108 283
person 1 1032 429 47 122
person 1 1243 808 112 268
person 1 979 565 79 193
person 1 1502 498 51 100
person 1 847 570 57 146
person 1 302 981 127 111
person 1 1467 696 89 195
person 1 1089 543 62 156
person 1 580 764 121 252
person 1 367 763 94 216
person 1 790 615 71 196
person 1 1354 810 99 268
person 1 781 468 58 135
person 1 116 822 120 247
person 1 243 848 112 218
person 1 935 467 57 137
person 1 1158 604 89 187
person 1 1398 684 102 223
person 1 1571 693 109 221
person 1 1547 604 80 176
person 1 1795 654 109 219
person 1 1521 539 57 136
person 1 1040 567 70 184
person 1 1650 757 77 141
person 1 743 450 56 119
person 1 1742 650 110 209
person 1 838 455 49 118
