person 1 918 514 64 162
person 1 472 1004 118 94
person 1 615 609 88 210
person 1 503 607 99 213
person 1 1429 499 60 95
person 1 1088 804 108 281
person 1 1035 427 47 120
person 1 1248 816 110 268
person 1 981 564 78 192
person 1 1503 497 50 102
person 1 850 570 57 145
person 1 300 989 126 108
person 1 1450 693 90 201
person 1 1096 544 62 155
person 1 563 766 123 247
person 1 361 759 94 220
person 1 793 613 71 195
person 1 1348 817 98 266
person 1 784 469 58 135
person 1 123 819 118 248
person 1 253 845 111 220
person 1 939 464 59 138
person 1 1154 596 82 181
person 1 1383 684 102 225
person 1 1563 694 111 220
person 1 1553 604 82 178
person 1 1813 656 108 216
person 1 1043 566 69 183
person 1 1631 752 79 143
person 1 745 452 57 120
person 1 1762 650 109 216
person 1 842 456 50 118
person 1 1205 629 93 192
