person 1 910 514 63 154
person 1 525 963 101 129
person 1 615 622 92 227
person 1 500 617 103 221
person 1 1424 507 60 93
person 1 1119 795 102 273
person 1 1023 434 49 123
person 1 1259 788 103 263
person 1 982 563 81 203
person 1 1499 508 56 104
person 1 834 567 58 151
person 1 331 947 133 141
person 1 1541 695 89 196
person 1 703 769 121 242
person 1 426 769 98 209
person 1 792 628 69 191
person 1 962 515 51 145
person 1 1362 785 97 276
person 1 780 467 57 130
person 1 100 845 115 221
person 1 194 865 113 198
person 1 860 544 50 123
person 1 1118 625 83 192
person 1 1477 670 112 212
person 1 1474 703 100 216
person 1 1705 708 109 217
person 1 1525 607 77 182
person 1 1562 526 59 150
person 1 1044 573 71 184
person 1 1432 615 72 186
person 1 1735 765 80 151
person 1 1164 601 75 186
person 1 709 438 54 121
person 1 1841 688 78 209
