person 1 907 537 66 171
person 1 585 582 83 201
person 1 1425 506 58 97
person 1 1044 886 108 211
person 1 1046 428 54 115
person 1 1175 892 122 204
person 1 993 571 69 198
person 1 883 593 61 167
person 1 1249 682 77 188
person 1 1111 586 76 191
person 1 180 758 93 227
person 1 692 608 69 191
person 1 1305 899 105 195
person 1 804 484 59 148
person 1 247 867 110 199
person 1 352 791 107 259
person 1 985 495 68 136
person 1 1077 542 71 178
person 1 1541 658 100 217
person 1 1381 666 95 211
person 1 1714 673 110 221
person 1 1514 723 89 190
person 1 1475 668 96 186
person 1 1437 735 85 150
person 1 830 463 57 123
person 1 947 482 47 115
person 1 1214 582 55 175
person 1 892 471 58 124
person 1 1068 659 80 202
person 1 751 464 54 121
person 1 1045 504 54 129
person 1 1180 665 92 220
