person 1 907 539 67 174
person 1 579 574 84 204
person 1 1421 506 57 96
person 1 1034 894 108 207
person 1 1045 428 54 115
person 1 1165 904 125 200
person 1 996 571 69 198
person 1 884 597 61 169
person 1 1234 685 75 189
person 1 1112 585 76 194
person 1 162 758 93 228
person 1 673 610 72 188
person 1 1292 911 105 191
person 1 806 485 59 149
person 1 259 863 109 200
person 1 355 785 106 260
person 1 987 498 68 135
person 1 1091 546 71 179
person 1 1375 666 92 208
person 1 1750 680 107 215
person 1 1498 727 87 187
person 1 1434 734 82 151
person 1 832 460 58 125
person 1 1206 581 56 178
person 1 893 474 60 127
person 1 1065 658 80 202
person 1 750 469 53 121
person 1 1045 505 55 129
person 1 1164 666 94 218
person 1 1641 648 84 204
