person 1 829 624 83 177
person 1 474 698 89 233
person 1 1488 519 59 93
person 1 1100 442 51 122
person 1 1132 611 69 204
person 1 1231 697 75 203
person 1 1173 564 63 146
person 1 213 871 113 216
person 1 530 758 108 233
person 1 1121 550 75 160
person 1 1082 608 69 207
person 1 1517 662 90 221
person 1 1587 669 85 221
person 1 1476 657 73 173
person 1 950 489 59 134
person 1 1253 601 59 192
person 1 1020 523 59 136
person 1 1009 608 71 191
person 1 777 508 48 128
person 1 1161 672 77 219
person 1 1679 698 111 238
person 1 818 460 50 124
person 1 856 513 58 128
person 1 918 488 56 142
person 1 315 740 80 215
person 1 957 557 82 159
person 1 1738 708 77 207
person 1 935 646 63 162
