person 1 985 654 73 171
person 1 393 730 97 249
person 1 1467 513 59 95
person 1 923 1008 99 82
person 1 1075 440 50 121
person 1 1113 1024 96 65
person 1 876 628 73 183
person 1 1202 687 70 199
person 1 1156 595 66 185
person 1 205 806 97 263
person 1 1272 1025 80 56
person 1 852 529 65 156
person 1 429 803 114 254
person 1 477 745 94 241
person 1 1075 525 69 147
person 1 1089 592 71 189
person 1 1505 711 61 137
person 1 1610 700 119 231
person 1 1465 661 77 199
person 1 1407 685 78 167
person 1 909 487 63 134
person 1 1014 508 46 109
person 1 1230 597 60 189
person 1 969 498 59 130
person 1 928 574 69 178
person 1 774 489 51 126
person 1 1137 668 77 218
person 1 1809 697 106 225
person 1 875 612 55 154
person 1 823 491 57 127
person 1 394 564 88 185
person 1 874 465 51 129
