person 1 922 568 66 174
person 1 1454 516 57 91
person 1 969 968 101 127
person 1 1062 443 51 122
person 1 1117 970 115 117
person 1 1005 584 69 199
person 1 935 627 74 191
person 1 1172 690 67 189
person 1 1140 596 67 180
person 1 176 773 88 257
person 1 561 598 80 185
person 1 1272 981 103 111
person 1 834 517 65 152
person 1 344 827 123 244
person 1 414 761 100 252
person 1 1029 518 71 144
person 1 1076 592 65 190
person 1 1477 727 61 132
person 1 1746 719 116 237
person 1 1418 677 82 207
person 1 1684 693 95 218
person 1 1357 713 80 172
person 1 873 484 65 132
person 1 994 508 51 119
person 1 1218 597 61 188
person 1 938 491 56 118
person 1 942 640 79 196
person 1 760 483 53 124
person 1 1087 529 56 132
person 1 1119 674 79 214
person 1 1792 716 103 225
person 1 862 599 52 139
person 1 802 489 57 124
person 1 419 569 90 192
