person 1 797 617 78 169
person 1 491 693 88 226
person 1 1496 514 58 95
person 1 1104 442 50 118
person 1 1133 617 70 208
person 1 1247 694 76 202
person 1 1197 570 60 138
person 1 190 893 111 195
person 1 863 559 72 182
person 1 542 740 104 230
person 1 1086 609 68 205
person 1 1520 662 88 220
person 1 1568 665 85 214
person 1 1475 655 66 164
person 1 962 505 58 132
person 1 1252 598 61 193
person 1 1032 609 68 192
person 1 778 509 49 130
person 1 1179 676 77 214
person 1 1627 681 108 230
person 1 840 457 50 123
person 1 854 513 60 136
person 1 917 487 53 132
person 1 800 485 53 128
person 1 338 724 84 219
person 1 911 542 87 170
person 1 1038 482 49 130
person 1 1714 703 85 205
person 1 960 638 61 164
person 1 1086 539 50 112
