person 1 934 651 79 172
person 1 414 729 93 240
person 1 1473 520 59 96
person 1 1081 443 51 121
person 1 1094 641 73 186
person 1 852 621 66 181
person 1 1226 698 72 197
person 1 1137 551 59 149
person 1 220 824 106 258
person 1 845 538 65 157
person 1 455 797 108 237
person 1 1078 543 72 153
person 1 1057 607 67 182
person 1 1551 618 77 179
person 1 1558 688 104 234
person 1 1501 651 76 194
person 1 1634 699 90 217
person 1 1438 679 80 168
person 1 927 494 63 137
person 1 1233 600 60 193
person 1 985 508 59 131
person 1 774 502 48 123
person 1 1140 674 78 218
person 1 1855 695 92 217
person 1 832 511 58 125
person 1 895 469 54 129
person 1 827 455 47 122
person 1 1018 554 83 174
