person 1 959 653 76 169
person 1 401 728 95 246
person 1 1471 518 58 95
person 1 944 1018 87 61
person 1 1079 445 49 119
person 1 1150 1039 67 41
person 1 1067 634 69 183
person 1 867 622 71 184
person 1 1221 691 70 200
person 1 1135 549 54 146
person 1 215 827 98 257
person 1 848 536 66 160
person 1 436 796 109 245
person 1 1600 695 112 232
person 1 1482 656 76 194
person 1 1637 689 101 227
person 1 1424 691 76 160
person 1 927 494 62 134
person 1 1017 516 50 115
person 1 1234 602 61 193
person 1 974 512 60 131
person 1 935 598 68 175
person 1 774 493 52 132
person 1 1141 672 77 216
person 1 1854 708 100 209
person 1 827 500 57 125
person 1 889 471 52 127
person 1 811 452 47 126
person 1 199 774 74 224
