person 1 860 642 81 171
person 1 457 708 92 239
person 1 1485 519 61 96
person 1 1095 446 50 120
person 1 1133 614 71 188
person 1 834 619 65 166
person 1 1227 697 74 198
person 1 1160 560 67 164
person 1 230 854 108 235
person 1 503 771 107 231
person 1 1113 552 72 159
person 1 1065 600 68 201
person 1 1530 676 93 226
person 1 1511 650 76 192
person 1 1598 678 84 220
person 1 1471 667 74 164
person 1 956 505 58 133
person 1 1251 606 58 195
person 1 1011 513 58 135
person 1 776 510 49 131
person 1 1155 674 76 220
person 1 1768 713 101 234
person 1 796 478 52 127
person 1 844 508 63 137
person 1 920 476 55 133
person 1 975 557 85 180
person 1 1788 722 65 214
