person 1 1457 517 58 91
person 1 946 991 107 114
person 1 1064 439 49 121
person 1 1126 998 115 102
person 1 1015 594 67 194
person 1 896 634 76 189
person 1 1186 696 64 182
person 1 1141 566 65 182
person 1 187 783 93 258
person 1 521 596 84 187
person 1 1276 1017 100 88
person 1 837 526 68 158
person 1 375 815 120 249
person 1 447 759 95 243
person 1 1035 517 78 158
person 1 1490 718 61 135
person 1 1670 707 118 239
person 1 1443 672 78 204
person 1 1363 703 80 177
person 1 887 484 61 129
person 1 997 514 47 112
person 1 1223 602 59 181
person 1 952 499 57 122
person 1 931 616 68 178
person 1 761 483 52 128
person 1 1089 539 61 139
person 1 1124 673 77 217
person 1 866 606 53 142
person 1 805 487 58 128
person 1 406 572 89 182
person 1 1056 660 75 175
person 1 839 466 53 130
