person 1 961 655 76 168
person 1 401 727 95 246
person 1 1470 517 58 95
person 1 942 1015 91 66
person 1 1078 444 49 120
person 1 1141 1034 76 47
person 1 1065 633 67 183
person 1 867 623 71 183
person 1 1219 690 70 201
person 1 1136 552 54 149
person 1 214 822 98 260
person 1 1283 1027 76 51
person 1 850 535 66 160
person 1 437 797 110 247
person 1 482 738 92 241
person 1 1095 598 70 192
person 1 1516 713 60 135
person 1 1601 696 113 232
person 1 1480 656 76 195
person 1 1637 690 103 226
person 1 1422 688 77 163
person 1 924 492 63 134
person 1 1017 515 50 113
person 1 1235 602 61 191
person 1 973 510 60 131
person 1 935 594 68 176
person 1 774 493 52 131
person 1 1141 671 77 217
person 1 1851 707 103 214
person 1 826 499 57 125
person 1 888 471 52 127
