person 1 911 645 83 172
person 1 439 718 95 246
person 1 1477 519 58 92
person 1 1087 443 52 123
person 1 1122 634 77 192
person 1 842 625 64 171
person 1 1225 695 74 196
person 1 1150 554 63 149
person 1 226 849 104 243
person 1 850 544 66 159
person 1 482 785 110 240
person 1 442 587 83 180
person 1 1093 541 73 154
person 1 1057 599 70 200
person 1 1543 682 98 232
person 1 1514 652 74 191
person 1 1617 685 87 222
person 1 1457 674 79 167
person 1 938 497 61 140
person 1 1242 603 59 195
person 1 998 514 58 134
person 1 773 505 49 128
person 1 1149 671 78 222
person 1 1833 723 83 225
person 1 792 471 50 124
person 1 835 508 59 125
person 1 908 474 54 131
person 1 864 455 50 126
person 1 984 551 86 178
