person 1 921 574 67 174
person 1 1456 516 57 90
person 1 971 979 104 121
person 1 1064 441 50 121
person 1 1121 974 118 114
person 1 1007 583 69 200
person 1 926 631 77 196
person 1 1173 689 67 190
person 1 1139 595 66 180
person 1 178 774 91 259
person 1 554 600 82 184
person 1 1275 997 106 105
person 1 836 515 66 154
person 1 346 825 122 245
person 1 417 751 100 256
person 1 1030 520 72 144
person 1 1075 593 64 186
person 1 1482 723 61 134
person 1 1728 716 116 239
person 1 1429 678 81 208
person 1 1699 694 99 215
person 1 1358 706 79 174
person 1 874 480 66 137
person 1 1220 593 62 192
person 1 943 494 56 121
person 1 762 486 52 125
person 1 1088 529 55 128
person 1 1122 676 76 209
person 1 1781 715 100 226
person 1 866 600 52 139
person 1 804 489 56 125
person 1 417 571 88 186
person 1 1092 658 75 179
person 1 918 469 49 130
