person 1 994 632 70 180
person 1 363 744 99 250
person 1 1462 517 58 92
person 1 944 1006 99 99
person 1 1068 444 48 117
person 1 1122 994 109 92
person 1 1029 598 63 179
person 1 895 628 77 190
person 1 1192 694 65 184
person 1 1151 590 67 185
person 1 196 798 94 257
person 1 519 595 84 187
person 1 1272 1009 97 80
person 1 843 526 65 152
person 1 402 819 117 246
person 1 460 752 93 239
person 1 1044 521 73 151
person 1 1083 583 66 188
person 1 1493 716 63 139
person 1 1663 706 117 235
person 1 1451 668 76 200
person 1 1375 691 79 174
person 1 896 483 62 131
person 1 1221 595 63 193
person 1 955 502 56 120
person 1 764 491 51 125
person 1 1131 672 78 220
person 1 1794 697 101 222
person 1 870 611 53 144
person 1 811 494 58 128
person 1 396 565 93 190
person 1 1044 653 79 184
person 1 853 465 52 129
