person 1 978 660 73 167
person 1 396 727 96 247
person 1 1467 515 58 95
person 1 931 1008 99 78
person 1 1076 442 50 122
person 1 1120 1021 95 63
person 1 870 626 72 181
person 1 1208 688 71 203
person 1 207 805 99 267
person 1 1278 1027 77 53
person 1 852 529 66 158
person 1 433 804 113 253
person 1 479 742 93 241
person 1 1092 597 71 191
person 1 1510 713 60 136
person 1 1608 698 116 230
person 1 1469 657 77 198
person 1 1412 681 79 168
person 1 913 487 63 136
person 1 1017 511 47 109
person 1 1233 600 60 188
person 1 971 502 59 130
person 1 932 580 69 179
person 1 775 491 51 127
person 1 1139 670 77 218
person 1 1824 701 108 226
person 1 822 496 56 126
person 1 878 467 50 127
