person 1 950 651 76 169
person 1 406 727 94 245
person 1 1473 519 58 95
person 1 940 1020 89 60
person 1 1081 446 49 118
person 1 1160 1041 66 39
person 1 1070 635 70 184
person 1 864 621 70 184
person 1 1226 692 70 200
person 1 1136 549 56 145
person 1 217 832 100 255
person 1 848 538 66 161
person 1 439 793 109 244
person 1 1592 695 110 232
person 1 1489 656 76 193
person 1 1631 689 99 227
person 1 1430 690 76 159
person 1 931 496 62 134
person 1 1020 519 50 116
person 1 1237 603 61 194
person 1 976 513 60 132
person 1 936 600 68 174
person 1 775 493 52 133
person 1 1142 672 77 215
person 1 1870 707 97 207
person 1 830 502 57 125
person 1 892 473 53 127
person 1 814 452 47 126
person 1 204 777 74 224
