person 1 935 651 79 171
person 1 414 730 93 240
person 1 1473 520 59 96
person 1 1081 443 51 120
person 1 1093 640 73 186
person 1 852 622 66 182
person 1 1226 698 71 197
person 1 1137 551 59 149
person 1 220 824 105 258
person 1 845 538 65 157
person 1 455 797 107 237
person 1 1079 542 72 153
person 1 1057 607 67 182
person 1 1549 618 78 179
person 1 1559 689 105 234
person 1 1500 652 76 194
person 1 1634 699 91 218
person 1 1438 679 80 167
person 1 926 494 63 137
person 1 1233 600 60 193
person 1 984 508 59 131
person 1 774 502 48 124
person 1 1140 674 78 217
person 1 1854 695 94 217
person 1 831 511 58 125
person 1 894 469 54 128
person 1 827 454 46 122
person 1 1019 554 83 174
