person 1 947 650 76 169
person 1 407 727 94 245
person 1 1473 519 58 95
person 1 938 1020 91 59
person 1 1081 446 49 118
person 1 1162 1041 67 39
person 1 1071 635 71 184
person 1 862 621 70 184
person 1 1227 692 70 200
person 1 1136 550 56 145
person 1 217 832 100 255
person 1 848 539 66 161
person 1 440 793 109 244
person 1 1590 695 109 233
person 1 1491 656 76 193
person 1 1629 690 99 227
person 1 1431 690 76 159
person 1 932 496 62 134
person 1 1021 520 50 116
person 1 1237 603 61 194
person 1 977 514 60 132
person 1 937 600 69 174
person 1 775 494 52 133
person 1 1142 672 77 215
person 1 1875 707 97 207
person 1 830 502 57 125
person 1 894 474 53 127
person 1 815 452 47 126
person 1 205 778 74 224
