person 1 987 646 74 176
person 1 400 732 98 252
person 1 1468 513 59 96
person 1 913 1012 106 90
person 1 1078 439 50 121
person 1 1105 1032 102 70
person 1 877 627 75 185
person 1 1201 690 67 191
person 1 1156 595 66 185
person 1 209 814 95 258
person 1 1269 1025 89 63
person 1 854 530 64 152
person 1 432 795 115 255
person 1 479 744 94 241
person 1 1073 525 69 147
person 1 1093 588 69 185
person 1 1502 709 62 141
person 1 1603 697 121 232
person 1 1466 662 77 200
person 1 1409 685 77 165
person 1 914 488 62 132
person 1 1231 596 61 193
person 1 972 499 59 130
person 1 926 573 68 174
person 1 774 491 50 123
person 1 1137 668 77 216
person 1 1815 697 105 225
person 1 875 611 54 153
person 1 827 489 57 129
person 1 395 564 89 185
person 1 876 465 52 133
