person 1 947 650 77 171
person 1 408 732 93 242
person 1 1472 518 59 95
person 1 938 1021 91 58
person 1 1079 442 50 120
person 1 1166 1041 65 38
person 1 1082 637 72 185
person 1 859 622 68 183
person 1 1226 695 71 198
person 1 1135 549 58 148
person 1 216 826 103 257
person 1 847 538 65 158
person 1 442 800 107 240
person 1 1075 538 72 152
person 1 1056 603 67 183
person 1 1534 623 77 175
person 1 1576 693 107 233
person 1 1492 656 76 194
person 1 1637 697 94 221
person 1 1431 684 79 164
person 1 925 493 63 135
person 1 1022 521 50 116
person 1 1233 600 61 193
person 1 978 509 60 131
person 1 938 600 69 174
person 1 774 498 50 127
person 1 1140 672 78 217
person 1 1854 697 97 214
person 1 829 506 58 125
person 1 891 470 54 128
person 1 819 451 46 123
person 1 206 779 74 224
