person 1 840 629 84 175
person 1 466 704 90 236
person 1 1486 519 59 94
person 1 1098 443 50 121
person 1 1130 610 71 203
person 1 832 617 70 166
person 1 1228 696 75 203
person 1 1170 564 62 146
person 1 219 870 110 216
person 1 858 547 67 165
person 1 519 763 108 234
person 1 1116 549 74 159
person 1 1074 607 69 206
person 1 1525 666 90 224
person 1 1505 640 77 201
person 1 1592 674 84 220
person 1 1473 659 73 171
person 1 951 491 59 130
person 1 1252 601 59 194
person 1 1016 520 59 136
person 1 1000 605 72 191
person 1 776 506 49 130
person 1 1158 671 77 221
person 1 1710 700 112 236
person 1 809 465 51 127
person 1 850 510 59 130
person 1 909 487 58 141
person 1 308 743 79 217
person 1 953 553 78 161
person 1 1762 713 72 208
