person 1 893 641 84 175
person 1 448 718 95 247
person 1 1481 519 58 91
person 1 1090 443 52 124
person 1 1125 626 77 198
person 1 837 625 64 169
person 1 1227 696 75 196
person 1 1155 552 64 151
person 1 225 853 105 239
person 1 852 547 65 161
person 1 488 785 110 239
person 1 436 589 85 177
person 1 1099 543 72 156
person 1 1060 596 70 202
person 1 1535 679 97 230
person 1 1513 656 75 190
person 1 1613 686 86 222
person 1 1460 668 78 169
person 1 943 496 61 142
person 1 1245 604 58 197
person 1 776 504 49 130
person 1 1152 669 78 226
person 1 1812 711 88 230
person 1 793 474 52 128
person 1 838 512 59 126
person 1 911 473 54 132
person 1 872 457 51 126
person 1 980 547 86 179
person 1 1176 598 61 184
