person 1 1004 635 70 180
person 1 368 746 99 251
person 1 1464 517 58 93
person 1 942 1012 103 98
person 1 1069 445 48 116
person 1 1118 994 112 91
person 1 1033 599 63 177
person 1 894 627 77 191
person 1 1195 694 65 184
person 1 1153 594 67 186
person 1 199 802 95 257
person 1 516 595 85 187
person 1 1268 1010 101 80
person 1 846 527 64 151
person 1 410 819 116 246
person 1 464 750 94 238
person 1 1047 523 72 150
person 1 1083 584 67 188
person 1 1495 717 63 140
person 1 1660 705 118 234
person 1 1454 668 76 199
person 1 1379 689 79 173
person 1 902 483 62 132
person 1 1222 595 64 195
person 1 957 504 55 119
person 1 766 493 50 124
person 1 1134 672 78 221
person 1 1800 697 104 221
person 1 872 611 52 145
person 1 815 495 57 128
person 1 396 564 92 192
person 1 1044 652 81 185
person 1 859 466 52 128
