person 1 859 641 80 170
person 1 459 707 91 239
person 1 1486 519 61 96
person 1 1096 446 50 120
person 1 1135 616 70 187
person 1 834 618 66 166
person 1 1228 697 74 198
person 1 1163 560 66 164
person 1 230 858 110 235
person 1 506 771 107 231
person 1 1116 552 72 159
person 1 1067 600 68 201
person 1 1530 675 93 226
person 1 1511 649 77 193
person 1 1596 677 84 220
person 1 1472 667 73 164
person 1 958 505 59 133
person 1 1252 606 58 195
person 1 1014 514 58 135
person 1 776 510 49 131
person 1 1157 674 76 219
person 1 1759 713 105 234
person 1 796 478 52 127
person 1 845 508 63 137
person 1 921 476 55 133
person 1 978 559 85 180
person 1 1781 721 65 214
