person 1 896 642 84 174
person 1 448 716 95 247
person 1 1481 518 58 91
person 1 1090 443 52 124
person 1 1125 627 78 197
person 1 837 625 64 169
person 1 1226 696 75 196
person 1 1155 552 63 150
person 1 225 853 104 239
person 1 852 547 65 161
person 1 487 785 110 239
person 1 438 588 83 177
person 1 1099 542 73 155
person 1 1059 597 70 202
person 1 1536 679 97 231
person 1 1514 655 74 190
person 1 1614 686 86 222
person 1 1461 669 79 168
person 1 941 495 62 142
person 1 1244 603 59 196
person 1 775 504 49 130
person 1 1151 669 79 225
person 1 1814 713 86 229
person 1 793 473 52 127
person 1 838 511 59 125
person 1 913 473 54 132
person 1 873 457 51 126
person 1 980 547 86 179
person 1 1175 598 61 184
