person 1 1449 514 58 94
person 1 983 946 103 145
person 1 1061 439 53 123
person 1 1126 971 117 134
person 1 911 619 71 179
person 1 1170 687 68 191
person 1 169 774 84 251
person 1 580 604 76 184
person 1 1275 968 107 132
person 1 828 515 60 141
person 1 326 830 122 235
person 1 406 776 98 243
person 1 1014 512 72 146
person 1 1069 579 68 198
person 1 1814 723 108 237
person 1 1414 685 82 204
person 1 1647 694 88 218
person 1 1365 722 86 177
person 1 865 483 60 121
person 1 1205 600 60 184
person 1 928 496 56 119
person 1 965 640 81 199
person 1 756 483 51 122
person 1 1081 524 56 128
person 1 1124 666 85 222
person 1 1684 685 98 213
person 1 855 607 49 130
person 1 796 486 55 124
person 1 431 568 92 196
