person 1 864 642 82 171
person 1 454 710 92 240
person 1 1483 519 60 95
person 1 1094 446 50 121
person 1 1130 613 72 189
person 1 834 619 65 166
person 1 1226 697 75 197
person 1 1158 559 68 162
person 1 228 848 106 235
person 1 499 773 107 232
person 1 1108 551 73 158
person 1 1062 599 69 201
person 1 1530 678 94 227
person 1 1510 652 76 192
person 1 1602 679 85 221
person 1 1468 668 75 165
person 1 952 504 58 134
person 1 1249 606 58 195
person 1 1007 512 58 135
person 1 775 508 49 131
person 1 1154 674 76 220
person 1 1786 714 96 234
person 1 795 477 52 127
person 1 842 508 63 135
person 1 917 476 55 132
person 1 973 553 86 180
person 1 1810 722 65 214
