person 1 989 647 73 176
person 1 399 732 99 252
person 1 1468 513 59 96
person 1 914 1011 104 90
person 1 1077 439 50 121
person 1 1106 1031 100 70
person 1 877 627 75 185
person 1 1201 690 67 191
person 1 1155 595 66 185
person 1 208 815 95 258
person 1 1270 1025 88 62
person 1 853 530 64 152
person 1 430 795 116 255
person 1 479 744 94 241
person 1 1073 525 70 147
person 1 1094 588 69 185
person 1 1502 709 63 141
person 1 1604 697 120 232
person 1 1466 662 77 200
person 1 1409 685 77 165
person 1 916 488 62 132
person 1 1230 596 62 193
person 1 971 499 59 130
person 1 927 573 68 174
person 1 774 492 50 123
person 1 1137 668 77 216
person 1 1815 697 105 225
person 1 874 611 55 153
person 1 827 489 57 129
person 1 395 564 89 185
person 1 876 465 52 133
