person 1 921 653 80 168
person 1 439 716 95 246
person 1 1477 520 58 92
person 1 1087 445 51 121
person 1 1124 650 73 181
person 1 844 624 64 174
person 1 1226 697 74 196
person 1 1150 557 61 147
person 1 230 843 105 249
person 1 847 541 65 157
person 1 485 779 110 240
person 1 456 586 83 187
person 1 1093 544 71 151
person 1 1058 607 70 196
person 1 1545 685 101 235
person 1 1517 647 75 192
person 1 1615 683 88 222
person 1 1459 679 78 163
person 1 940 503 61 137
person 1 1241 604 58 192
person 1 995 513 59 134
person 1 772 508 49 126
person 1 1149 676 77 216
person 1 1845 734 81 216
person 1 795 473 46 116
person 1 907 478 54 130
person 1 858 459 50 127
person 1 1000 557 85 177
