person 1 859 641 80 170
person 1 458 708 91 239
person 1 1486 519 61 96
person 1 1096 446 50 120
person 1 1134 615 71 187
person 1 834 619 66 166
person 1 1228 697 74 198
person 1 1162 560 67 164
person 1 230 857 109 235
person 1 504 772 107 231
person 1 1115 552 72 159
person 1 1066 600 68 201
person 1 1530 676 93 226
person 1 1511 649 77 193
person 1 1597 678 84 220
person 1 1472 667 74 164
person 1 957 505 58 133
person 1 1251 606 58 195
person 1 1013 514 58 135
person 1 776 510 49 131
person 1 1156 674 76 219
person 1 1761 713 103 234
person 1 796 478 52 127
person 1 845 508 63 137
person 1 921 476 55 133
person 1 977 558 85 180
person 1 1782 722 65 214
