person 1 1457 517 58 91
person 1 948 988 105 114
person 1 1064 439 49 121
person 1 1127 997 114 102
person 1 1013 593 67 194
person 1 897 634 76 189
person 1 1185 696 64 182
person 1 1141 566 65 181
person 1 186 782 93 258
person 1 523 597 83 187
person 1 1277 1017 99 88
person 1 837 525 68 158
person 1 370 816 121 249
person 1 445 759 95 243
person 1 1034 516 78 158
person 1 1488 719 61 135
person 1 1672 708 117 239
person 1 1441 673 78 205
person 1 1362 703 80 177
person 1 885 482 61 129
person 1 996 513 47 112
person 1 1222 602 59 181
person 1 952 498 57 122
person 1 932 616 68 178
person 1 760 483 52 128
person 1 1088 538 60 139
person 1 1124 673 77 216
person 1 865 604 53 142
person 1 806 486 58 128
person 1 405 572 89 182
person 1 1058 660 74 175
person 1 839 465 53 130
