person 1 819 618 82 176
person 1 484 695 88 229
person 1 1491 518 59 95
person 1 1102 443 50 121
person 1 1134 621 69 207
person 1 1238 695 76 206
person 1 1182 562 62 143
person 1 205 886 111 206
person 1 855 554 69 171
person 1 539 757 107 233
person 1 1129 547 75 160
person 1 1084 610 67 202
person 1 1516 668 89 219
person 1 1636 639 71 185
person 1 1583 667 84 217
person 1 1478 657 71 172
person 1 956 500 63 144
person 1 1254 603 59 191
person 1 1013 524 59 136
person 1 1012 612 71 196
person 1 777 512 48 128
person 1 1165 674 77 218
person 1 1646 699 105 223
person 1 828 459 49 122
person 1 853 515 60 133
person 1 916 490 54 136
person 1 798 480 53 131
person 1 325 732 82 218
person 1 933 549 87 169
person 1 1743 711 82 210
person 1 955 653 60 155
