person 1 817 618 81 176
person 1 485 693 89 228
person 1 1492 517 59 96
person 1 1103 443 50 120
person 1 1135 623 70 208
person 1 1239 694 77 207
person 1 1185 563 61 142
person 1 202 891 112 205
person 1 855 555 70 171
person 1 540 758 106 232
person 1 1131 547 75 160
person 1 1085 610 67 201
person 1 1515 669 88 219
person 1 1647 639 72 183
person 1 1581 666 85 216
person 1 1479 658 70 172
person 1 956 501 63 146
person 1 1254 603 59 190
person 1 1011 523 59 137
person 1 1015 612 70 197
person 1 777 513 48 127
person 1 1166 674 77 217
person 1 1638 698 105 221
person 1 829 460 49 121
person 1 852 517 60 134
person 1 915 491 53 135
person 1 798 480 54 131
person 1 326 731 83 218
person 1 932 548 88 171
person 1 1739 712 86 211
person 1 958 654 60 154
