person 1 980 659 73 168
person 1 396 728 96 247
person 1 1468 515 59 95
person 1 929 1008 98 79
person 1 1076 441 50 121
person 1 1119 1022 94 63
person 1 871 626 73 182
person 1 1207 687 70 202
person 1 207 805 98 266
person 1 1276 1026 78 54
person 1 852 529 66 157
person 1 433 803 113 253
person 1 479 742 94 241
person 1 1091 595 71 191
person 1 1509 712 60 136
person 1 1608 699 117 231
person 1 1468 658 77 199
person 1 1411 682 79 168
person 1 912 487 63 135
person 1 1017 510 47 109
person 1 1232 599 60 188
person 1 971 501 59 130
person 1 931 578 69 179
person 1 775 490 51 127
person 1 1138 670 77 218
person 1 1821 700 107 226
person 1 822 495 56 126
person 1 877 467 50 127
