person 1 1451 517 58 93
person 1 964 953 102 140
person 1 1062 443 53 123
person 1 1114 979 116 127
person 1 1001 584 69 198
person 1 924 618 71 180
person 1 1169 691 67 189
person 1 173 774 84 253
person 1 561 598 78 185
person 1 1267 974 106 125
person 1 831 516 62 146
person 1 341 824 123 240
person 1 413 775 98 245
person 1 1023 515 71 145
person 1 1073 586 67 197
person 1 1468 731 59 130
person 1 1781 725 108 235
person 1 1407 681 82 204
person 1 1671 693 90 220
person 1 1359 724 83 173
person 1 872 487 61 123
person 1 991 506 50 118
person 1 1212 603 60 182
person 1 935 494 54 115
person 1 950 640 80 197
person 1 758 481 52 123
person 1 1084 526 58 133
person 1 1116 667 84 222
person 1 1700 690 99 213
person 1 856 598 52 137
person 1 800 487 56 123
person 1 426 567 93 200
