person 1 837 628 83 177
person 1 469 703 89 233
person 1 1486 520 59 94
person 1 1099 442 51 121
person 1 1130 609 70 204
person 1 1229 697 75 203
person 1 1171 565 63 146
person 1 217 867 112 216
person 1 522 760 108 234
person 1 1116 550 75 160
person 1 1076 608 69 207
person 1 1522 666 90 221
person 1 1590 672 85 220
person 1 1472 659 73 173
person 1 947 487 59 133
person 1 1252 602 59 193
person 1 1016 520 58 136
person 1 1002 604 71 191
person 1 776 507 48 129
person 1 1159 673 77 220
person 1 1699 697 112 238
person 1 815 461 50 125
person 1 853 512 58 129
person 1 909 488 57 142
person 1 312 742 79 215
person 1 950 553 80 159
person 1 1757 711 75 207
person 1 927 641 63 162
