person 1 555 576 78 195
person 1 1449 512 58 94
person 1 1003 933 107 163
person 1 1062 438 53 119
person 1 1139 953 121 151
person 1 907 609 71 179
person 1 1173 675 73 203
person 1 1134 596 68 182
person 1 165 775 84 249
person 1 605 602 73 185
person 1 1272 944 114 151
person 1 828 507 60 145
person 1 305 839 120 227
person 1 397 773 101 250
person 1 1013 508 70 139
person 1 1066 577 70 198
person 1 1411 682 81 201
person 1 1639 687 89 213
person 1 1379 716 90 180
person 1 860 479 58 123
person 1 1201 587 60 186
person 1 920 489 59 125
person 1 983 640 83 204
person 1 755 476 52 123
person 1 1078 523 57 129
person 1 1128 673 82 209
person 1 1687 671 94 207
person 1 869 609 49 129
person 1 794 476 54 125
person 1 440 563 93 200
