person 1 1450 513 58 94
person 1 986 946 102 146
person 1 1061 438 53 122
person 1 1125 970 115 135
person 1 910 618 71 179
person 1 1171 687 68 192
person 1 169 774 84 251
person 1 582 604 75 184
person 1 1276 967 105 132
person 1 828 514 60 141
person 1 326 830 122 235
person 1 405 775 98 243
person 1 1015 512 72 146
person 1 1068 579 68 198
person 1 1813 722 109 237
person 1 1414 685 82 204
person 1 1649 694 89 218
person 1 1366 721 87 177
person 1 865 482 59 121
person 1 1205 599 60 184
person 1 927 496 56 120
person 1 966 639 81 200
person 1 756 483 51 122
person 1 1081 524 56 128
person 1 1124 666 85 221
person 1 1686 684 98 213
person 1 855 607 50 130
person 1 797 486 55 124
person 1 431 568 91 196
