person 1 918 576 68 174
person 1 1455 517 58 91
person 1 959 978 103 116
person 1 1063 439 49 121
person 1 1127 989 113 106
person 1 1008 589 68 196
person 1 904 633 76 192
person 1 1180 694 65 185
person 1 1139 577 66 181
person 1 182 779 92 258
person 1 534 598 83 186
person 1 1279 1011 98 94
person 1 835 520 68 156
person 1 356 819 123 247
person 1 431 757 97 248
person 1 1031 517 77 153
person 1 1074 594 64 186
person 1 1486 721 61 135
person 1 1690 712 116 239
person 1 1433 676 79 206
person 1 1685 694 100 215
person 1 1359 705 80 176
person 1 881 481 63 132
person 1 993 512 48 113
person 1 1220 599 60 185
person 1 948 496 57 121
person 1 933 618 71 179
person 1 760 484 53 127
person 1 1087 533 58 135
person 1 1122 674 77 214
person 1 1769 717 100 227
person 1 864 601 53 141
person 1 804 486 57 127
person 1 408 571 88 183
person 1 1071 660 74 176
person 1 923 471 49 130
