person 1 1002 649 72 177
person 1 388 734 99 252
person 1 1466 514 59 96
person 1 920 1007 102 90
person 1 1075 440 50 120
person 1 1113 1030 97 71
person 1 880 628 75 186
person 1 1197 689 67 190
person 1 1153 595 66 185
person 1 204 814 95 258
person 1 1271 1025 86 63
person 1 850 528 64 152
person 1 420 797 117 255
person 1 473 745 95 241
person 1 1067 524 70 147
person 1 1090 588 68 185
person 1 1499 710 63 141
person 1 1621 698 119 232
person 1 1462 665 77 200
person 1 1400 690 76 165
person 1 912 488 62 132
person 1 1227 596 62 193
person 1 968 500 59 129
person 1 924 573 68 174
person 1 771 492 50 123
person 1 1134 668 77 217
person 1 1802 696 105 224
person 1 872 609 55 153
person 1 824 488 57 129
person 1 393 565 89 186
person 1 872 465 53 132
