person 1 794 616 77 168
person 1 496 691 88 226
person 1 1496 514 58 95
person 1 1104 442 50 118
person 1 1128 619 70 208
person 1 1249 695 76 201
person 1 1200 570 61 138
person 1 185 896 112 195
person 1 865 559 71 182
person 1 544 739 104 230
person 1 1084 612 68 206
person 1 1520 661 88 220
person 1 1565 663 85 214
person 1 1473 655 66 163
person 1 963 507 58 131
person 1 1253 599 61 194
person 1 1036 611 68 192
person 1 778 510 49 131
person 1 1182 676 77 214
person 1 1618 682 108 230
person 1 840 459 50 123
person 1 855 513 60 136
person 1 918 487 53 132
person 1 801 487 53 127
person 1 340 723 85 219
person 1 912 544 86 170
person 1 1040 485 50 130
person 1 1704 702 85 204
person 1 962 642 61 165
person 1 1087 542 50 112
