person 1 946 650 76 169
person 1 407 727 94 245
person 1 1473 518 58 95
person 1 937 1020 93 60
person 1 1080 445 49 118
person 1 1162 1040 68 40
person 1 1072 635 71 184
person 1 862 621 69 185
person 1 1227 692 71 200
person 1 1135 550 57 146
person 1 216 833 101 255
person 1 848 539 66 161
person 1 438 794 109 244
person 1 1589 695 108 233
person 1 1492 656 76 193
person 1 1629 690 98 227
person 1 1432 689 76 159
person 1 931 496 62 134
person 1 1021 520 50 116
person 1 1237 603 61 194
person 1 977 514 60 132
person 1 937 600 69 174
person 1 775 493 52 133
person 1 1141 672 78 215
person 1 1876 706 96 207
person 1 831 502 57 125
person 1 894 474 54 127
person 1 814 452 47 126
person 1 205 778 74 224
