person 1 900 643 83 174
person 1 446 716 95 246
person 1 1480 519 58 92
person 1 1090 443 52 123
person 1 1124 629 78 196
person 1 838 625 64 170
person 1 1226 696 75 196
person 1 1154 553 63 150
person 1 226 852 104 240
person 1 851 546 66 160
person 1 486 785 110 240
person 1 439 588 83 178
person 1 1098 542 73 155
person 1 1058 597 71 201
person 1 1538 680 98 231
person 1 1514 655 74 191
person 1 1615 686 86 222
person 1 1460 670 79 168
person 1 941 496 62 141
person 1 1244 603 59 196
person 1 775 504 49 129
person 1 1151 670 79 225
person 1 1820 716 85 228
person 1 792 472 51 126
person 1 837 511 59 125
person 1 912 473 54 131
person 1 871 456 50 126
person 1 981 548 86 178
person 1 1175 598 61 184
