person 1 1449 514 58 94
person 1 981 947 104 145
person 1 1061 439 53 123
person 1 1126 972 119 134
person 1 913 620 71 179
person 1 1170 688 68 191
person 1 169 774 83 251
person 1 579 604 77 184
person 1 1275 968 108 131
person 1 828 515 60 141
person 1 328 830 121 235
person 1 406 777 97 243
person 1 1015 512 72 146
person 1 1069 579 68 198
person 1 1814 723 107 237
person 1 1414 685 82 204
person 1 1648 695 88 218
person 1 1365 722 86 177
person 1 865 483 60 121
person 1 1205 600 60 183
person 1 929 496 56 119
person 1 964 640 81 199
person 1 756 484 51 122
person 1 1081 525 56 128
person 1 1124 666 84 222
person 1 1686 686 98 213
person 1 854 607 49 130
person 1 796 486 55 123
person 1 431 569 92 196
