person 1 1458 517 58 91
person 1 946 991 108 114
person 1 1064 439 49 121
person 1 1125 999 116 102
person 1 1017 594 67 194
person 1 896 634 76 189
person 1 1187 696 64 182
person 1 1142 566 65 182
person 1 188 783 94 258
person 1 521 596 84 187
person 1 1275 1017 102 88
person 1 837 527 68 158
person 1 375 815 120 249
person 1 446 759 95 243
person 1 1035 517 78 158
person 1 1490 718 61 135
person 1 1669 707 118 239
person 1 1444 672 77 204
person 1 1362 702 80 177
person 1 887 484 61 128
person 1 997 514 46 112
person 1 1223 602 59 181
person 1 951 499 57 122
person 1 931 616 67 178
person 1 761 483 52 128
person 1 1089 539 61 139
person 1 1125 673 77 217
person 1 866 606 53 142
person 1 805 487 58 128
person 1 405 572 90 182
person 1 1055 660 75 175
person 1 838 466 53 130
