person 1 850 634 83 173
person 1 461 709 92 240
person 1 1482 519 60 95
person 1 1097 443 50 120
person 1 1130 612 72 202
person 1 833 619 69 166
person 1 1224 691 75 204
person 1 1167 561 61 146
person 1 226 874 107 218
person 1 855 547 67 165
person 1 512 771 109 235
person 1 1114 547 73 158
person 1 1067 603 68 204
person 1 1533 669 92 228
person 1 1507 643 77 201
person 1 1600 678 84 219
person 1 1471 662 73 169
person 1 956 500 56 124
person 1 1252 600 59 196
person 1 1013 519 59 138
person 1 991 606 73 192
person 1 775 505 49 132
person 1 1156 668 78 224
person 1 1745 709 109 234
person 1 797 471 53 132
person 1 843 506 60 132
person 1 293 744 78 221
person 1 1786 721 69 209
