person 1 1002 647 71 177
person 1 385 735 99 252
person 1 1466 514 59 95
person 1 923 1007 101 90
person 1 1074 441 50 120
person 1 1113 1027 96 72
person 1 881 628 75 186
person 1 1197 690 67 190
person 1 1153 595 67 185
person 1 203 814 95 257
person 1 1271 1025 86 64
person 1 850 528 64 152
person 1 418 800 117 254
person 1 472 745 95 241
person 1 1064 524 71 148
person 1 1089 588 68 186
person 1 1499 710 63 141
person 1 1624 699 119 233
person 1 1461 665 77 200
person 1 1398 690 76 166
person 1 910 487 62 132
person 1 1226 596 63 193
person 1 966 501 59 129
person 1 924 574 67 174
person 1 770 493 50 124
person 1 1134 669 77 217
person 1 1800 696 105 224
person 1 871 609 55 152
person 1 823 488 58 128
person 1 393 565 89 186
person 1 870 465 53 132
