person 1 1452 518 58 92
person 1 956 964 106 137
person 1 1063 446 51 123
person 1 1105 983 119 124
person 1 1004 585 69 199
person 1 936 619 69 181
person 1 1170 692 67 187
person 1 176 774 87 255
person 1 555 595 80 185
person 1 1263 983 110 122
person 1 833 519 64 149
person 1 349 820 122 243
person 1 418 770 98 245
person 1 1030 518 71 144
person 1 1076 591 67 197
person 1 1472 730 59 127
person 1 1757 725 115 234
person 1 1404 676 81 205
person 1 1691 694 96 222
person 1 1356 721 80 170
person 1 878 491 61 124
person 1 993 507 51 119
person 1 1218 604 59 181
person 1 939 493 55 113
person 1 945 640 80 196
person 1 762 482 53 124
person 1 1088 528 59 137
person 1 1114 668 83 223
person 1 859 595 53 141
person 1 803 491 56 123
person 1 426 566 94 202
