person 1 922 653 80 170
person 1 427 720 95 244
person 1 1475 521 58 94
person 1 1084 445 51 121
person 1 1116 648 73 183
person 1 848 623 64 177
person 1 1226 698 73 196
person 1 1144 556 60 148
person 1 226 833 105 253
person 1 845 539 65 157
person 1 474 786 109 239
person 1 459 592 77 190
person 1 1086 544 71 151
person 1 1056 608 70 191
person 1 1560 614 78 181
person 1 1548 687 102 234
person 1 1511 648 75 193
person 1 1621 688 89 221
person 1 1450 681 78 165
person 1 934 500 62 137
person 1 1238 603 59 192
person 1 991 513 59 133
person 1 773 507 49 125
person 1 1145 676 78 217
person 1 1856 722 86 216
person 1 797 478 43 117
person 1 834 514 59 125
person 1 902 476 54 129
person 1 848 458 49 125
person 1 1006 556 84 176
