person 1 861 637 81 172
person 1 457 709 91 240
person 1 1483 519 60 95
person 1 1096 445 50 120
person 1 1131 612 73 197
person 1 835 620 67 166
person 1 1225 694 75 202
person 1 1165 560 62 153
person 1 229 865 106 224
person 1 854 546 66 164
person 1 506 773 108 234
person 1 1113 548 72 158
person 1 1066 601 68 203
person 1 1534 675 93 228
person 1 1508 647 78 198
person 1 1603 679 84 220
person 1 1470 667 74 167
person 1 955 503 56 127
person 1 1251 602 59 195
person 1 1011 518 59 137
person 1 983 607 75 191
person 1 776 507 49 131
person 1 1155 670 77 222
person 1 1751 711 106 234
person 1 796 474 53 130
person 1 842 506 61 134
person 1 922 477 55 133
person 1 289 746 75 222
person 1 977 559 85 180
person 1 1801 722 65 211
