person 1 1002 635 70 180
person 1 367 746 99 251
person 1 1464 517 58 93
person 1 942 1012 101 98
person 1 1069 445 48 116
person 1 1119 994 111 91
person 1 1032 599 63 177
person 1 894 627 77 191
person 1 1194 694 65 184
person 1 1153 594 67 186
person 1 199 802 95 257
person 1 517 595 85 187
person 1 1269 1010 99 80
person 1 846 527 64 152
person 1 409 819 116 246
person 1 464 750 94 238
person 1 1046 523 73 150
person 1 1083 584 67 188
person 1 1495 717 63 140
person 1 1660 705 118 234
person 1 1454 668 76 199
person 1 1379 689 79 174
person 1 901 483 62 132
person 1 1222 595 64 195
person 1 956 504 55 120
person 1 766 493 50 125
person 1 1134 672 78 221
person 1 1800 697 103 222
person 1 872 611 53 145
person 1 814 495 58 128
person 1 396 564 92 192
person 1 1043 652 80 185
person 1 858 466 52 128
