person 1 968 661 76 167
person 1 399 725 95 247
person 1 1468 516 58 95
person 1 932 1008 104 78
person 1 1077 442 50 122
person 1 1123 1021 98 63
person 1 868 625 71 181
person 1 1211 688 70 203
person 1 210 809 99 267
person 1 1281 1027 78 53
person 1 853 531 66 158
person 1 435 802 112 253
person 1 481 739 93 241
person 1 1095 597 70 192
person 1 1514 713 60 135
person 1 1607 697 113 230
person 1 1474 655 78 198
person 1 1416 681 79 168
person 1 916 487 63 136
person 1 1018 512 48 109
person 1 1235 601 60 187
person 1 972 504 59 130
person 1 934 584 69 180
person 1 777 492 51 128
person 1 1140 671 77 219
person 1 1843 703 110 226
person 1 823 497 57 125
person 1 879 469 51 126
