person 1 838 628 84 176
person 1 468 703 89 234
person 1 1486 520 59 94
person 1 1099 443 51 121
person 1 1130 609 70 204
person 1 1229 697 75 203
person 1 1170 565 62 146
person 1 218 868 111 216
person 1 521 761 108 234
person 1 1116 550 74 159
person 1 1075 608 69 206
person 1 1523 666 90 222
person 1 1591 673 84 220
person 1 1472 659 73 172
person 1 948 488 59 132
person 1 1252 602 59 193
person 1 1016 520 58 136
person 1 1001 605 72 191
person 1 776 507 48 129
person 1 1159 672 77 220
person 1 1702 698 112 237
person 1 813 462 51 125
person 1 852 512 58 129
person 1 909 488 57 142
person 1 311 743 79 216
person 1 951 553 79 159
person 1 1759 712 74 207
person 1 926 641 63 162
