person 1 976 661 75 167
person 1 394 727 96 247
person 1 1466 516 58 95
person 1 930 1008 102 78
person 1 1075 442 50 122
person 1 1119 1021 97 63
person 1 870 625 71 181
person 1 1207 687 70 203
person 1 206 805 99 267
person 1 1278 1027 78 53
person 1 852 529 66 158
person 1 430 805 113 253
person 1 477 742 93 241
person 1 1091 597 70 192
person 1 1511 713 60 135
person 1 1611 698 114 230
person 1 1469 656 78 198
person 1 1411 680 79 168
person 1 912 487 63 136
person 1 1016 512 48 109
person 1 1232 600 60 187
person 1 969 502 59 130
person 1 932 580 69 180
person 1 775 491 51 128
person 1 1138 671 77 219
person 1 1827 703 109 226
person 1 821 497 56 125
person 1 874 468 51 126
