person 1 1450 515 58 94
person 1 973 951 105 145
person 1 1063 440 53 123
person 1 1118 976 120 134
person 1 917 620 71 179
person 1 1167 688 68 191
person 1 171 774 83 251
person 1 569 603 78 184
person 1 1272 971 109 132
person 1 830 516 60 141
person 1 336 827 121 235
person 1 410 776 97 243
person 1 1018 513 72 146
person 1 1070 581 67 198
person 1 1815 724 106 237
person 1 1411 684 82 204
person 1 1659 697 87 218
person 1 1361 722 85 177
person 1 868 484 61 121
person 1 1207 601 60 183
person 1 932 497 56 119
person 1 965 640 81 199
person 1 757 484 51 122
person 1 1084 526 56 127
person 1 1121 666 84 222
person 1 1698 688 98 213
person 1 855 607 49 130
person 1 798 487 55 123
person 1 431 568 92 196
