person 1 560 576 78 196
person 1 1446 511 58 95
person 1 1011 919 104 164
person 1 1059 437 53 120
person 1 1150 945 116 152
person 1 902 605 70 178
person 1 1175 674 76 203
person 1 1133 597 69 183
person 1 161 775 87 248
person 1 613 601 72 186
person 1 1277 934 110 151
person 1 825 504 60 146
person 1 288 844 119 227
person 1 389 777 102 250
person 1 1009 503 69 138
person 1 1061 578 72 197
person 1 1420 685 84 202
person 1 1618 682 91 212
person 1 1394 720 93 180
person 1 857 477 58 124
person 1 1200 584 59 186
person 1 915 484 59 124
person 1 984 640 83 203
person 1 752 472 52 122
person 1 1072 521 57 129
person 1 1130 672 84 210
person 1 1677 667 88 206
person 1 869 599 49 131
person 1 792 472 53 124
person 1 441 564 93 200
