person 1 1455 517 58 91
person 1 953 980 104 114
person 1 1062 438 49 121
person 1 1129 994 112 102
person 1 1010 592 67 195
person 1 897 634 76 189
person 1 1183 696 64 182
person 1 1140 567 65 181
person 1 184 781 93 258
person 1 528 597 83 186
person 1 1279 1015 97 89
person 1 835 522 68 158
person 1 362 818 122 249
person 1 438 761 95 244
person 1 1031 515 78 158
person 1 1486 720 61 135
person 1 1679 710 117 239
person 1 1435 675 78 205
person 1 1360 704 80 177
person 1 882 480 61 129
person 1 994 512 47 112
person 1 1220 601 59 182
person 1 950 497 57 122
person 1 934 616 69 178
person 1 759 483 53 128
person 1 1086 535 60 138
person 1 1122 673 77 216
person 1 863 601 53 142
person 1 803 484 58 128
person 1 404 571 88 182
person 1 1062 660 74 175
person 1 836 461 53 130
