person 1 851 634 82 172
person 1 460 709 92 240
person 1 1483 519 60 95
person 1 1097 444 50 120
person 1 1129 612 73 201
person 1 834 619 68 166
person 1 1224 692 75 204
person 1 1167 561 61 147
person 1 227 873 106 218
person 1 856 547 67 165
person 1 511 771 109 235
person 1 1115 547 73 158
person 1 1068 603 68 204
person 1 1532 670 92 228
person 1 1507 643 78 201
person 1 1600 678 84 219
person 1 1471 663 74 168
person 1 956 501 56 124
person 1 1252 600 59 196
person 1 1013 519 59 138
person 1 991 606 74 192
person 1 775 505 49 132
person 1 1156 668 78 223
person 1 1746 709 108 234
person 1 797 471 53 132
person 1 843 506 60 132
person 1 293 744 78 221
person 1 1787 721 67 209
