person 1 824 620 82 176
person 1 478 697 88 230
person 1 1489 518 59 95
person 1 1101 443 50 121
person 1 1133 617 69 206
person 1 1235 695 76 205
person 1 1177 562 62 144
person 1 211 876 111 209
person 1 855 553 69 170
person 1 534 759 107 233
person 1 1124 547 75 160
person 1 1082 609 67 203
person 1 1518 667 90 220
person 1 1587 668 84 218
person 1 1475 658 72 172
person 1 953 497 62 142
person 1 1253 602 59 191
person 1 1014 524 59 136
person 1 1007 610 71 195
person 1 776 511 48 128
person 1 1162 673 77 218
person 1 1663 702 107 227
person 1 824 459 50 122
person 1 853 513 59 132
person 1 915 489 54 138
person 1 799 480 53 130
person 1 321 735 81 217
person 1 936 551 86 166
person 1 1749 710 80 209
person 1 946 652 61 157
