person 1 831 625 83 177
person 1 472 699 89 233
person 1 1487 519 59 93
person 1 1100 442 51 122
person 1 1131 611 69 204
person 1 1230 697 75 203
person 1 1172 564 63 146
person 1 214 870 112 216
person 1 527 759 108 233
person 1 1119 550 75 160
person 1 1080 608 69 207
person 1 1518 663 90 221
person 1 1588 670 85 220
person 1 1475 658 73 173
person 1 949 488 59 134
person 1 1252 602 59 192
person 1 1018 522 59 136
person 1 1007 607 71 191
person 1 777 508 48 128
person 1 1160 673 77 219
person 1 1685 697 112 238
person 1 817 460 50 124
person 1 855 513 58 128
person 1 915 488 57 142
person 1 314 741 79 215
person 1 955 556 81 159
person 1 1744 709 76 207
person 1 933 645 63 162
