person 1 939 651 78 171
person 1 412 730 93 241
person 1 1473 519 59 95
person 1 1081 443 50 120
person 1 1090 640 73 185
person 1 854 622 67 182
person 1 1226 697 71 197
person 1 1137 550 59 149
person 1 219 825 104 258
person 1 846 538 65 157
person 1 451 798 107 238
person 1 1078 541 72 153
person 1 1057 606 67 183
person 1 1544 619 78 178
person 1 1563 690 106 233
person 1 1498 653 76 194
person 1 1634 698 92 218
person 1 1436 681 79 166
person 1 926 494 63 136
person 1 1233 600 60 193
person 1 982 508 59 131
person 1 774 501 49 125
person 1 1140 673 78 217
person 1 1853 695 95 216
person 1 831 510 58 125
person 1 893 469 54 128
person 1 825 453 46 123
person 1 1018 553 83 174
