person 1 922 653 80 168
person 1 443 715 95 246
person 1 1477 520 58 92
person 1 1088 445 51 121
person 1 1125 650 73 181
person 1 843 625 64 174
person 1 1227 697 74 196
person 1 1151 557 61 147
person 1 231 846 106 249
person 1 847 542 65 158
person 1 488 778 110 240
person 1 456 586 84 187
person 1 1095 544 71 150
person 1 1060 607 70 196
person 1 1544 685 100 235
person 1 1519 647 75 192
person 1 1613 682 88 223
person 1 1461 678 78 163
person 1 943 503 61 137
person 1 1242 604 58 191
person 1 997 513 58 134
person 1 772 509 49 126
person 1 1150 676 77 216
person 1 1842 733 80 215
person 1 796 473 46 116
person 1 910 478 54 130
person 1 860 460 50 127
person 1 1000 557 85 177
