person 1 828 624 82 177
person 1 474 697 89 233
person 1 1488 519 59 93
person 1 1100 442 51 122
person 1 1132 612 68 204
person 1 1231 697 75 203
person 1 1172 564 63 146
person 1 213 871 114 216
person 1 532 757 108 233
person 1 1121 550 75 160
person 1 1082 609 68 207
person 1 1517 662 90 221
person 1 1587 668 85 221
person 1 1476 657 73 173
person 1 951 489 59 134
person 1 1253 601 59 192
person 1 1020 523 59 136
person 1 1009 608 70 191
person 1 777 508 48 128
person 1 1161 672 77 219
person 1 1678 698 111 238
person 1 818 460 50 124
person 1 856 513 58 128
person 1 920 488 56 142
person 1 315 740 80 215
person 1 956 558 83 159
person 1 1736 708 78 207
person 1 936 646 63 162
