person 1 921 574 67 174
person 1 1456 516 57 90
person 1 971 978 101 122
person 1 1063 441 50 122
person 1 1121 975 115 114
person 1 1007 583 69 200
person 1 927 630 76 196
person 1 1173 689 67 190
person 1 1139 596 66 180
person 1 178 773 90 259
person 1 555 599 81 184
person 1 1276 995 103 106
person 1 836 515 66 154
person 1 348 825 123 245
person 1 418 753 101 255
person 1 1030 520 72 144
person 1 1075 593 64 187
person 1 1481 723 61 134
person 1 1727 716 116 239
person 1 1428 678 81 208
person 1 1697 694 97 216
person 1 1357 707 80 173
person 1 874 481 66 136
person 1 1220 594 62 191
person 1 943 493 57 120
person 1 762 486 53 125
person 1 1088 529 55 129
person 1 1122 676 77 210
person 1 1782 716 101 226
person 1 866 600 52 139
person 1 804 489 56 125
person 1 417 571 88 187
person 1 1092 658 75 179
person 1 919 470 49 130
