person 1 999 634 70 180
person 1 367 745 99 251
person 1 1464 517 58 92
person 1 941 1010 100 98
person 1 1069 445 48 116
person 1 1120 994 109 91
person 1 1032 599 63 177
person 1 894 627 77 191
person 1 1194 694 65 184
person 1 1152 593 67 186
person 1 198 801 94 257
person 1 517 595 84 187
person 1 1270 1010 98 80
person 1 845 527 65 152
person 1 408 818 117 246
person 1 463 751 93 238
person 1 1046 522 73 150
person 1 1083 584 67 188
person 1 1494 716 63 139
person 1 1660 705 117 235
person 1 1454 668 76 199
person 1 1378 690 79 174
person 1 899 483 62 131
person 1 1222 595 64 194
person 1 957 503 56 120
person 1 765 492 50 125
person 1 1133 672 78 221
person 1 1798 697 102 222
person 1 871 611 53 145
person 1 814 495 58 128
person 1 396 565 93 191
person 1 1043 652 80 184
person 1 857 466 52 128
