person 1 917 654 80 169
person 1 432 716 95 245
person 1 1475 521 58 93
person 1 1085 446 51 121
person 1 1121 651 73 182
person 1 848 624 64 174
person 1 1225 698 74 196
person 1 1147 558 60 147
person 1 228 835 105 249
person 1 845 540 65 157
person 1 480 781 110 240
person 1 455 586 81 187
person 1 1089 544 71 151
person 1 1055 607 70 195
person 1 1547 686 101 235
person 1 1513 647 75 192
person 1 1618 685 89 222
person 1 1453 681 78 164
person 1 935 502 61 137
person 1 1239 604 58 192
person 1 992 513 59 134
person 1 771 507 49 126
person 1 1147 677 77 217
person 1 1854 736 82 216
person 1 793 474 45 116
person 1 904 478 54 130
person 1 855 459 50 126
person 1 998 557 85 177
