person 1 977 661 74 167
person 1 395 727 96 247
person 1 1466 516 58 95
person 1 931 1008 100 78
person 1 1075 442 50 122
person 1 1120 1021 96 63
person 1 869 625 72 181
person 1 1207 688 71 203
person 1 206 805 99 267
person 1 1278 1027 77 53
person 1 852 529 66 158
person 1 431 805 113 253
person 1 478 742 93 241
person 1 1091 597 71 192
person 1 1510 713 60 135
person 1 1610 698 115 230
person 1 1469 656 77 198
person 1 1411 681 79 168
person 1 912 487 63 136
person 1 1017 512 47 109
person 1 1233 600 60 187
person 1 970 502 59 130
person 1 932 580 69 180
person 1 775 491 51 128
person 1 1138 671 77 219
person 1 1827 702 109 226
person 1 821 496 56 125
person 1 876 468 51 126
