person 1 980 627 70 179
person 1 358 742 99 249
person 1 1460 517 58 92
person 1 950 994 100 103
person 1 1065 442 48 118
person 1 1125 994 110 94
person 1 1022 596 64 183
person 1 897 631 77 190
person 1 1189 694 65 184
person 1 1147 583 66 184
person 1 192 790 94 257
person 1 523 595 84 187
person 1 1275 1007 97 82
person 1 840 526 66 154
person 1 388 822 118 247
person 1 451 756 94 240
person 1 1040 519 75 153
person 1 1080 583 66 188
person 1 1491 716 62 138
person 1 1670 708 117 236
person 1 1446 670 76 201
person 1 1369 696 79 175
person 1 891 482 62 130
person 1 998 514 46 112
person 1 1220 596 62 190
person 1 952 499 57 120
person 1 930 615 67 177
person 1 762 487 51 126
person 1 1089 540 61 139
person 1 1128 672 78 219
person 1 1777 698 100 222
person 1 868 610 53 144
person 1 807 491 58 128
person 1 397 567 92 188
person 1 1045 655 78 181
person 1 845 464 52 129
