person 1 922 653 80 168
person 1 443 715 95 246
person 1 1477 520 58 92
person 1 1087 445 51 121
person 1 1124 650 74 181
person 1 842 625 65 174
person 1 1227 697 74 196
person 1 1151 557 62 147
person 1 231 846 106 249
person 1 848 542 65 158
person 1 487 779 110 240
person 1 455 586 85 188
person 1 1094 544 72 150
person 1 1060 607 70 196
person 1 1544 684 100 235
person 1 1521 647 75 192
person 1 1613 682 87 223
person 1 1462 678 78 163
person 1 942 503 60 137
person 1 1242 603 58 191
person 1 997 513 58 134
person 1 772 509 49 127
person 1 1150 676 77 216
person 1 1843 733 79 215
person 1 795 472 47 116
person 1 909 478 54 130
person 1 860 458 51 127
person 1 1001 557 86 177
