person 1 862 642 81 171
person 1 452 710 92 240
person 1 1483 519 60 95
person 1 1093 446 50 121
person 1 1130 612 72 188
person 1 834 619 65 166
person 1 1226 697 74 197
person 1 1157 560 68 163
person 1 228 847 107 235
person 1 499 772 107 231
person 1 1108 552 73 159
person 1 1062 600 68 201
person 1 1530 678 94 226
person 1 1510 652 76 192
person 1 1601 679 85 220
person 1 1468 669 75 165
person 1 951 505 58 134
person 1 1249 606 58 195
person 1 1007 512 58 135
person 1 775 509 49 131
person 1 1153 674 76 220
person 1 1784 714 99 234
person 1 794 478 52 127
person 1 842 507 63 136
person 1 915 476 55 133
person 1 971 553 86 180
person 1 1810 722 65 214
