person 1 1455 517 58 91
person 1 954 980 103 114
person 1 1063 439 49 121
person 1 1128 993 112 103
person 1 1009 591 68 195
person 1 899 633 76 190
person 1 1183 696 64 183
person 1 1140 569 65 181
person 1 184 781 92 258
person 1 530 598 83 186
person 1 1280 1014 96 90
person 1 835 521 68 157
person 1 361 818 122 248
person 1 437 759 96 245
person 1 1032 516 78 156
person 1 1486 721 61 135
person 1 1682 711 117 239
person 1 1435 675 79 205
person 1 1360 704 80 176
person 1 882 480 62 130
person 1 994 512 47 112
person 1 1220 601 59 183
person 1 949 497 57 122
person 1 933 617 70 178
person 1 760 483 53 127
person 1 1086 535 59 137
person 1 1122 673 77 216
person 1 864 601 53 141
person 1 804 484 58 127
person 1 405 571 88 182
person 1 1064 660 74 176
person 1 837 461 53 130
