person 1 803 616 79 171
person 1 492 692 88 227
person 1 1495 515 58 95
person 1 1104 442 50 119
person 1 1134 619 70 208
person 1 1246 694 76 203
person 1 1194 567 60 140
person 1 192 893 110 198
person 1 860 558 72 178
person 1 542 744 105 231
person 1 1131 546 75 160
person 1 1086 610 67 204
person 1 1518 664 88 220
person 1 1655 636 72 182
person 1 1571 664 85 215
person 1 1477 655 67 166
person 1 962 503 59 137
person 1 1253 600 60 192
person 1 1013 524 59 137
person 1 1028 609 69 193
person 1 778 510 48 129
person 1 1176 675 77 215
person 1 1629 685 107 227
person 1 837 458 50 123
person 1 853 514 60 135
person 1 918 488 53 133
person 1 800 483 53 129
person 1 335 726 84 219
person 1 920 543 87 170
person 1 1043 484 46 131
person 1 1719 705 85 207
person 1 961 643 61 161
