person 1 854 635 82 172
person 1 460 709 92 240
person 1 1483 519 60 95
person 1 1097 444 50 120
person 1 1130 612 73 200
person 1 834 620 68 166
person 1 1224 692 75 203
person 1 1167 560 61 148
person 1 228 871 106 220
person 1 855 547 67 165
person 1 510 772 109 235
person 1 1114 547 72 158
person 1 1068 602 69 203
person 1 1533 671 93 228
person 1 1507 644 78 200
person 1 1601 678 84 220
person 1 1470 664 74 168
person 1 956 501 56 125
person 1 1252 601 59 195
person 1 1013 518 59 137
person 1 988 607 74 192
person 1 775 506 49 131
person 1 1156 669 78 223
person 1 1748 710 107 234
person 1 796 472 53 131
person 1 843 506 60 132
person 1 292 745 77 221
person 1 1791 721 66 210
