person 1 1003 634 70 180
person 1 377 742 99 250
person 1 1466 517 58 93
person 1 936 1013 105 98
person 1 1071 444 48 116
person 1 1111 1000 113 91
person 1 1030 598 63 177
person 1 893 626 77 191
person 1 1197 693 65 184
person 1 1154 593 67 186
person 1 202 806 95 257
person 1 509 595 85 187
person 1 1264 1019 102 80
person 1 847 529 64 151
person 1 415 815 116 246
person 1 468 748 94 238
person 1 1051 522 72 150
person 1 1087 584 68 188
person 1 1498 715 63 140
person 1 1648 704 118 234
person 1 1457 666 76 199
person 1 1384 688 79 173
person 1 906 483 62 132
person 1 1224 594 64 195
person 1 959 504 55 119
person 1 767 493 50 124
person 1 1135 671 78 221
person 1 1814 697 105 221
person 1 873 613 52 145
person 1 817 496 57 128
person 1 398 564 92 192
person 1 1040 651 81 185
person 1 862 467 52 128
