person 1 886 641 84 175
person 1 453 714 95 247
person 1 1482 519 58 91
person 1 1092 444 52 124
person 1 1128 627 77 198
person 1 835 623 64 169
person 1 1228 697 75 196
person 1 1159 553 64 151
person 1 226 856 105 239
person 1 852 547 65 161
person 1 492 781 110 239
person 1 437 589 85 177
person 1 1103 544 72 156
person 1 1062 597 69 202
person 1 1535 677 97 230
person 1 1514 654 75 190
person 1 1607 683 85 221
person 1 1463 668 78 169
person 1 946 496 61 142
person 1 1247 604 58 197
person 1 776 505 49 130
person 1 1153 669 78 226
person 1 1797 711 89 230
person 1 793 475 52 128
person 1 840 513 59 126
person 1 914 474 54 132
person 1 875 459 51 126
person 1 984 549 86 179
person 1 1178 598 61 184
