person 1 560 576 78 195
person 1 1446 511 58 94
person 1 1012 918 105 163
person 1 1059 437 53 120
person 1 1149 946 117 151
person 1 902 605 70 179
person 1 1175 674 75 203
person 1 1134 596 69 182
person 1 162 775 86 248
person 1 611 600 73 185
person 1 1276 933 111 151
person 1 825 504 60 145
person 1 289 844 120 227
person 1 389 777 102 250
person 1 1009 503 69 138
person 1 1061 577 71 198
person 1 1420 685 83 201
person 1 1620 682 90 213
person 1 1395 720 92 180
person 1 857 478 58 123
person 1 1201 584 59 186
person 1 915 485 59 124
person 1 984 640 83 204
person 1 752 472 52 122
person 1 1072 521 57 129
person 1 1129 673 83 209
person 1 1675 667 90 207
person 1 869 600 49 130
person 1 791 472 53 124
person 1 441 564 93 200
