person 1 799 617 78 169
person 1 492 693 88 226
person 1 1496 514 58 95
person 1 1104 442 50 119
person 1 1133 618 70 208
person 1 1247 694 76 202
person 1 1196 569 60 139
person 1 190 894 110 196
person 1 862 558 72 181
person 1 542 741 104 231
person 1 1086 610 68 205
person 1 1519 662 88 220
person 1 1569 664 85 215
person 1 1475 655 66 164
person 1 962 504 58 133
person 1 1252 599 61 193
person 1 1031 609 68 192
person 1 778 509 49 130
person 1 1178 675 77 215
person 1 1627 682 108 229
person 1 839 457 50 123
person 1 854 513 60 135
person 1 917 487 53 133
person 1 800 485 53 128
person 1 338 724 84 219
person 1 914 542 87 170
person 1 1040 483 48 130
person 1 1715 704 85 205
person 1 960 639 62 163
person 1 1086 539 50 112
