person 1 921 572 67 174
person 1 1456 516 57 91
person 1 970 976 100 123
person 1 1063 442 50 122
person 1 1121 975 114 115
person 1 1006 583 69 199
person 1 930 629 75 194
person 1 1173 689 67 190
person 1 1139 596 67 180
person 1 178 773 89 258
person 1 557 599 80 185
person 1 1276 992 102 107
person 1 836 515 66 153
person 1 347 825 123 245
person 1 417 755 101 255
person 1 1030 519 72 144
person 1 1075 592 64 187
person 1 1480 724 61 133
person 1 1732 717 116 238
person 1 1425 678 82 207
person 1 1694 693 96 216
person 1 1357 709 80 173
person 1 874 482 66 135
person 1 1220 594 62 191
person 1 941 493 57 120
person 1 761 485 53 124
person 1 1087 529 55 130
person 1 1121 676 77 211
person 1 1785 716 102 226
person 1 865 600 52 139
person 1 804 489 57 124
person 1 417 571 88 188
person 1 1092 658 75 179
person 1 918 469 49 130
