person 1 1452 518 58 92
person 1 955 964 105 137
person 1 1063 445 52 123
person 1 1106 981 118 124
person 1 1004 585 69 199
person 1 935 619 70 181
person 1 1170 692 67 187
person 1 175 774 86 255
person 1 554 595 79 185
person 1 1263 983 109 122
person 1 833 518 64 149
person 1 348 820 123 243
person 1 417 771 98 245
person 1 1030 518 71 144
person 1 1076 591 67 197
person 1 1472 731 59 127
person 1 1758 725 114 234
person 1 1404 677 82 205
person 1 1689 694 95 222
person 1 1356 722 80 170
person 1 877 490 61 123
person 1 993 507 50 119
person 1 1218 604 59 181
person 1 938 492 54 113
person 1 944 640 80 196
person 1 761 481 53 124
person 1 1087 528 59 137
person 1 1113 668 83 223
person 1 859 594 53 141
person 1 804 490 56 123
person 1 426 566 94 202
