person 1 776 624 76 159
person 1 495 684 88 227
person 1 1495 515 58 96
person 1 1101 444 51 121
person 1 1112 630 72 206
person 1 1260 694 80 207
person 1 1202 564 65 149
person 1 186 899 114 188
person 1 883 558 70 167
person 1 552 750 101 224
person 1 1132 555 74 161
person 1 1072 618 68 207
person 1 1539 656 88 224
person 1 1465 660 67 166
person 1 963 506 62 140
person 1 1248 598 64 203
person 1 1017 529 61 140
person 1 1040 621 69 194
person 1 775 512 51 140
person 1 1190 677 78 216
person 1 1597 685 109 227
person 1 847 465 51 123
person 1 854 519 60 139
person 1 799 491 54 132
person 1 344 720 83 212
person 1 1043 495 54 131
person 1 1680 699 91 213
person 1 955 658 57 163
person 1 1502 642 75 183
