person 1 740 629 79 157
person 1 528 696 89 226
person 1 1115 453 50 120
person 1 1086 657 81 216
person 1 794 550 77 165
person 1 1315 709 82 202
person 1 86 947 102 135
person 1 899 585 72 179
person 1 602 744 100 222
person 1 1037 649 74 208
person 1 1717 663 79 195
person 1 1514 649 66 161
person 1 965 520 62 138
person 1 1270 581 52 150
person 1 1039 554 61 138
person 1 836 591 64 172
person 1 1262 681 96 222
person 1 1506 675 104 219
person 1 867 483 58 126
person 1 372 736 87 206
person 1 1078 517 54 125
person 1 1590 679 89 207
person 1 1017 684 56 165
person 1 1243 603 64 192
person 1 1502 520 58 94
