person 1 757 622 78 159
person 1 505 684 86 226
person 1 1495 511 58 94
person 1 1096 442 51 121
person 1 1086 630 73 208
person 1 819 587 67 168
person 1 1278 697 85 206
person 1 145 925 117 174
person 1 883 571 71 170
person 1 569 734 102 223
person 1 1174 566 78 167
person 1 1050 626 68 198
person 1 1555 654 87 218
person 1 1462 646 66 163
person 1 965 505 62 140
person 1 1234 594 65 196
person 1 1026 528 62 143
person 1 782 513 49 137
person 1 1214 680 78 208
person 1 1579 674 111 230
person 1 860 466 56 129
person 1 804 489 54 128
person 1 356 721 85 213
person 1 1051 493 55 130
person 1 1635 682 91 208
person 1 965 650 56 165
person 1 1515 630 75 185
