person 1 737 621 79 158
person 1 515 690 87 221
person 1 1104 442 51 123
person 1 1088 637 79 214
person 1 810 551 70 164
person 1 1297 695 84 202
person 1 113 939 113 156
person 1 895 579 69 171
person 1 588 733 99 222
person 1 1198 562 80 180
person 1 1044 631 76 210
person 1 1687 645 78 194
person 1 1488 635 67 164
person 1 963 509 63 140
person 1 1262 570 51 153
person 1 1030 534 61 139
person 1 1237 676 88 211
person 1 1547 658 105 220
person 1 856 473 60 132
person 1 370 727 86 205
person 1 1071 507 52 123
person 1 1606 671 86 208
person 1 992 659 57 166
person 1 1233 600 62 189
person 1 1491 507 60 96
