person 1 741 621 79 158
person 1 522 690 87 220
person 1 1109 446 51 124
person 1 1088 642 80 214
person 1 810 549 73 163
person 1 1308 699 84 201
person 1 96 943 113 155
person 1 902 582 68 170
person 1 595 733 99 221
person 1 1212 567 78 181
person 1 1040 638 75 212
person 1 1697 648 78 194
person 1 1497 635 66 163
person 1 968 509 64 141
person 1 1266 574 52 151
person 1 1038 541 61 138
person 1 1247 681 92 210
person 1 1537 660 104 220
person 1 859 474 60 132
person 1 373 729 86 205
person 1 1080 511 53 122
person 1 1592 671 88 209
person 1 1005 669 56 167
person 1 1246 602 62 189
person 1 1493 510 60 96
