person 1 779 624 75 160
person 1 495 687 88 227
person 1 1495 517 58 95
person 1 1101 444 51 120
person 1 1114 629 71 206
person 1 1258 695 79 206
person 1 1202 566 64 147
person 1 184 901 112 189
person 1 882 558 68 169
person 1 551 749 101 225
person 1 1134 554 75 161
person 1 1074 618 68 207
person 1 1537 658 88 223
person 1 1467 661 67 166
person 1 962 507 62 139
person 1 1249 599 64 202
person 1 1016 530 61 140
person 1 1039 621 69 193
person 1 775 512 51 139
person 1 1190 678 78 216
person 1 1601 686 107 228
person 1 846 464 51 123
person 1 855 518 60 138
person 1 799 491 54 131
person 1 345 721 83 213
person 1 1042 495 53 131
person 1 1685 700 90 212
person 1 956 657 58 163
person 1 1503 644 75 183
