person 1 768 624 78 159
person 1 507 683 86 226
person 1 1495 511 58 95
person 1 1101 442 51 121
person 1 1097 626 73 207
person 1 825 589 67 168
person 1 1270 696 83 206
person 1 163 920 113 174
person 1 885 571 72 170
person 1 568 734 102 223
person 1 1166 561 78 167
person 1 1058 623 67 199
person 1 1551 656 87 219
person 1 1467 649 66 163
person 1 970 502 62 140
person 1 1241 595 64 197
person 1 1028 525 62 143
person 1 784 511 50 137
person 1 1207 680 77 208
person 1 1582 676 111 229
person 1 861 465 55 129
person 1 809 487 54 129
person 1 357 719 84 213
person 1 1052 490 55 130
person 1 1655 689 91 209
person 1 966 649 57 165
person 1 1513 632 75 185
