person 1 740 622 79 158
person 1 522 691 87 220
person 1 1108 444 51 124
person 1 1089 641 79 214
person 1 810 549 72 163
person 1 1307 698 84 201
person 1 100 943 113 155
person 1 902 582 69 170
person 1 594 734 99 221
person 1 1209 566 79 181
person 1 1041 636 75 212
person 1 1697 647 78 194
person 1 1497 634 66 163
person 1 967 509 63 141
person 1 1266 573 52 151
person 1 1037 539 61 138
person 1 1246 680 91 210
person 1 1540 659 105 220
person 1 859 474 60 132
person 1 373 729 86 205
person 1 1079 510 52 122
person 1 1596 671 87 209
person 1 1002 665 56 167
person 1 1243 602 62 189
person 1 1493 509 60 96
