person 1 734 620 79 158
person 1 507 690 87 223
person 1 1458 501 58 94
person 1 1096 441 51 123
person 1 1081 636 79 215
person 1 811 560 68 164
person 1 1287 693 84 202
person 1 109 937 115 160
person 1 883 573 70 173
person 1 580 734 100 222
person 1 1191 562 80 178
person 1 1043 631 75 208
person 1 1678 645 79 196
person 1 1479 637 68 166
person 1 958 510 63 140
person 1 1256 570 52 155
person 1 1023 533 61 140
person 1 780 510 52 134
person 1 1229 674 87 211
person 1 1546 660 106 221
person 1 851 472 59 132
person 1 813 465 46 115
person 1 363 725 85 204
person 1 1061 505 53 124
person 1 1608 673 86 207
person 1 982 658 57 165
person 1 1524 624 80 204
