person 1 777 624 75 159
person 1 496 686 88 227
person 1 1495 517 58 95
person 1 1102 444 51 120
person 1 1113 630 71 206
person 1 1260 695 80 206
person 1 1203 565 65 148
person 1 185 902 113 188
person 1 884 558 69 168
person 1 553 750 101 224
person 1 1133 555 75 161
person 1 1073 619 68 207
person 1 1539 657 88 223
person 1 1466 661 67 166
person 1 963 506 62 139
person 1 1249 599 64 203
person 1 1017 530 61 140
person 1 1040 622 69 193
person 1 776 512 51 140
person 1 1191 678 78 216
person 1 1598 686 108 228
person 1 847 465 51 123
person 1 855 519 60 139
person 1 800 492 54 131
person 1 345 721 83 212
person 1 1043 496 54 131
person 1 1682 700 91 212
person 1 956 659 58 163
person 1 1504 643 75 183
