person 1 769 624 77 159
person 1 506 683 87 227
person 1 1495 511 58 95
person 1 1101 442 51 121
person 1 1099 626 73 207
person 1 825 589 68 168
person 1 1269 696 83 206
person 1 167 919 112 175
person 1 884 570 72 170
person 1 567 735 101 223
person 1 1162 560 77 166
person 1 1059 622 67 199
person 1 1550 656 87 219
person 1 1466 650 66 164
person 1 969 503 62 140
person 1 1242 596 64 197
person 1 1027 525 62 142
person 1 783 511 50 137
person 1 1206 680 77 209
person 1 1583 676 111 229
person 1 861 465 55 128
person 1 808 487 54 129
person 1 356 719 84 213
person 1 1051 490 55 130
person 1 1655 689 91 209
person 1 965 650 57 164
person 1 1513 633 75 184
