person 1 730 617 79 158
person 1 485 686 89 229
person 1 1460 501 58 94
person 1 1078 436 51 123
person 1 1065 634 80 216
person 1 811 582 67 165
person 1 1262 690 85 202
person 1 114 923 121 170
person 1 860 558 72 178
person 1 558 733 100 223
person 1 1173 561 78 174
person 1 1039 629 73 200
person 1 1453 639 69 171
person 1 941 509 62 139
person 1 1243 569 54 163
person 1 1005 528 62 144
person 1 779 510 52 134
person 1 1210 669 85 213
person 1 1546 664 107 222
person 1 841 467 59 132
person 1 812 466 47 116
person 1 348 721 85 203
person 1 1038 501 54 128
person 1 1612 676 84 204
person 1 960 656 56 164
person 1 1522 625 80 202
