person 1 729 614 78 158
person 1 480 685 87 228
person 1 1465 503 58 94
person 1 1072 435 51 122
person 1 1067 629 77 215
person 1 807 582 66 166
person 1 1256 690 84 203
person 1 120 914 118 170
person 1 858 558 72 177
person 1 548 735 101 223
person 1 1166 561 80 173
person 1 1038 625 71 200
person 1 1447 641 69 170
person 1 937 506 62 139
person 1 1237 572 55 167
person 1 1000 525 62 144
person 1 771 506 50 135
person 1 1209 670 82 212
person 1 1549 668 108 223
person 1 841 466 58 131
person 1 805 466 48 117
person 1 343 718 83 204
person 1 1029 497 54 129
person 1 1622 679 88 205
person 1 949 654 56 164
person 1 1513 626 80 200
