person 1 741 617 78 159
person 1 489 687 87 228
person 1 1476 507 58 94
person 1 1081 438 51 122
person 1 1078 631 76 213
person 1 814 585 66 166
person 1 1261 694 85 204
person 1 130 915 117 171
person 1 867 562 72 175
person 1 554 737 102 223
person 1 1167 564 80 171
person 1 1047 627 70 200
person 1 1553 653 88 218
person 1 1454 645 68 168
person 1 947 507 62 139
person 1 1240 580 58 175
person 1 1010 527 62 143
person 1 776 507 50 135
person 1 1212 674 81 211
person 1 1558 673 109 225
person 1 849 466 58 131
person 1 807 473 50 121
person 1 348 720 83 207
person 1 1037 497 54 129
person 1 1635 682 89 206
person 1 953 654 56 164
person 1 1514 631 79 196
