person 1 754 621 78 159
person 1 500 685 86 226
person 1 1489 509 58 94
person 1 1092 442 51 121
person 1 1083 631 74 208
person 1 817 586 66 168
person 1 1275 697 85 206
person 1 142 922 118 174
person 1 879 570 70 170
person 1 564 734 102 223
person 1 1172 566 78 167
person 1 1048 626 69 198
person 1 1552 653 88 218
person 1 1459 646 66 163
person 1 961 504 62 140
person 1 1231 594 65 196
person 1 1023 529 62 143
person 1 778 512 49 137
person 1 1211 679 79 208
person 1 1577 674 111 230
person 1 857 465 56 129
person 1 801 488 54 128
person 1 351 720 85 213
person 1 1047 493 55 130
person 1 1630 681 91 208
person 1 962 650 56 165
person 1 1512 630 74 185
