person 1 792 616 77 168
person 1 497 691 88 226
person 1 1497 514 58 94
person 1 1104 442 50 118
person 1 1126 621 71 208
person 1 1249 695 77 201
person 1 1201 570 61 138
person 1 182 898 113 195
person 1 866 559 70 182
person 1 546 739 103 230
person 1 1083 613 68 206
person 1 1520 661 87 220
person 1 1563 663 85 214
person 1 1472 656 65 163
person 1 963 508 58 131
person 1 1254 600 61 194
person 1 1038 613 69 191
person 1 778 511 49 131
person 1 1183 677 77 214
person 1 1614 682 107 231
person 1 839 459 50 123
person 1 856 514 59 136
person 1 917 487 53 132
person 1 801 488 53 127
person 1 341 722 85 219
person 1 913 546 86 170
person 1 1040 487 52 130
person 1 1698 702 86 204
person 1 963 644 60 165
person 1 1087 543 50 112
