person 1 770 624 77 159
person 1 504 683 87 227
person 1 1496 512 58 95
person 1 1101 442 51 121
person 1 1102 626 73 207
person 1 824 590 69 167
person 1 1269 696 82 206
person 1 1207 564 64 149
person 1 174 914 112 179
person 1 884 567 72 169
person 1 564 738 101 224
person 1 1153 559 76 165
person 1 1062 621 66 201
person 1 1548 656 87 220
person 1 1466 652 67 165
person 1 968 503 63 140
person 1 1243 596 64 199
person 1 1025 526 61 142
person 1 1040 623 69 194
person 1 781 512 50 138
person 1 1203 679 77 211
person 1 1586 678 110 229
person 1 858 464 54 127
person 1 858 519 60 139
person 1 806 488 54 130
person 1 353 719 84 213
person 1 1049 491 55 131
person 1 1658 691 91 210
person 1 963 652 57 164
person 1 1511 635 75 184
