person 1 788 622 75 162
person 1 492 691 88 227
person 1 1494 517 58 95
person 1 1102 444 50 120
person 1 1120 625 71 206
person 1 1253 695 78 205
person 1 1198 567 64 145
person 1 186 895 112 190
person 1 876 557 68 173
person 1 546 749 102 226
person 1 1137 552 75 160
person 1 1077 618 68 206
person 1 1531 660 88 222
person 1 1561 662 85 214
person 1 1469 661 66 165
person 1 961 507 61 137
person 1 1249 599 63 200
person 1 1013 530 61 139
person 1 1037 619 69 193
person 1 775 511 51 137
person 1 1185 678 78 216
person 1 1608 688 107 229
person 1 842 461 51 123
person 1 853 515 60 138
person 1 918 487 53 132
person 1 799 489 54 130
person 1 342 722 83 215
person 1 911 545 86 170
person 1 1039 493 53 131
person 1 1696 701 88 210
person 1 956 653 59 163
person 1 1088 544 50 112
