person 1 774 623 77 159
person 1 499 683 87 227
person 1 1497 514 58 96
person 1 1101 443 51 121
person 1 1108 629 72 206
person 1 1265 695 81 207
person 1 1205 564 64 149
person 1 181 905 115 188
person 1 885 560 72 167
person 1 556 746 101 224
person 1 1129 554 74 161
person 1 1070 620 67 207
person 1 1541 655 88 224
person 1 1464 656 68 166
person 1 965 506 63 140
person 1 1246 599 65 203
person 1 1021 529 61 140
person 1 1039 622 69 194
person 1 778 512 51 140
person 1 1195 677 78 216
person 1 1594 683 110 227
person 1 851 464 52 124
person 1 857 519 60 139
person 1 801 491 54 132
person 1 345 719 83 212
person 1 1047 495 55 131
person 1 1667 696 92 213
person 1 959 658 57 163
person 1 1507 641 75 183
