person 1 762 623 78 159
person 1 508 685 86 226
person 1 1493 511 58 94
person 1 1100 443 51 121
person 1 1091 629 73 208
person 1 823 588 67 168
person 1 1276 697 84 206
person 1 154 924 115 174
person 1 885 572 71 170
person 1 571 735 102 223
person 1 1173 565 78 167
person 1 1054 626 68 198
person 1 1555 655 87 218
person 1 1466 648 66 163
person 1 968 505 62 140
person 1 1237 595 64 197
person 1 1028 528 62 143
person 1 784 512 49 137
person 1 1213 680 78 208
person 1 1582 676 111 230
person 1 862 467 56 129
person 1 808 489 54 128
person 1 358 721 85 213
person 1 1053 493 55 130
person 1 1643 685 91 209
person 1 967 651 56 165
person 1 1516 631 75 185
