person 1 728 615 79 158
person 1 478 684 89 229
person 1 1454 500 58 94
person 1 1071 433 51 123
person 1 1062 629 79 216
person 1 806 580 67 165
person 1 1253 689 85 202
person 1 119 912 120 170
person 1 853 554 72 178
person 1 548 733 101 223
person 1 1162 557 79 174
person 1 1037 624 73 200
person 1 1445 640 69 171
person 1 934 506 62 139
person 1 1236 568 54 163
person 1 998 524 62 144
person 1 772 506 51 134
person 1 1203 667 85 212
person 1 1547 667 107 222
person 1 835 465 59 132
person 1 805 463 47 116
person 1 341 716 84 203
person 1 1029 499 54 128
person 1 1616 677 85 204
person 1 947 653 56 164
person 1 1514 626 80 202
