person 1 777 624 77 159
person 1 496 684 88 227
person 1 1496 515 58 96
person 1 1100 443 51 121
person 1 1112 630 72 206
person 1 1260 694 81 207
person 1 1202 564 64 149
person 1 186 900 114 188
person 1 883 557 71 167
person 1 552 750 101 224
person 1 1132 555 74 161
person 1 1072 618 67 207
person 1 1539 656 88 224
person 1 1465 659 67 166
person 1 964 506 63 140
person 1 1248 598 65 203
person 1 1018 529 61 140
person 1 1040 621 69 194
person 1 776 512 51 140
person 1 1191 676 78 216
person 1 1596 685 109 227
person 1 848 465 52 123
person 1 854 518 60 139
person 1 799 491 54 132
person 1 344 720 83 212
person 1 1044 495 55 131
person 1 1680 698 92 213
person 1 956 658 57 163
person 1 1504 642 75 183
