person 1 728 615 79 158
person 1 478 685 88 229
person 1 1455 500 58 94
person 1 1071 433 51 123
person 1 1063 629 79 216
person 1 807 581 67 165
person 1 1255 689 84 202
person 1 119 914 119 170
person 1 855 554 72 178
person 1 549 734 101 223
person 1 1164 558 79 174
person 1 1037 625 72 200
person 1 1447 640 69 171
person 1 935 506 62 139
person 1 1236 568 54 163
person 1 999 525 62 144
person 1 772 506 51 134
person 1 1204 668 84 212
person 1 1547 666 107 222
person 1 836 465 59 132
person 1 805 465 47 116
person 1 343 717 84 203
person 1 1029 499 54 128
person 1 1616 677 86 204
person 1 949 655 56 164
person 1 1514 626 80 202
