person 1 740 621 79 158
person 1 523 692 87 220
person 1 1111 447 51 124
person 1 1088 643 80 214
person 1 810 549 74 163
person 1 1308 700 83 201
person 1 97 941 114 155
person 1 900 581 68 170
person 1 596 733 99 221
person 1 1213 568 78 181
person 1 1039 639 75 212
person 1 1699 649 78 194
person 1 1499 636 66 163
person 1 968 509 64 141
person 1 1268 576 52 151
person 1 1038 542 61 138
person 1 1247 682 93 210
person 1 1536 661 104 220
person 1 861 476 60 132
person 1 374 732 86 205
person 1 1079 511 53 122
person 1 1591 672 88 209
person 1 1010 672 56 167
person 1 1247 603 62 189
person 1 1491 512 60 96
