person 264.0 806.0 129.0 274.0
person 403.0 805.0 120.0 276.0
person 450.0 781.0 97.0 254.0
person 1767.0 839.0 101.0 239.0
person 662.0 725.0 100.0 232.0
person 750.0 736.0 98.0 215.0
person 1498.0 675.0 98.0 233.0
person 1544.0 673.0 82.0 218.0
person 1515.0 545.0 53.0 100.0
person 1391.0 654.0 80.0 201.0
person 1481.0 632.0 81.0 179.0
person 1225.0 645.0 80.0 202.0
person 1089.0 647.0 74.0 198.0
person 1432.0 603.0 76.0 185.0
person 777.0 501.0 46.0 106.0
person 824.0 469.0 50.0 121.0
person 791.0 513.0 48.0 134.0
person 832.0 501.0 60.0 133.0
person 869.0 478.0 49.0 122.0
person 939.0 477.0 47.0 131.0
person 885.0 495.0 63.0 133.0
person 807.0 555.0 74.0 178.0
person 887.0 563.0 62.0 170.0
person 933.0 574.0 61.0 157.0
person 973.0 553.0 60.0 145.0
person 1035.0 552.0 62.0 138.0
person 1029.0 546.0 54.0 128.0
person 938.0 593.0 77.0 166.0
person 1003.0 630.0 52.0 128.0
person 1020.0 607.0 72.0 193.0
person 1007.0 642.0 75.0 208.0
person 1094.0 543.0 58.0 152.0
person 1123.0 574.0 65.0 171.0
person 1107.0 630.0 78.0 165.0
person 1771.0 802.0 104.0 218.0
person 1241.0 461.0 54.0 97.0
person 1277.0 459.0 64.0 104.0
