person 312.0 813.0 130.0 268.0
person 430.0 808.0 115.0 272.0
person 479.0 793.0 97.0 242.0
person 1848.0 852.0 71.0 229.0
person 662.0 755.0 102.0 235.0
person 752.0 768.0 98.0 217.0
person 1468.0 681.0 91.0 233.0
person 1497.0 677.0 82.0 218.0
person 1517.0 559.0 53.0 100.0
person 1353.0 665.0 85.0 199.0
person 1514.0 655.0 82.0 184.0
person 1262.0 675.0 80.0 211.0
person 1133.0 671.0 76.0 204.0
person 1467.0 630.0 77.0 179.0
person 801.0 523.0 46.0 107.0
person 850.0 491.0 50.0 121.0
person 797.0 534.0 49.0 134.0
person 845.0 520.0 58.0 134.0
person 895.0 500.0 50.0 122.0
person 959.0 499.0 56.0 130.0
person 899.0 516.0 58.0 139.0
person 819.0 581.0 80.0 181.0
person 893.0 586.0 60.0 175.0
person 944.0 596.0 61.0 158.0
person 992.0 577.0 63.0 146.0
person 1051.0 571.0 64.0 146.0
person 1043.0 569.0 53.0 132.0
person 953.0 616.0 74.0 169.0
person 1017.0 652.0 52.0 137.0
person 1044.0 631.0 72.0 193.0
person 1055.0 666.0 76.0 214.0
person 1107.0 564.0 58.0 152.0
person 1158.0 598.0 65.0 169.0
person 1126.0 656.0 76.0 166.0
person 1662.0 820.0 100.0 220.0
person 1261.0 477.0 53.0 98.0
person 1304.0 470.0 61.0 101.0
