person 392.0 746.0 122.0 261.0
person 510.0 753.0 106.0 266.0
person 602.0 733.0 85.0 226.0
person 609.0 798.0 106.0 256.0
person 719.0 809.0 111.0 240.0
person 1299.0 645.0 88.0 209.0
person 1308.0 643.0 70.0 207.0
person 1522.0 546.0 54.0 100.0
person 1227.0 634.0 64.0 196.0
person 1568.0 666.0 76.0 201.0
person 1410.0 697.0 84.0 218.0
person 1276.0 700.0 105.0 215.0
person 1550.0 648.0 77.0 197.0
person 833.0 525.0 46.0 115.0
person 883.0 501.0 58.0 137.0
person 807.0 543.0 52.0 137.0
person 907.0 530.0 57.0 134.0
person 933.0 511.0 50.0 126.0
person 1009.0 508.0 61.0 136.0
person 961.0 531.0 58.0 140.0
person 863.0 598.0 102.0 197.0
person 929.0 600.0 75.0 186.0
person 999.0 607.0 66.0 164.0
person 1056.0 592.0 62.0 162.0
person 1106.0 583.0 60.0 169.0
person 1091.0 583.0 56.0 136.0
person 995.0 642.0 85.0 182.0
person 1065.0 685.0 62.0 139.0
person 1161.0 654.0 78.0 208.0
person 1191.0 696.0 93.0 223.0
person 1199.0 579.0 56.0 155.0
person 1323.0 620.0 69.0 182.0
person 1250.0 676.0 71.0 186.0
person 1.0 987.0 40.0 93.0
person 51.0 1040.0 64.0 41.0
person 1255.0 806.0 121.0 220.0
person 1557.0 777.0 126.0 230.0
person 807.0 479.0 50.0 113.0
person 740.0 458.0 50.0 133.0
person 1332.0 463.0 50.0 98.0
person 1375.0 464.0 57.0 97.0
