person 295.0 813.0 129.0 268.0
person 421.0 807.0 116.0 274.0
person 468.0 788.0 96.0 247.0
person 1812.0 852.0 90.0 229.0
person 661.0 746.0 101.0 232.0
person 751.0 758.0 98.0 217.0
person 1477.0 679.0 94.0 233.0
person 1508.0 676.0 86.0 219.0
person 1515.0 556.0 53.0 100.0
person 1365.0 664.0 86.0 200.0
person 1504.0 650.0 82.0 179.0
person 1249.0 667.0 80.0 209.0
person 1121.0 665.0 76.0 203.0
person 1459.0 622.0 76.0 179.0
person 793.0 516.0 46.0 106.0
person 843.0 485.0 50.0 121.0
person 794.0 527.0 49.0 134.0
person 841.0 514.0 59.0 134.0
person 892.0 496.0 50.0 122.0
person 954.0 492.0 52.0 131.0
person 894.0 511.0 59.0 138.0
person 807.0 577.0 88.0 179.0
person 891.0 580.0 60.0 174.0
person 941.0 589.0 60.0 158.0
person 985.0 570.0 64.0 146.0
person 1048.0 568.0 62.0 144.0
person 1039.0 562.0 54.0 130.0
person 949.0 609.0 70.0 169.0
person 1013.0 645.0 52.0 134.0
person 1037.0 624.0 72.0 193.0
person 1039.0 660.0 78.0 212.0
person 1103.0 558.0 58.0 152.0
person 1145.0 591.0 65.0 167.0
person 1120.0 648.0 78.0 166.0
person 1696.0 815.0 93.0 219.0
person 1255.0 474.0 54.0 98.0
person 1296.0 467.0 62.0 102.0
