person 401.0 732.0 120.0 253.0
person 516.0 734.0 106.0 266.0
person 621.0 721.0 86.0 227.0
person 596.0 803.0 109.0 261.0
person 709.0 812.0 114.0 244.0
person 1265.0 634.0 87.0 211.0
person 1276.0 637.0 70.0 212.0
person 1519.0 539.0 54.0 100.0
person 1213.0 625.0 65.0 196.0
person 1573.0 662.0 76.0 202.0
person 1414.0 698.0 84.0 220.0
person 1291.0 702.0 76.0 223.0
person 1558.0 643.0 77.0 199.0
person 835.0 523.0 45.0 116.0
person 883.0 500.0 59.0 137.0
person 807.0 540.0 52.0 138.0
person 911.0 528.0 59.0 134.0
person 935.0 506.0 50.0 129.0
person 1013.0 506.0 61.0 136.0
person 966.0 528.0 58.0 140.0
person 882.0 597.0 83.0 197.0
person 934.0 601.0 71.0 187.0
person 1004.0 605.0 65.0 166.0
person 1061.0 585.0 62.0 166.0
person 1106.0 581.0 70.0 169.0
person 1108.0 580.0 56.0 137.0
person 1007.0 643.0 85.0 182.0
person 1073.0 683.0 62.0 139.0
person 1190.0 650.0 78.0 208.0
person 1201.0 696.0 90.0 228.0
person 1231.0 575.0 56.0 155.0
person 1346.0 616.0 70.0 182.0
person 1275.0 674.0 74.0 184.0
person 1.0 974.0 47.0 106.0
person 51.0 1024.0 78.0 57.0
person 1197.0 796.0 101.0 221.0
person 1495.0 774.0 125.0 232.0
person 825.0 472.0 50.0 113.0
person 749.0 453.0 54.0 139.0
person 1341.0 457.0 50.0 98.0
person 1379.0 458.0 57.0 97.0
