person 385.0 757.0 129.0 262.0
person 505.0 765.0 106.0 269.0
person 587.0 745.0 88.0 227.0
person 616.0 795.0 106.0 253.0
person 723.0 807.0 109.0 239.0
person 1322.0 653.0 90.0 209.0
person 1332.0 648.0 70.0 203.0
person 1525.0 552.0 53.0 100.0
person 1240.0 641.0 64.0 196.0
person 1563.0 670.0 76.0 198.0
person 1407.0 696.0 84.0 217.0
person 1263.0 698.0 104.0 212.0
person 1543.0 651.0 77.0 196.0
person 832.0 527.0 46.0 115.0
person 882.0 505.0 57.0 133.0
person 807.0 546.0 52.0 135.0
person 901.0 534.0 58.0 134.0
person 932.0 514.0 50.0 124.0
person 1007.0 510.0 60.0 136.0
person 956.0 533.0 58.0 140.0
person 869.0 603.0 86.0 192.0
person 923.0 603.0 83.0 181.0
person 996.0 609.0 66.0 164.0
person 1048.0 596.0 62.0 156.0
person 1104.0 588.0 62.0 164.0
person 1079.0 585.0 56.0 136.0
person 986.0 642.0 85.0 181.0
person 1061.0 686.0 61.0 139.0
person 1139.0 657.0 78.0 208.0
person 1183.0 698.0 86.0 222.0
person 1179.0 583.0 57.0 154.0
person 1306.0 623.0 68.0 182.0
person 1229.0 675.0 71.0 183.0
person 1.0 996.0 37.0 84.0
person 1303.0 807.0 102.0 220.0
person 1604.0 780.0 111.0 229.0
person 793.0 484.0 50.0 113.0
person 733.0 464.0 48.0 127.0
person 1325.0 468.0 50.0 98.0
person 1368.0 467.0 57.0 97.0
