person 403.0 729.0 120.0 253.0
person 517.0 730.0 105.0 266.0
person 623.0 717.0 86.0 227.0
person 591.0 805.0 111.0 263.0
person 707.0 813.0 113.0 245.0
person 1257.0 632.0 86.0 210.0
person 1268.0 635.0 70.0 212.0
person 1519.0 538.0 53.0 100.0
person 1212.0 623.0 65.0 196.0
person 1575.0 661.0 76.0 203.0
person 1416.0 699.0 84.0 220.0
person 1292.0 702.0 79.0 223.0
person 1560.0 642.0 78.0 200.0
person 835.0 523.0 45.0 116.0
person 883.0 500.0 59.0 137.0
person 807.0 540.0 52.0 138.0
person 912.0 528.0 59.0 134.0
person 935.0 505.0 50.0 130.0
person 1013.0 505.0 61.0 136.0
person 967.0 527.0 58.0 140.0
person 885.0 598.0 84.0 197.0
person 935.0 601.0 71.0 187.0
person 1006.0 605.0 65.0 168.0
person 1060.0 585.0 62.0 166.0
person 1109.0 581.0 69.0 170.0
person 1112.0 580.0 56.0 137.0
person 1009.0 644.0 85.0 182.0
person 1076.0 683.0 61.0 139.0
person 1196.0 650.0 78.0 208.0
person 1204.0 696.0 88.0 229.0
person 1237.0 575.0 56.0 155.0
person 1351.0 615.0 71.0 182.0
person 1280.0 674.0 76.0 182.0
person 1.0 971.0 48.0 109.0
person 51.0 1020.0 81.0 61.0
person 1175.0 796.0 115.0 221.0
person 1483.0 775.0 124.0 230.0
person 829.0 471.0 53.0 113.0
person 751.0 453.0 57.0 139.0
person 1343.0 455.0 50.0 98.0
person 1380.0 457.0 57.0 97.0
