person 250.0 807.0 128.0 274.0
person 390.0 805.0 120.0 276.0
person 444.0 779.0 98.0 256.0
person 1719.0 835.0 105.0 246.0
person 665.0 714.0 98.0 227.0
person 753.0 724.0 97.0 211.0
person 1513.0 675.0 96.0 234.0
person 1584.0 670.0 81.0 221.0
person 1514.0 536.0 53.0 100.0
person 1407.0 648.0 80.0 201.0
person 1466.0 620.0 80.0 179.0
person 1210.0 633.0 79.0 199.0
person 1069.0 636.0 75.0 196.0
person 1418.0 589.0 74.0 179.0
person 767.0 492.0 46.0 106.0
person 810.0 460.0 50.0 121.0
person 791.0 504.0 48.0 134.0
person 827.0 493.0 57.0 133.0
person 855.0 470.0 52.0 121.0
person 927.0 465.0 50.0 131.0
person 879.0 485.0 66.0 129.0
person 806.0 544.0 68.0 177.0
person 881.0 555.0 63.0 168.0
person 927.0 564.0 61.0 155.0
person 967.0 542.0 64.0 145.0
person 1028.0 540.0 61.0 137.0
person 1021.0 535.0 54.0 128.0
person 931.0 582.0 84.0 164.0
person 999.0 620.0 53.0 125.0
person 1012.0 594.0 74.0 191.0
person 994.0 630.0 74.0 208.0
person 1089.0 532.0 58.0 152.0
person 1115.0 561.0 65.0 180.0
person 1098.0 618.0 75.0 165.0
person 1815.0 794.0 94.0 212.0
person 1232.0 455.0 54.0 97.0
person 1266.0 453.0 64.0 104.0
