person 227.0 812.0 140.0 269.0
person 373.0 809.0 121.0 272.0
person 428.0 780.0 94.0 259.0
person 1681.0 834.0 110.0 247.0
person 667.0 696.0 96.0 224.0
person 756.0 708.0 95.0 208.0
person 1540.0 674.0 101.0 238.0
person 1623.0 670.0 76.0 221.0
person 1509.0 524.0 52.0 100.0
person 1431.0 641.0 80.0 204.0
person 1448.0 607.0 80.0 178.0
person 1193.0 621.0 73.0 200.0
person 1047.0 627.0 88.0 196.0
person 1399.0 586.0 72.0 179.0
person 754.0 480.0 45.0 106.0
person 790.0 454.0 50.0 120.0
person 790.0 492.0 48.0 134.0
person 821.0 482.0 54.0 133.0
person 837.0 459.0 54.0 122.0
person 906.0 454.0 54.0 132.0
person 877.0 477.0 60.0 127.0
person 804.0 537.0 68.0 172.0
person 875.0 545.0 64.0 166.0
person 919.0 551.0 62.0 152.0
person 957.0 531.0 62.0 145.0
person 1020.0 529.0 60.0 134.0
person 1011.0 521.0 54.0 128.0
person 932.0 571.0 84.0 163.0
person 994.0 608.0 54.0 121.0
person 1005.0 579.0 74.0 190.0
person 975.0 616.0 74.0 207.0
person 1079.0 522.0 56.0 151.0
person 1103.0 550.0 68.0 184.0
person 1086.0 607.0 74.0 164.0
person 1221.0 451.0 54.0 97.0
person 1251.0 445.0 64.0 104.0
