person 367.0 793.0 121.0 269.0
person 480.0 790.0 114.0 275.0
person 541.0 774.0 98.0 235.0
person 655.0 790.0 104.0 251.0
person 730.0 803.0 106.0 230.0
person 1371.0 675.0 93.0 217.0
person 1398.0 671.0 81.0 212.0
person 1523.0 559.0 53.0 100.0
person 1275.0 667.0 80.0 197.0
person 1556.0 673.0 78.0 202.0
person 1351.0 701.0 99.0 212.0
person 1217.0 700.0 84.0 211.0
person 1513.0 658.0 77.0 184.0
person 829.0 535.0 46.0 114.0
person 878.0 514.0 55.0 124.0
person 807.0 554.0 51.0 134.0
person 879.0 542.0 62.0 134.0
person 919.0 518.0 49.0 122.0
person 996.0 521.0 57.0 133.0
person 936.0 534.0 58.0 140.0
person 851.0 609.0 92.0 187.0
person 908.0 612.0 62.0 179.0
person 973.0 613.0 66.0 163.0
person 1027.0 600.0 61.0 151.0
person 1085.0 595.0 67.0 150.0
person 1070.0 590.0 52.0 137.0
person 972.0 646.0 81.0 176.0
person 1049.0 681.0 52.0 140.0
person 1094.0 656.0 73.0 209.0
person 1146.0 698.0 78.0 217.0
person 1132.0 589.0 58.0 152.0
person 1247.0 621.0 66.0 182.0
person 1183.0 684.0 71.0 178.0
person 1450.0 825.0 118.0 220.0
person 1741.0 793.0 109.0 225.0
person 751.0 492.0 49.0 113.0
person 1300.0 479.0 50.0 98.0
person 1349.0 476.0 57.0 97.0
