person 353.0 799.0 127.0 273.0
person 468.0 798.0 114.0 283.0
person 527.0 778.0 98.0 238.0
person 655.0 785.0 106.0 248.0
person 735.0 802.0 104.0 226.0
person 1389.0 680.0 96.0 217.0
person 1414.0 676.0 82.0 212.0
person 1522.0 561.0 53.0 100.0
person 1290.0 668.0 80.0 196.0
person 1552.0 672.0 79.0 201.0
person 1336.0 699.0 93.0 211.0
person 1200.0 697.0 81.0 209.0
person 1506.0 656.0 77.0 180.0
person 826.0 535.0 46.0 111.0
person 874.0 512.0 54.0 123.0
person 804.0 555.0 50.0 134.0
person 870.0 541.0 62.0 133.0
person 914.0 519.0 49.0 122.0
person 989.0 520.0 56.0 133.0
person 929.0 534.0 57.0 140.0
person 848.0 606.0 89.0 186.0
person 905.0 609.0 61.0 178.0
person 970.0 614.0 64.0 161.0
person 1021.0 598.0 60.0 151.0
person 1081.0 595.0 69.0 145.0
person 1065.0 588.0 52.0 137.0
person 969.0 642.0 80.0 176.0
person 1040.0 676.0 52.0 140.0
person 1082.0 653.0 72.0 209.0
person 1133.0 696.0 78.0 215.0
person 1121.0 590.0 58.0 152.0
person 1223.0 620.0 66.0 182.0
person 1171.0 682.0 71.0 175.0
person 1501.0 825.0 82.0 220.0
person 1761.0 798.0 130.0 222.0
person 743.0 492.0 48.0 115.0
person 1292.0 481.0 50.0 98.0
person 1343.0 478.0 57.0 97.0
