person 217.0 812.0 140.0 268.0
person 365.0 810.0 122.0 271.0
person 419.0 782.0 97.0 259.0
person 1667.0 834.0 112.0 247.0
person 667.0 690.0 96.0 224.0
person 757.0 703.0 94.0 207.0
person 1553.0 674.0 106.0 239.0
person 1637.0 669.0 76.0 221.0
person 1507.0 520.0 52.0 100.0
person 1443.0 640.0 80.0 206.0
person 1441.0 602.0 81.0 178.0
person 1184.0 617.0 71.0 198.0
person 1038.0 618.0 88.0 196.0
person 1391.0 582.0 71.0 178.0
person 749.0 476.0 46.0 106.0
person 782.0 452.0 50.0 119.0
person 790.0 489.0 48.0 134.0
person 817.0 477.0 52.0 133.0
person 831.0 456.0 54.0 122.0
person 897.0 452.0 55.0 133.0
person 876.0 474.0 58.0 126.0
person 806.0 533.0 67.0 171.0
person 871.0 540.0 63.0 165.0
person 918.0 547.0 61.0 151.0
person 952.0 528.0 61.0 145.0
person 1016.0 525.0 60.0 134.0
person 1007.0 517.0 55.0 129.0
person 933.0 567.0 84.0 163.0
person 993.0 603.0 53.0 120.0
person 1003.0 574.0 74.0 190.0
person 967.0 611.0 74.0 206.0
person 1074.0 519.0 56.0 150.0
person 1098.0 547.0 71.0 184.0
person 1081.0 603.0 74.0 164.0
person 1217.0 449.0 54.0 97.0
person 1244.0 443.0 64.0 105.0
