person 383.0 763.0 129.0 262.0
person 503.0 768.0 106.0 270.0
person 585.0 749.0 89.0 229.0
person 621.0 794.0 106.0 253.0
person 723.0 807.0 109.0 238.0
person 1327.0 655.0 89.0 211.0
person 1340.0 651.0 73.0 205.0
person 1524.0 552.0 53.0 100.0
person 1244.0 644.0 64.0 196.0
person 1562.0 671.0 76.0 198.0
person 1400.0 696.0 86.0 217.0
person 1258.0 697.0 96.0 212.0
person 1539.0 652.0 77.0 195.0
person 832.0 528.0 46.0 115.0
person 882.0 506.0 57.0 132.0
person 808.0 547.0 52.0 135.0
person 899.0 536.0 59.0 134.0
person 932.0 515.0 50.0 123.0
person 1006.0 511.0 59.0 136.0
person 954.0 533.0 58.0 140.0
person 870.0 605.0 81.0 190.0
person 920.0 605.0 84.0 180.0
person 994.0 610.0 66.0 164.0
person 1046.0 597.0 61.0 154.0
person 1104.0 590.0 62.0 162.0
person 1078.0 585.0 55.0 136.0
person 983.0 642.0 85.0 181.0
person 1059.0 685.0 61.0 139.0
person 1133.0 658.0 78.0 208.0
person 1180.0 699.0 84.0 221.0
person 1173.0 584.0 57.0 154.0
person 1300.0 624.0 68.0 182.0
person 1224.0 677.0 71.0 182.0
person 1.0 999.0 37.0 81.0
person 1331.0 807.0 84.0 220.0
person 1624.0 780.0 99.0 229.0
person 787.0 485.0 50.0 113.0
person 731.0 466.0 48.0 125.0
person 1323.0 470.0 50.0 98.0
person 1366.0 468.0 57.0 97.0
