person 389.0 752.0 126.0 262.0
person 508.0 761.0 106.0 266.0
person 594.0 739.0 86.0 226.0
person 612.0 796.0 106.0 255.0
person 722.0 808.0 109.0 240.0
person 1311.0 649.0 90.0 209.0
person 1320.0 645.0 70.0 205.0
person 1523.0 549.0 54.0 100.0
person 1234.0 638.0 64.0 196.0
person 1565.0 668.0 76.0 199.0
person 1408.0 696.0 84.0 218.0
person 1271.0 700.0 116.0 212.0
person 1547.0 649.0 77.0 197.0
person 832.0 526.0 46.0 115.0
person 883.0 503.0 57.0 135.0
person 807.0 544.0 52.0 136.0
person 904.0 532.0 58.0 134.0
person 933.0 513.0 50.0 124.0
person 1008.0 509.0 60.0 136.0
person 960.0 533.0 58.0 140.0
person 866.0 601.0 94.0 194.0
person 926.0 601.0 80.0 183.0
person 998.0 608.0 65.0 164.0
person 1052.0 594.0 62.0 159.0
person 1105.0 586.0 61.0 166.0
person 1085.0 584.0 56.0 136.0
person 990.0 642.0 85.0 181.0
person 1063.0 687.0 61.0 139.0
person 1149.0 656.0 78.0 208.0
person 1187.0 697.0 89.0 222.0
person 1188.0 581.0 56.0 155.0
person 1315.0 621.0 68.0 182.0
person 1239.0 676.0 71.0 185.0
person 1.0 992.0 37.0 88.0
person 51.0 1047.0 60.0 34.0
person 1270.0 806.0 121.0 220.0
person 1573.0 780.0 130.0 229.0
person 800.0 481.0 50.0 113.0
person 736.0 461.0 50.0 130.0
person 1329.0 466.0 50.0 98.0
person 1371.0 465.0 57.0 97.0
