person 335.0 806.0 136.0 273.0
person 453.0 808.0 113.0 271.0
person 515.0 790.0 98.0 242.0
person 656.0 775.0 118.0 245.0
person 738.0 788.0 101.0 222.0
person 1419.0 684.0 96.0 221.0
person 1446.0 679.0 82.0 216.0
person 1521.0 564.0 53.0 100.0
person 1314.0 670.0 80.0 196.0
person 1544.0 670.0 81.0 197.0
person 1312.0 695.0 83.0 209.0
person 1171.0 691.0 75.0 207.0
person 1493.0 650.0 77.0 179.0
person 821.0 534.0 46.0 108.0
person 869.0 508.0 50.0 121.0
person 804.0 549.0 50.0 134.0
person 859.0 536.0 61.0 133.0
person 907.0 515.0 49.0 122.0
person 977.0 517.0 56.0 133.0
person 916.0 534.0 57.0 139.0
person 849.0 600.0 71.0 184.0
person 896.0 601.0 62.0 178.0
person 965.0 615.0 61.0 158.0
person 1011.0 593.0 60.0 148.0
person 1070.0 589.0 64.0 146.0
person 1057.0 584.0 52.0 137.0
person 963.0 635.0 81.0 173.0
person 1030.0 668.0 52.0 140.0
person 1067.0 649.0 73.0 201.0
person 1106.0 691.0 77.0 214.0
person 1118.0 583.0 58.0 152.0
person 1199.0 614.0 64.0 182.0
person 1151.0 676.0 71.0 174.0
person 1545.0 828.0 117.0 220.0
person 1819.0 793.0 94.0 225.0
person 1279.0 483.0 50.0 98.0
person 1335.0 483.0 57.0 97.0
