person 371.0 786.0 121.0 269.0
person 486.0 787.0 110.0 275.0
person 551.0 774.0 97.0 235.0
person 652.0 792.0 105.0 253.0
person 727.0 805.0 107.0 231.0
person 1361.0 672.0 90.0 217.0
person 1388.0 668.0 81.0 212.0
person 1523.0 558.0 53.0 100.0
person 1269.0 662.0 76.0 197.0
person 1557.0 673.0 77.0 201.0
person 1361.0 701.0 98.0 212.0
person 1227.0 701.0 85.0 211.0
person 1517.0 659.0 77.0 187.0
person 831.0 535.0 46.0 115.0
person 879.0 513.0 56.0 125.0
person 809.0 554.0 51.0 133.0
person 884.0 543.0 62.0 134.0
person 921.0 518.0 50.0 122.0
person 1001.0 522.0 57.0 133.0
person 941.0 534.0 58.0 140.0
person 857.0 609.0 86.0 187.0
person 908.0 612.0 64.0 179.0
person 976.0 613.0 66.0 164.0
person 1031.0 600.0 61.0 150.0
person 1088.0 593.0 66.0 154.0
person 1071.0 590.0 53.0 137.0
person 974.0 648.0 82.0 176.0
person 1052.0 682.0 54.0 140.0
person 1101.0 657.0 74.0 209.0
person 1154.0 699.0 78.0 218.0
person 1139.0 588.0 58.0 152.0
person 1259.0 623.0 66.0 182.0
person 1190.0 685.0 71.0 178.0
person 1432.0 823.0 103.0 220.0
person 1714.0 792.0 100.0 228.0
person 756.0 492.0 50.0 112.0
person 1305.0 477.0 50.0 98.0
person 1352.0 474.0 57.0 97.0
