person 344.0 802.0 133.0 274.0
person 461.0 804.0 113.0 276.0
person 521.0 785.0 98.0 242.0
person 655.0 782.0 107.0 246.0
person 736.0 797.0 103.0 224.0
person 1399.0 683.0 99.0 217.0
person 1424.0 679.0 82.0 212.0
person 1522.0 562.0 53.0 100.0
person 1299.0 669.0 80.0 196.0
person 1549.0 671.0 80.0 200.0
person 1327.0 697.0 89.0 211.0
person 1189.0 695.0 79.0 208.0
person 1501.0 654.0 77.0 179.0
person 824.0 534.0 46.0 111.0
person 872.0 510.0 52.0 123.0
person 804.0 552.0 50.0 134.0
person 865.0 540.0 62.0 133.0
person 911.0 519.0 49.0 122.0
person 984.0 519.0 57.0 133.0
person 924.0 534.0 57.0 139.0
person 850.0 604.0 81.0 184.0
person 901.0 607.0 61.0 177.0
person 968.0 614.0 63.0 160.0
person 1017.0 596.0 60.0 150.0
person 1077.0 593.0 67.0 145.0
person 1062.0 586.0 52.0 137.0
person 967.0 640.0 80.0 176.0
person 1035.0 673.0 52.0 140.0
person 1075.0 651.0 72.0 209.0
person 1124.0 695.0 78.0 214.0
person 1120.0 587.0 58.0 152.0
person 1209.0 620.0 66.0 181.0
person 1163.0 680.0 71.0 174.0
person 1516.0 826.0 103.0 220.0
person 1775.0 794.0 129.0 223.0
person 1287.0 482.0 50.0 98.0
person 1340.0 480.0 57.0 97.0
