person 315.0 811.0 130.0 270.0
person 432.0 808.0 115.0 272.0
person 482.0 793.0 97.0 242.0
person 1851.0 852.0 68.0 229.0
person 662.0 757.0 102.0 236.0
person 751.0 770.0 99.0 217.0
person 1465.0 682.0 91.0 232.0
person 1495.0 677.0 82.0 219.0
person 1517.0 560.0 53.0 100.0
person 1351.0 666.0 84.0 199.0
person 1516.0 657.0 82.0 184.0
person 1266.0 677.0 80.0 210.0
person 1135.0 672.0 76.0 204.0
person 1470.0 633.0 76.0 179.0
person 802.0 524.0 46.0 107.0
person 852.0 493.0 50.0 121.0
person 798.0 535.0 49.0 134.0
person 846.0 521.0 57.0 134.0
person 896.0 501.0 50.0 122.0
person 961.0 500.0 56.0 130.0
person 900.0 518.0 58.0 139.0
person 822.0 582.0 78.0 182.0
person 893.0 588.0 60.0 175.0
person 945.0 598.0 61.0 158.0
person 993.0 578.0 63.0 146.0
person 1052.0 572.0 67.0 146.0
person 1044.0 570.0 53.0 133.0
person 954.0 618.0 75.0 169.0
person 1018.0 654.0 52.0 137.0
person 1046.0 633.0 72.0 193.0
person 1058.0 669.0 76.0 214.0
person 1108.0 566.0 58.0 152.0
person 1162.0 599.0 64.0 171.0
person 1128.0 658.0 76.0 166.0
person 1652.0 822.0 108.0 220.0
person 1262.0 478.0 53.0 98.0
person 1306.0 471.0 61.0 101.0
