person 396.0 736.0 120.0 253.0
person 514.0 741.0 106.0 266.0
person 617.0 727.0 86.0 227.0
person 604.0 801.0 106.0 259.0
person 713.0 811.0 114.0 242.0
person 1278.0 638.0 87.0 210.0
person 1288.0 639.0 70.0 210.0
person 1520.0 542.0 54.0 100.0
person 1217.0 628.0 64.0 196.0
person 1571.0 663.0 76.0 202.0
person 1412.0 698.0 84.0 219.0
person 1285.0 701.0 87.0 220.0
person 1555.0 645.0 77.0 198.0
person 834.0 524.0 45.0 115.0
person 883.0 500.0 59.0 137.0
person 807.0 541.0 52.0 138.0
person 910.0 528.0 58.0 134.0
person 934.0 508.0 50.0 128.0
person 1011.0 506.0 61.0 136.0
person 964.0 529.0 58.0 140.0
person 875.0 597.0 89.0 197.0
person 932.0 600.0 72.0 187.0
person 1002.0 605.0 65.0 164.0
person 1056.0 582.0 62.0 167.0
person 1104.0 581.0 68.0 169.0
person 1102.0 581.0 56.0 137.0
person 1003.0 643.0 85.0 182.0
person 1070.0 684.0 62.0 139.0
person 1181.0 651.0 78.0 208.0
person 1197.0 696.0 91.0 226.0
person 1219.0 577.0 56.0 155.0
person 1337.0 618.0 70.0 181.0
person 1267.0 674.0 71.0 186.0
person 1.0 979.0 44.0 101.0
person 51.0 1030.0 73.0 51.0
person 1221.0 798.0 102.0 221.0
person 1523.0 774.0 120.0 231.0
person 818.0 475.0 50.0 113.0
person 745.0 453.0 52.0 138.0
person 1338.0 459.0 50.0 98.0
person 1377.0 460.0 57.0 97.0
