person 393.0 744.0 121.0 259.0
person 511.0 751.0 106.0 266.0
person 605.0 732.0 85.0 226.0
person 608.0 798.0 106.0 257.0
person 718.0 809.0 112.0 241.0
person 1295.0 644.0 88.0 209.0
person 1304.0 642.0 70.0 208.0
person 1522.0 545.0 53.0 100.0
person 1225.0 633.0 64.0 196.0
person 1568.0 666.0 76.0 200.0
person 1410.0 697.0 84.0 218.0
person 1278.0 700.0 101.0 216.0
person 1551.0 647.0 77.0 198.0
person 833.0 525.0 46.0 115.0
person 884.0 501.0 58.0 137.0
person 807.0 543.0 52.0 137.0
person 908.0 529.0 57.0 134.0
person 933.0 510.0 50.0 127.0
person 1010.0 508.0 60.0 136.0
person 962.0 531.0 58.0 140.0
person 863.0 598.0 104.0 197.0
person 930.0 600.0 74.0 186.0
person 1000.0 606.0 65.0 164.0
person 1056.0 590.0 62.0 163.0
person 1106.0 582.0 60.0 170.0
person 1093.0 582.0 56.0 137.0
person 996.0 642.0 85.0 182.0
person 1066.0 685.0 62.0 139.0
person 1165.0 654.0 78.0 208.0
person 1192.0 696.0 92.0 223.0
person 1203.0 579.0 56.0 155.0
person 1326.0 620.0 69.0 181.0
person 1253.0 676.0 71.0 186.0
person 1.0 985.0 41.0 95.0
person 51.0 1038.0 66.0 43.0
person 1248.0 804.0 117.0 220.0
person 1554.0 776.0 121.0 230.0
person 809.0 478.0 50.0 113.0
person 741.0 457.0 50.0 134.0
person 1333.0 463.0 50.0 98.0
person 1375.0 463.0 57.0 97.0
