person 214.0 812.0 140.0 268.0
person 363.0 811.0 122.0 270.0
person 416.0 783.0 98.0 259.0
person 1663.0 834.0 112.0 247.0
person 667.0 689.0 96.0 224.0
person 757.0 701.0 94.0 207.0
person 1557.0 673.0 107.0 240.0
person 1642.0 669.0 76.0 221.0
person 1506.0 518.0 53.0 100.0
person 1447.0 640.0 80.0 207.0
person 1439.0 600.0 81.0 179.0
person 1181.0 616.0 71.0 197.0
person 1035.0 615.0 88.0 196.0
person 1389.0 581.0 70.0 178.0
person 748.0 475.0 45.0 106.0
person 779.0 451.0 50.0 119.0
person 790.0 488.0 48.0 134.0
person 815.0 475.0 53.0 134.0
person 828.0 454.0 54.0 122.0
person 894.0 451.0 55.0 134.0
person 876.0 473.0 57.0 126.0
person 807.0 532.0 67.0 171.0
person 870.0 539.0 63.0 164.0
person 917.0 545.0 62.0 152.0
person 951.0 528.0 60.0 145.0
person 1015.0 524.0 60.0 134.0
person 1006.0 516.0 55.0 129.0
person 933.0 566.0 84.0 163.0
person 992.0 602.0 54.0 119.0
person 1002.0 573.0 74.0 190.0
person 965.0 610.0 74.0 205.0
person 1073.0 518.0 56.0 150.0
person 1096.0 546.0 72.0 184.0
person 1080.0 602.0 73.0 163.0
person 1216.0 449.0 54.0 97.0
person 1242.0 442.0 64.0 106.0
