person 275.0 807.0 130.0 273.0
person 411.0 807.0 120.0 274.0
person 455.0 783.0 96.0 253.0
person 1783.0 846.0 101.0 233.0
person 661.0 734.0 101.0 232.0
person 749.0 743.0 98.0 217.0
person 1489.0 676.0 96.0 233.0
person 1522.0 676.0 92.0 220.0
person 1513.0 552.0 53.0 100.0
person 1380.0 658.0 80.0 201.0
person 1491.0 640.0 81.0 179.0
person 1236.0 655.0 80.0 205.0
person 1104.0 655.0 75.0 201.0
person 1444.0 612.0 76.0 184.0
person 784.0 507.0 46.0 107.0
person 833.0 476.0 50.0 121.0
person 792.0 519.0 48.0 134.0
person 836.0 507.0 60.0 133.0
person 879.0 486.0 50.0 122.0
person 946.0 484.0 48.0 131.0
person 889.0 502.0 61.0 135.0
person 807.0 565.0 80.0 178.0
person 889.0 570.0 61.0 172.0
person 937.0 581.0 60.0 157.0
person 978.0 558.0 63.0 145.0
person 1041.0 560.0 62.0 140.0
person 1034.0 554.0 54.0 128.0
person 943.0 600.0 72.0 168.0
person 1007.0 636.0 52.0 131.0
person 1028.0 615.0 72.0 193.0
person 1019.0 654.0 81.0 208.0
person 1098.0 550.0 58.0 152.0
person 1130.0 582.0 65.0 167.0
person 1112.0 638.0 81.0 166.0
person 1732.0 810.0 111.0 218.0
person 1248.0 467.0 53.0 97.0
person 1285.0 462.0 63.0 104.0
