person 206.0 812.0 140.0 268.0
person 355.0 812.0 123.0 269.0
person 407.0 786.0 101.0 259.0
person 1657.0 832.0 106.0 249.0
person 667.0 687.0 96.0 223.0
person 758.0 696.0 93.0 206.0
person 1570.0 673.0 111.0 241.0
person 1656.0 669.0 76.0 221.0
person 1504.0 514.0 53.0 100.0
person 1459.0 639.0 79.0 209.0
person 1433.0 595.0 81.0 179.0
person 1173.0 612.0 68.0 195.0
person 1031.0 612.0 84.0 193.0
person 1382.0 577.0 67.0 178.0
person 743.0 471.0 45.0 106.0
person 771.0 449.0 50.0 118.0
person 789.0 484.0 49.0 134.0
person 811.0 470.0 52.0 134.0
person 822.0 451.0 54.0 122.0
person 885.0 449.0 56.0 135.0
person 875.0 470.0 55.0 125.0
person 809.0 528.0 67.0 170.0
person 866.0 534.0 62.0 163.0
person 916.0 541.0 61.0 151.0
person 946.0 522.0 63.0 145.0
person 1011.0 520.0 60.0 135.0
person 1002.0 512.0 55.0 129.0
person 934.0 562.0 84.0 163.0
person 990.0 597.0 54.0 118.0
person 1000.0 568.0 74.0 190.0
person 957.0 605.0 74.0 204.0
person 1068.0 515.0 56.0 149.0
person 1091.0 543.0 74.0 184.0
person 1075.0 598.0 73.0 163.0
person 1212.0 447.0 54.0 97.0
person 1235.0 440.0 65.0 107.0
