person 208.0 812.0 140.0 268.0
person 357.0 812.0 123.0 269.0
person 410.0 785.0 100.0 259.0
person 1659.0 833.0 108.0 248.0
person 667.0 688.0 96.0 223.0
person 757.0 697.0 94.0 207.0
person 1565.0 673.0 111.0 240.0
person 1651.0 669.0 76.0 221.0
person 1505.0 515.0 52.0 100.0
person 1455.0 640.0 79.0 208.0
person 1435.0 597.0 81.0 178.0
person 1176.0 613.0 69.0 196.0
person 1032.0 613.0 85.0 194.0
person 1384.0 578.0 68.0 178.0
person 745.0 473.0 45.0 106.0
person 774.0 450.0 50.0 118.0
person 789.0 485.0 49.0 134.0
person 813.0 472.0 51.0 134.0
person 824.0 452.0 54.0 122.0
person 888.0 450.0 56.0 134.0
person 876.0 471.0 55.0 126.0
person 808.0 529.0 67.0 171.0
person 867.0 536.0 63.0 163.0
person 916.0 542.0 62.0 152.0
person 947.0 524.0 62.0 145.0
person 1012.0 521.0 60.0 135.0
person 1004.0 514.0 54.0 128.0
person 934.0 563.0 84.0 163.0
person 991.0 599.0 54.0 118.0
person 1001.0 570.0 73.0 190.0
person 959.0 607.0 74.0 204.0
person 1070.0 516.0 55.0 150.0
person 1093.0 544.0 73.0 184.0
person 1077.0 599.0 73.0 163.0
person 1213.0 448.0 54.0 97.0
person 1237.0 441.0 65.0 106.0
