person 329.0 807.0 130.0 274.0
person 444.0 810.0 114.0 269.0
person 497.0 792.0 97.0 242.0
person 663.0 767.0 103.0 239.0
person 749.0 779.0 98.0 217.0
person 1451.0 684.0 90.0 229.0
person 1482.0 678.0 82.0 221.0
person 1519.0 564.0 53.0 100.0
person 1337.0 668.0 82.0 198.0
person 1529.0 664.0 82.0 190.0
person 1284.0 685.0 80.0 210.0
person 1149.0 679.0 76.0 205.0
person 1481.0 644.0 77.0 179.0
person 811.0 529.0 46.0 107.0
person 859.0 500.0 50.0 121.0
person 805.0 543.0 49.0 134.0
person 851.0 528.0 57.0 133.0
person 900.0 506.0 50.0 122.0
person 967.0 507.0 58.0 131.0
person 906.0 524.0 58.0 139.0
person 837.0 587.0 68.0 185.0
person 897.0 595.0 60.0 175.0
person 952.0 604.0 61.0 158.0
person 1001.0 584.0 62.0 145.0
person 1058.0 579.0 68.0 146.0
person 1049.0 578.0 52.0 136.0
person 959.0 627.0 81.0 169.0
person 1023.0 661.0 52.0 140.0
person 1054.0 641.0 74.0 193.0
person 1077.0 684.0 77.0 214.0
person 1113.0 574.0 58.0 152.0
person 1181.0 605.0 62.0 180.0
person 1136.0 665.0 75.0 169.0
person 1605.0 828.0 129.0 220.0
person 1269.0 480.0 51.0 98.0
person 1317.0 476.0 60.0 99.0
