person 392.0 749.0 122.0 262.0
person 509.0 756.0 106.0 266.0
person 599.0 735.0 85.0 226.0
person 610.0 797.0 106.0 256.0
person 720.0 809.0 111.0 240.0
person 1303.0 646.0 89.0 210.0
person 1312.0 644.0 70.0 206.0
person 1523.0 547.0 53.0 100.0
person 1229.0 635.0 64.0 196.0
person 1567.0 667.0 76.0 200.0
person 1409.0 697.0 84.0 218.0
person 1274.0 700.0 109.0 214.0
person 1549.0 648.0 77.0 197.0
person 833.0 525.0 45.0 115.0
person 883.0 502.0 58.0 136.0
person 807.0 543.0 52.0 137.0
person 906.0 531.0 57.0 134.0
person 933.0 511.0 50.0 126.0
person 1009.0 508.0 60.0 136.0
person 961.0 532.0 58.0 140.0
person 864.0 599.0 99.0 196.0
person 928.0 600.0 77.0 185.0
person 999.0 607.0 65.0 164.0
person 1054.0 592.0 62.0 161.0
person 1106.0 584.0 60.0 168.0
person 1089.0 583.0 56.0 136.0
person 993.0 642.0 85.0 182.0
person 1064.0 686.0 62.0 139.0
person 1157.0 655.0 78.0 208.0
person 1189.0 696.0 92.0 223.0
person 1195.0 580.0 56.0 155.0
person 1320.0 620.0 69.0 182.0
person 1247.0 677.0 71.0 186.0
person 1.0 989.0 39.0 91.0
person 51.0 1042.0 63.0 39.0
person 1260.0 806.0 121.0 220.0
person 1560.0 778.0 131.0 230.0
person 804.0 480.0 50.0 113.0
person 739.0 459.0 50.0 132.0
person 1331.0 464.0 50.0 98.0
person 1373.0 464.0 57.0 97.0
