person 387.0 755.0 129.0 262.0
person 506.0 764.0 106.0 267.0
person 589.0 743.0 87.0 226.0
person 614.0 795.0 106.0 254.0
person 724.0 808.0 108.0 239.0
person 1320.0 652.0 90.0 209.0
person 1328.0 647.0 70.0 203.0
person 1524.0 551.0 53.0 100.0
person 1238.0 640.0 64.0 196.0
person 1564.0 669.0 76.0 199.0
person 1407.0 696.0 84.0 217.0
person 1266.0 699.0 108.0 212.0
person 1545.0 651.0 77.0 196.0
person 832.0 526.0 46.0 115.0
person 882.0 504.0 58.0 134.0
person 807.0 545.0 52.0 136.0
person 902.0 534.0 58.0 134.0
person 932.0 514.0 50.0 124.0
person 1007.0 509.0 60.0 136.0
person 957.0 533.0 58.0 140.0
person 868.0 602.0 88.0 193.0
person 925.0 602.0 82.0 182.0
person 997.0 609.0 65.0 164.0
person 1049.0 595.0 62.0 157.0
person 1105.0 587.0 61.0 165.0
person 1081.0 584.0 56.0 136.0
person 987.0 642.0 85.0 181.0
person 1061.0 686.0 61.0 139.0
person 1142.0 657.0 78.0 208.0
person 1184.0 698.0 88.0 222.0
person 1182.0 582.0 56.0 155.0
person 1309.0 622.0 68.0 182.0
person 1232.0 675.0 71.0 184.0
person 1.0 995.0 37.0 85.0
person 1289.0 807.0 111.0 220.0
person 1593.0 780.0 118.0 229.0
person 795.0 483.0 50.0 113.0
person 734.0 463.0 49.0 128.0
person 1327.0 467.0 50.0 98.0
person 1369.0 466.0 57.0 97.0
