person 376.0 782.0 121.0 269.0
person 492.0 784.0 107.0 276.0
person 569.0 765.0 90.0 235.0
person 646.0 792.0 105.0 253.0
person 724.0 806.0 109.0 233.0
person 1351.0 669.0 88.0 217.0
person 1378.0 665.0 81.0 212.0
person 1523.0 557.0 53.0 100.0
person 1263.0 658.0 73.0 196.0
person 1557.0 673.0 77.0 199.0
person 1370.0 700.0 95.0 213.0
person 1237.0 703.0 85.0 211.0
person 1522.0 658.0 77.0 189.0
person 832.0 534.0 46.0 115.0
person 880.0 512.0 56.0 126.0
person 811.0 554.0 52.0 133.0
person 889.0 543.0 61.0 134.0
person 924.0 518.0 50.0 122.0
person 1002.0 519.0 57.0 134.0
person 944.0 534.0 58.0 140.0
person 864.0 609.0 79.0 187.0
person 910.0 609.0 68.0 179.0
person 980.0 612.0 66.0 164.0
person 1034.0 600.0 61.0 150.0
person 1091.0 591.0 64.0 158.0
person 1073.0 589.0 53.0 136.0
person 976.0 649.0 82.0 176.0
person 1053.0 683.0 58.0 139.0
person 1107.0 658.0 76.0 209.0
person 1162.0 700.0 78.0 219.0
person 1146.0 588.0 58.0 152.0
person 1269.0 624.0 66.0 182.0
person 1199.0 685.0 71.0 178.0
person 1421.0 822.0 69.0 220.0
person 1689.0 792.0 108.0 228.0
person 762.0 491.0 50.0 112.0
person 1310.0 476.0 50.0 98.0
person 1355.0 473.0 57.0 97.0
