person 347.0 801.0 131.0 274.0
person 463.0 802.0 114.0 278.0
person 523.0 782.0 98.0 241.0
person 655.0 783.0 107.0 247.0
person 735.0 798.0 104.0 225.0
person 1396.0 682.0 98.0 217.0
person 1421.0 678.0 82.0 212.0
person 1522.0 562.0 53.0 100.0
person 1296.0 668.0 80.0 197.0
person 1550.0 672.0 80.0 200.0
person 1330.0 698.0 91.0 210.0
person 1193.0 695.0 79.0 209.0
person 1503.0 655.0 77.0 179.0
person 825.0 534.0 46.0 111.0
person 873.0 511.0 53.0 122.0
person 804.0 553.0 50.0 134.0
person 867.0 540.0 62.0 133.0
person 912.0 519.0 49.0 122.0
person 986.0 520.0 56.0 133.0
person 925.0 534.0 58.0 139.0
person 849.0 605.0 84.0 185.0
person 902.0 607.0 61.0 178.0
person 969.0 614.0 63.0 160.0
person 1019.0 597.0 60.0 150.0
person 1078.0 593.0 68.0 146.0
person 1063.0 587.0 52.0 137.0
person 967.0 640.0 80.0 176.0
person 1036.0 674.0 52.0 140.0
person 1077.0 651.0 72.0 209.0
person 1128.0 696.0 78.0 214.0
person 1120.0 588.0 58.0 152.0
person 1213.0 620.0 66.0 181.0
person 1165.0 680.0 71.0 175.0
person 1511.0 826.0 96.0 220.0
person 1770.0 795.0 129.0 223.0
person 1289.0 481.0 50.0 98.0
person 1341.0 479.0 57.0 97.0
