person 267.0 806.0 129.0 274.0
person 405.0 805.0 120.0 276.0
person 451.0 781.0 97.0 254.0
person 1775.0 840.0 101.0 238.0
person 662.0 727.0 100.0 232.0
person 749.0 737.0 98.0 216.0
person 1496.0 675.0 98.0 233.0
person 1537.0 674.0 86.0 219.0
person 1515.0 547.0 53.0 100.0
person 1388.0 655.0 80.0 201.0
person 1484.0 634.0 81.0 179.0
person 1228.0 648.0 80.0 203.0
person 1093.0 649.0 74.0 199.0
person 1435.0 606.0 76.0 187.0
person 778.0 502.0 46.0 106.0
person 826.0 471.0 50.0 121.0
person 791.0 514.0 48.0 134.0
person 833.0 503.0 60.0 133.0
person 872.0 480.0 49.0 122.0
person 941.0 479.0 47.0 131.0
person 886.0 496.0 63.0 134.0
person 807.0 557.0 75.0 179.0
person 888.0 565.0 62.0 170.0
person 935.0 576.0 60.0 157.0
person 974.0 554.0 61.0 145.0
person 1036.0 554.0 62.0 138.0
person 1030.0 548.0 54.0 128.0
person 939.0 594.0 76.0 167.0
person 1004.0 631.0 52.0 129.0
person 1022.0 609.0 72.0 193.0
person 1010.0 645.0 76.0 208.0
person 1095.0 545.0 58.0 152.0
person 1124.0 576.0 65.0 170.0
person 1108.0 632.0 79.0 166.0
person 1761.0 804.0 106.0 218.0
person 1243.0 462.0 54.0 98.0
person 1279.0 460.0 64.0 104.0
