person 245.0 807.0 128.0 274.0
person 386.0 806.0 120.0 275.0
person 440.0 779.0 97.0 257.0
person 1709.0 834.0 106.0 247.0
person 666.0 710.0 97.0 226.0
person 754.0 719.0 96.0 210.0
person 1518.0 675.0 96.0 235.0
person 1595.0 670.0 80.0 221.0
person 1513.0 533.0 52.0 100.0
person 1412.0 646.0 81.0 201.0
person 1461.0 616.0 80.0 179.0
person 1206.0 630.0 77.0 199.0
person 1063.0 634.0 79.0 196.0
person 1413.0 589.0 74.0 179.0
person 763.0 489.0 46.0 106.0
person 805.0 459.0 50.0 120.0
person 791.0 501.0 48.0 134.0
person 825.0 490.0 57.0 133.0
person 850.0 467.0 53.0 121.0
person 923.0 461.0 51.0 131.0
person 879.0 483.0 64.0 129.0
person 805.0 543.0 68.0 175.0
person 880.0 553.0 63.0 167.0
person 925.0 561.0 61.0 154.0
person 965.0 538.0 66.0 145.0
person 1026.0 537.0 61.0 137.0
person 1019.0 532.0 54.0 128.0
person 931.0 579.0 84.0 164.0
person 998.0 617.0 53.0 124.0
person 1010.0 589.0 74.0 191.0
person 990.0 626.0 74.0 208.0
person 1088.0 529.0 58.0 152.0
person 1112.0 557.0 65.0 182.0
person 1095.0 616.0 74.0 164.0
person 1828.0 793.0 90.0 209.0
person 1230.0 454.0 54.0 97.0
person 1262.0 451.0 64.0 104.0
