person 379.0 776.0 125.0 266.0
person 498.0 776.0 106.0 274.0
person 581.0 758.0 89.0 233.0
person 636.0 792.0 106.0 253.0
person 723.0 807.0 109.0 235.0
person 1339.0 662.0 88.0 214.0
person 1360.0 659.0 80.0 211.0
person 1524.0 554.0 53.0 100.0
person 1254.0 650.0 67.0 197.0
person 1559.0 674.0 76.0 197.0
person 1385.0 698.0 91.0 215.0
person 1247.0 698.0 85.0 212.0
person 1531.0 655.0 77.0 192.0
person 832.0 531.0 46.0 115.0
person 881.0 509.0 56.0 129.0
person 809.0 550.0 52.0 134.0
person 894.0 539.0 60.0 134.0
person 929.0 517.0 50.0 122.0
person 1004.0 515.0 58.0 135.0
person 949.0 534.0 58.0 140.0
person 875.0 609.0 68.0 187.0
person 915.0 608.0 77.0 179.0
person 987.0 611.0 66.0 164.0
person 1039.0 600.0 61.0 150.0
person 1096.0 589.0 62.0 164.0
person 1075.0 587.0 55.0 136.0
person 979.0 645.0 84.0 179.0
person 1056.0 684.0 61.0 139.0
person 1118.0 659.0 78.0 208.0
person 1173.0 701.0 79.0 220.0
person 1158.0 587.0 58.0 152.0
person 1286.0 626.0 67.0 182.0
person 1213.0 684.0 71.0 178.0
person 1364.0 822.0 110.0 220.0
person 1656.0 789.0 113.0 227.0
person 775.0 488.0 50.0 112.0
person 1318.0 474.0 50.0 98.0
person 1360.0 470.0 57.0 97.0
