person 403.0 731.0 120.0 253.0
person 517.0 732.0 106.0 266.0
person 622.0 719.0 86.0 227.0
person 594.0 804.0 109.0 262.0
person 708.0 813.0 113.0 244.0
person 1261.0 633.0 87.0 211.0
person 1272.0 637.0 70.0 212.0
person 1519.0 538.0 54.0 100.0
person 1212.0 624.0 65.0 196.0
person 1574.0 661.0 76.0 203.0
person 1415.0 699.0 84.0 220.0
person 1291.0 702.0 78.0 223.0
person 1559.0 642.0 77.0 200.0
person 835.0 523.0 45.0 116.0
person 883.0 500.0 59.0 137.0
person 807.0 540.0 52.0 138.0
person 912.0 528.0 58.0 134.0
person 935.0 506.0 50.0 129.0
person 1013.0 505.0 61.0 136.0
person 966.0 528.0 58.0 140.0
person 884.0 597.0 83.0 197.0
person 935.0 601.0 71.0 187.0
person 1005.0 605.0 65.0 167.0
person 1060.0 585.0 62.0 166.0
person 1108.0 581.0 69.0 169.0
person 1110.0 580.0 56.0 137.0
person 1008.0 644.0 85.0 182.0
person 1074.0 683.0 62.0 139.0
person 1193.0 650.0 78.0 208.0
person 1203.0 696.0 89.0 229.0
person 1235.0 575.0 56.0 155.0
person 1349.0 616.0 70.0 181.0
person 1277.0 674.0 75.0 183.0
person 1.0 972.0 47.0 108.0
person 51.0 1022.0 79.0 59.0
person 1186.0 796.0 108.0 221.0
person 1489.0 774.0 124.0 231.0
person 828.0 472.0 50.0 113.0
person 750.0 453.0 56.0 139.0
person 1342.0 456.0 50.0 98.0
person 1379.0 457.0 57.0 97.0
