person 262.0 807.0 129.0 274.0
person 401.0 805.0 120.0 276.0
person 449.0 781.0 97.0 254.0
person 1759.0 838.0 102.0 241.0
person 663.0 723.0 100.0 232.0
person 751.0 735.0 98.0 214.0
person 1500.0 675.0 98.0 233.0
person 1550.0 672.0 82.0 219.0
person 1516.0 543.0 53.0 100.0
person 1393.0 653.0 81.0 201.0
person 1479.0 630.0 80.0 179.0
person 1223.0 643.0 80.0 201.0
person 1086.0 645.0 73.0 198.0
person 1430.0 600.0 75.0 184.0
person 775.0 499.0 46.0 106.0
person 822.0 467.0 50.0 121.0
person 791.0 511.0 48.0 134.0
person 831.0 500.0 60.0 133.0
person 867.0 477.0 49.0 121.0
person 937.0 475.0 48.0 131.0
person 884.0 493.0 64.0 132.0
person 807.0 553.0 72.0 178.0
person 886.0 562.0 62.0 169.0
person 932.0 572.0 61.0 157.0
person 972.0 552.0 59.0 145.0
person 1033.0 550.0 62.0 137.0
person 1028.0 545.0 54.0 128.0
person 937.0 591.0 78.0 166.0
person 1002.0 628.0 52.0 127.0
person 1019.0 606.0 72.0 193.0
person 1004.0 639.0 74.0 208.0
person 1094.0 541.0 58.0 152.0
person 1121.0 572.0 65.0 173.0
person 1105.0 627.0 77.0 166.0
person 1781.0 800.0 102.0 218.0
person 1240.0 459.0 54.0 98.0
person 1275.0 458.0 64.0 104.0
