person 335.0 805.0 138.0 273.0
person 454.0 808.0 113.0 271.0
person 517.0 790.0 98.0 242.0
person 655.0 776.0 115.0 245.0
person 738.0 790.0 101.0 222.0
person 1415.0 684.0 97.0 220.0
person 1442.0 679.0 82.0 215.0
person 1521.0 564.0 53.0 100.0
person 1311.0 670.0 80.0 196.0
person 1545.0 671.0 81.0 197.0
person 1315.0 695.0 84.0 210.0
person 1175.0 692.0 75.0 207.0
person 1495.0 651.0 77.0 179.0
person 822.0 534.0 46.0 109.0
person 869.0 508.0 51.0 122.0
person 804.0 549.0 50.0 134.0
person 860.0 537.0 61.0 133.0
person 908.0 516.0 49.0 122.0
person 979.0 519.0 56.0 133.0
person 918.0 534.0 57.0 139.0
person 852.0 602.0 72.0 182.0
person 896.0 603.0 62.0 177.0
person 965.0 614.0 62.0 159.0
person 1013.0 594.0 60.0 148.0
person 1071.0 590.0 65.0 146.0
person 1058.0 585.0 52.0 137.0
person 964.0 636.0 80.0 173.0
person 1031.0 669.0 52.0 140.0
person 1069.0 649.0 72.0 203.0
person 1109.0 692.0 78.0 214.0
person 1118.0 584.0 58.0 152.0
person 1201.0 615.0 64.0 182.0
person 1153.0 678.0 71.0 174.0
person 1538.0 828.0 121.0 220.0
person 1810.0 793.0 101.0 224.0
person 1281.0 484.0 50.0 98.0
person 1336.0 482.0 57.0 97.0
