person 379.0 779.0 123.0 267.0
person 497.0 778.0 106.0 274.0
person 579.0 759.0 89.0 233.0
person 638.0 792.0 105.0 253.0
person 723.0 807.0 109.0 235.0
person 1341.0 663.0 89.0 215.0
person 1365.0 661.0 81.0 212.0
person 1524.0 555.0 53.0 100.0
person 1256.0 652.0 68.0 196.0
person 1558.0 673.0 76.0 198.0
person 1382.0 698.0 92.0 215.0
person 1246.0 700.0 84.0 211.0
person 1529.0 656.0 77.0 191.0
person 832.0 532.0 46.0 115.0
person 880.0 509.0 57.0 129.0
person 809.0 551.0 52.0 134.0
person 893.0 540.0 60.0 134.0
person 928.0 517.0 50.0 122.0
person 1003.0 516.0 59.0 134.0
person 948.0 534.0 58.0 140.0
person 872.0 609.0 71.0 187.0
person 914.0 608.0 76.0 179.0
person 986.0 611.0 66.0 164.0
person 1038.0 600.0 61.0 150.0
person 1095.0 589.0 62.0 163.0
person 1075.0 587.0 54.0 137.0
person 979.0 646.0 83.0 178.0
person 1055.0 684.0 61.0 139.0
person 1115.0 659.0 78.0 208.0
person 1172.0 701.0 78.0 220.0
person 1156.0 588.0 58.0 152.0
person 1284.0 627.0 66.0 182.0
person 1210.0 684.0 71.0 178.0
person 1375.0 822.0 102.0 220.0
person 1661.0 791.0 119.0 227.0
person 772.0 488.0 50.0 113.0
person 1317.0 475.0 50.0 98.0
person 1359.0 471.0 57.0 97.0
