person 332.0 809.0 129.0 272.0
person 446.0 809.0 114.0 270.0
person 502.0 791.0 98.0 242.0
person 661.0 769.0 107.0 241.0
person 748.0 782.0 98.0 218.0
person 1443.0 684.0 92.0 227.0
person 1475.0 679.0 82.0 220.0
person 1520.0 566.0 53.0 100.0
person 1331.0 669.0 81.0 197.0
person 1534.0 667.0 82.0 192.0
person 1291.0 688.0 80.0 210.0
person 1154.0 682.0 76.0 206.0
person 1484.0 645.0 77.0 179.0
person 814.0 531.0 46.0 107.0
person 862.0 502.0 49.0 121.0
person 804.0 544.0 50.0 134.0
person 853.0 530.0 58.0 133.0
person 902.0 509.0 49.0 122.0
person 970.0 510.0 57.0 131.0
person 909.0 527.0 57.0 139.0
person 840.0 590.0 67.0 186.0
person 898.0 598.0 60.0 175.0
person 955.0 607.0 61.0 158.0
person 1004.0 587.0 61.0 146.0
person 1061.0 583.0 65.0 146.0
person 1051.0 582.0 52.0 137.0
person 960.0 629.0 81.0 170.0
person 1025.0 663.0 52.0 140.0
person 1058.0 645.0 74.0 193.0
person 1084.0 687.0 77.0 214.0
person 1115.0 577.0 58.0 152.0
person 1187.0 608.0 62.0 182.0
person 1140.0 668.0 74.0 170.0
person 1590.0 828.0 124.0 220.0
person 1271.0 481.0 52.0 98.0
person 1322.0 477.0 58.0 99.0
