person 375.0 782.0 121.0 269.0
person 490.0 785.0 108.0 276.0
person 563.0 768.0 92.0 235.0
person 648.0 792.0 105.0 253.0
person 725.0 805.0 108.0 233.0
person 1354.0 670.0 89.0 217.0
person 1381.0 666.0 81.0 212.0
person 1523.0 557.0 53.0 100.0
person 1265.0 659.0 74.0 197.0
person 1557.0 673.0 77.0 200.0
person 1367.0 700.0 96.0 213.0
person 1234.0 702.0 85.0 211.0
person 1520.0 659.0 77.0 188.0
person 832.0 535.0 46.0 115.0
person 879.0 512.0 57.0 126.0
person 810.0 554.0 52.0 133.0
person 888.0 544.0 62.0 134.0
person 923.0 518.0 50.0 122.0
person 1001.0 520.0 58.0 133.0
person 943.0 534.0 58.0 140.0
person 862.0 609.0 81.0 187.0
person 909.0 610.0 67.0 179.0
person 978.0 612.0 66.0 164.0
person 1033.0 600.0 61.0 150.0
person 1090.0 592.0 65.0 157.0
person 1072.0 589.0 53.0 137.0
person 976.0 650.0 82.0 176.0
person 1053.0 683.0 56.0 139.0
person 1105.0 658.0 75.0 209.0
person 1160.0 700.0 77.0 219.0
person 1144.0 588.0 58.0 152.0
person 1266.0 624.0 66.0 182.0
person 1196.0 685.0 71.0 178.0
person 1424.0 822.0 81.0 220.0
person 1697.0 792.0 102.0 228.0
person 760.0 492.0 50.0 112.0
person 1308.0 477.0 50.0 98.0
person 1354.0 473.0 57.0 97.0
