person 203.0 812.0 140.0 268.0
person 352.0 813.0 123.0 268.0
person 404.0 787.0 102.0 259.0
person 1655.0 832.0 104.0 249.0
person 667.0 687.0 96.0 222.0
person 758.0 694.0 93.0 206.0
person 1574.0 673.0 113.0 241.0
person 1661.0 669.0 76.0 221.0
person 1504.0 512.0 52.0 100.0
person 1463.0 639.0 79.0 210.0
person 1431.0 594.0 81.0 178.0
person 1170.0 611.0 68.0 194.0
person 1029.0 611.0 83.0 192.0
person 1379.0 575.0 67.0 178.0
person 742.0 470.0 45.0 106.0
person 769.0 448.0 50.0 118.0
person 789.0 483.0 49.0 134.0
person 810.0 469.0 51.0 134.0
person 820.0 450.0 54.0 122.0
person 882.0 448.0 57.0 135.0
person 875.0 469.0 54.0 125.0
person 809.0 526.0 67.0 171.0
person 865.0 533.0 62.0 162.0
person 915.0 539.0 62.0 152.0
person 944.0 520.0 64.0 145.0
person 1009.0 518.0 61.0 136.0
person 1001.0 511.0 55.0 129.0
person 934.0 560.0 84.0 163.0
person 990.0 596.0 54.0 117.0
person 1000.0 567.0 73.0 190.0
person 954.0 604.0 74.0 203.0
person 1067.0 514.0 55.0 149.0
person 1090.0 542.0 74.0 184.0
person 1074.0 596.0 73.0 163.0
person 1210.0 447.0 54.0 97.0
person 1233.0 440.0 65.0 107.0
