person 351.0 801.0 128.0 274.0
person 465.0 800.0 114.0 280.0
person 525.0 780.0 98.0 239.0
person 655.0 784.0 106.0 247.0
person 735.0 800.0 104.0 225.0
person 1392.0 681.0 98.0 217.0
person 1418.0 677.0 81.0 212.0
person 1522.0 562.0 53.0 100.0
person 1293.0 668.0 80.0 197.0
person 1551.0 672.0 79.0 200.0
person 1333.0 698.0 92.0 211.0
person 1196.0 696.0 81.0 209.0
person 1505.0 656.0 77.0 179.0
person 826.0 535.0 46.0 111.0
person 874.0 511.0 53.0 123.0
person 804.0 554.0 50.0 134.0
person 869.0 540.0 62.0 134.0
person 913.0 519.0 49.0 122.0
person 987.0 520.0 57.0 133.0
person 927.0 534.0 58.0 140.0
person 849.0 606.0 86.0 185.0
person 903.0 608.0 61.0 178.0
person 969.0 614.0 64.0 160.0
person 1020.0 598.0 60.0 150.0
person 1080.0 594.0 68.0 145.0
person 1064.0 587.0 52.0 137.0
person 968.0 641.0 80.0 176.0
person 1038.0 675.0 52.0 140.0
person 1079.0 652.0 73.0 209.0
person 1130.0 696.0 78.0 214.0
person 1120.0 589.0 58.0 152.0
person 1218.0 620.0 66.0 181.0
person 1168.0 681.0 71.0 175.0
person 1506.0 825.0 89.0 220.0
person 1765.0 796.0 130.0 223.0
person 1290.0 481.0 50.0 98.0
person 1342.0 479.0 57.0 97.0
