person 303.0 813.0 130.0 268.0
person 425.0 807.0 116.0 273.0
person 473.0 790.0 97.0 245.0
person 1834.0 852.0 79.0 229.0
person 661.0 750.0 102.0 234.0
person 752.0 764.0 98.0 217.0
person 1472.0 680.0 93.0 233.0
person 1502.0 676.0 84.0 219.0
person 1516.0 557.0 53.0 100.0
person 1359.0 664.0 85.0 200.0
person 1509.0 652.0 82.0 182.0
person 1255.0 672.0 80.0 211.0
person 1127.0 668.0 76.0 203.0
person 1463.0 626.0 76.0 179.0
person 797.0 519.0 46.0 107.0
person 848.0 489.0 50.0 121.0
person 795.0 530.0 49.0 134.0
person 843.0 517.0 58.0 134.0
person 893.0 498.0 50.0 122.0
person 956.0 495.0 54.0 131.0
person 897.0 514.0 58.0 139.0
person 813.0 579.0 84.0 180.0
person 892.0 584.0 60.0 175.0
person 942.0 592.0 61.0 158.0
person 988.0 575.0 64.0 146.0
person 1050.0 570.0 61.0 145.0
person 1041.0 565.0 53.0 132.0
person 951.0 613.0 72.0 169.0
person 1015.0 648.0 52.0 136.0
person 1040.0 627.0 72.0 193.0
person 1047.0 663.0 77.0 213.0
person 1105.0 561.0 58.0 152.0
person 1151.0 595.0 65.0 167.0
person 1123.0 652.0 77.0 166.0
person 1683.0 816.0 84.0 220.0
person 1259.0 477.0 53.0 98.0
person 1300.0 469.0 62.0 101.0
