person 335.0 804.0 140.0 274.0
person 455.0 808.0 113.0 271.0
person 518.0 788.0 98.0 242.0
person 655.0 778.0 111.0 245.0
person 737.0 792.0 102.0 222.0
person 1411.0 684.0 98.0 219.0
person 1437.0 679.0 82.0 215.0
person 1521.0 564.0 53.0 100.0
person 1308.0 669.0 80.0 197.0
person 1546.0 671.0 80.0 197.0
person 1318.0 696.0 86.0 210.0
person 1178.0 693.0 77.0 207.0
person 1497.0 652.0 77.0 179.0
person 823.0 534.0 46.0 109.0
person 870.0 509.0 51.0 122.0
person 804.0 550.0 50.0 134.0
person 861.0 538.0 62.0 133.0
person 909.0 517.0 49.0 122.0
person 980.0 519.0 56.0 133.0
person 919.0 534.0 57.0 139.0
person 851.0 602.0 74.0 183.0
person 897.0 605.0 61.0 177.0
person 966.0 614.0 62.0 159.0
person 1014.0 594.0 60.0 149.0
person 1073.0 591.0 65.0 145.0
person 1059.0 585.0 52.0 137.0
person 965.0 637.0 80.0 174.0
person 1032.0 670.0 52.0 140.0
person 1070.0 649.0 73.0 205.0
person 1113.0 693.0 78.0 214.0
person 1119.0 584.0 58.0 152.0
person 1203.0 616.0 65.0 182.0
person 1155.0 678.0 71.0 174.0
person 1531.0 828.0 125.0 220.0
person 1801.0 793.0 108.0 224.0
person 1282.0 483.0 50.0 98.0
person 1337.0 481.0 57.0 97.0
