person 324.0 807.0 130.0 274.0
person 439.0 809.0 114.0 270.0
person 491.0 793.0 97.0 242.0
person 1860.0 852.0 59.0 229.0
person 663.0 763.0 102.0 239.0
person 750.0 775.0 98.0 218.0
person 1459.0 684.0 89.0 232.0
person 1487.0 678.0 82.0 220.0
person 1518.0 562.0 53.0 100.0
person 1342.0 667.0 83.0 198.0
person 1524.0 661.0 82.0 188.0
person 1277.0 682.0 80.0 210.0
person 1144.0 676.0 76.0 205.0
person 1476.0 639.0 77.0 179.0
person 807.0 527.0 46.0 107.0
person 856.0 497.0 50.0 121.0
person 802.0 540.0 49.0 134.0
person 849.0 526.0 57.0 134.0
person 898.0 504.0 50.0 122.0
person 965.0 505.0 58.0 130.0
person 904.0 522.0 57.0 139.0
person 831.0 585.0 72.0 184.0
person 895.0 592.0 60.0 175.0
person 949.0 601.0 61.0 158.0
person 998.0 581.0 62.0 146.0
person 1054.0 575.0 72.0 146.0
person 1047.0 575.0 52.0 135.0
person 957.0 623.0 78.0 169.0
person 1021.0 659.0 52.0 139.0
person 1051.0 638.0 73.0 193.0
person 1069.0 678.0 77.0 214.0
person 1111.0 571.0 58.0 152.0
person 1173.0 603.0 63.0 176.0
person 1133.0 662.0 75.0 168.0
person 1621.0 828.0 133.0 220.0
person 1266.0 479.0 52.0 98.0
person 1313.0 474.0 60.0 100.0
