person 269.0 806.0 130.0 274.0
person 407.0 806.0 120.0 275.0
person 452.0 782.0 97.0 253.0
person 1777.0 842.0 101.0 236.0
person 662.0 730.0 100.0 232.0
person 748.0 738.0 98.0 217.0
person 1493.0 675.0 98.0 233.0
person 1531.0 675.0 89.0 220.0
person 1514.0 548.0 53.0 100.0
person 1385.0 656.0 80.0 201.0
person 1486.0 636.0 81.0 179.0
person 1231.0 650.0 80.0 204.0
person 1097.0 651.0 74.0 200.0
person 1438.0 608.0 76.0 186.0
person 780.0 504.0 46.0 106.0
person 828.0 472.0 50.0 121.0
person 791.0 516.0 48.0 134.0
person 834.0 504.0 60.0 133.0
person 874.0 482.0 49.0 122.0
person 944.0 481.0 46.0 131.0
person 887.0 498.0 62.0 134.0
person 807.0 560.0 77.0 178.0
person 888.0 566.0 62.0 171.0
person 935.0 577.0 60.0 157.0
person 975.0 555.0 62.0 145.0
person 1038.0 556.0 62.0 139.0
person 1032.0 550.0 54.0 128.0
person 940.0 596.0 75.0 167.0
person 1005.0 633.0 52.0 129.0
person 1024.0 611.0 72.0 193.0
person 1013.0 648.0 78.0 208.0
person 1096.0 546.0 58.0 152.0
person 1125.0 578.0 65.0 169.0
person 1109.0 634.0 80.0 166.0
person 1752.0 806.0 107.0 218.0
person 1244.0 464.0 54.0 97.0
person 1281.0 461.0 64.0 104.0
