person 335.0 809.0 130.0 272.0
person 449.0 809.0 114.0 270.0
person 509.0 790.0 98.0 242.0
person 658.0 772.0 113.0 243.0
person 744.0 786.0 99.0 219.0
person 1431.0 684.0 94.0 224.0
person 1461.0 679.0 82.0 218.0
person 1521.0 566.0 53.0 100.0
person 1323.0 671.0 80.0 196.0
person 1541.0 670.0 81.0 194.0
person 1303.0 694.0 80.0 209.0
person 1162.0 687.0 75.0 206.0
person 1489.0 648.0 77.0 179.0
person 820.0 534.0 46.0 107.0
person 867.0 507.0 49.0 121.0
person 804.0 546.0 50.0 134.0
person 856.0 533.0 60.0 133.0
person 904.0 512.0 50.0 122.0
person 974.0 514.0 56.0 132.0
person 912.0 531.0 57.0 139.0
person 843.0 594.0 68.0 190.0
person 897.0 600.0 61.0 176.0
person 960.0 611.0 61.0 158.0
person 1008.0 591.0 60.0 147.0
person 1066.0 587.0 62.0 146.0
person 1054.0 583.0 52.0 137.0
person 962.0 632.0 80.0 171.0
person 1028.0 666.0 52.0 140.0
person 1063.0 647.0 73.0 197.0
person 1095.0 689.0 77.0 214.0
person 1117.0 580.0 58.0 152.0
person 1193.0 611.0 63.0 182.0
person 1145.0 672.0 73.0 172.0
person 1567.0 828.0 118.0 220.0
person 1845.0 793.0 73.0 225.0
person 1275.0 482.0 51.0 98.0
person 1328.0 480.0 58.0 98.0
