person 247.0 807.0 128.0 274.0
person 388.0 805.0 120.0 276.0
person 442.0 779.0 97.0 256.0
person 1714.0 834.0 105.0 247.0
person 665.0 712.0 98.0 227.0
person 754.0 721.0 96.0 211.0
person 1515.0 675.0 97.0 235.0
person 1591.0 670.0 81.0 221.0
person 1513.0 534.0 53.0 100.0
person 1409.0 647.0 81.0 201.0
person 1464.0 618.0 80.0 179.0
person 1208.0 631.0 78.0 199.0
person 1066.0 635.0 77.0 196.0
person 1416.0 589.0 74.0 179.0
person 765.0 490.0 46.0 106.0
person 808.0 459.0 50.0 121.0
person 791.0 502.0 48.0 134.0
person 826.0 491.0 57.0 133.0
person 853.0 468.0 52.0 122.0
person 925.0 463.0 50.0 131.0
person 879.0 484.0 65.0 129.0
person 805.0 543.0 68.0 176.0
person 881.0 554.0 63.0 168.0
person 926.0 562.0 61.0 155.0
person 966.0 540.0 65.0 145.0
person 1027.0 539.0 61.0 137.0
person 1020.0 534.0 54.0 128.0
person 931.0 580.0 84.0 164.0
person 998.0 619.0 53.0 124.0
person 1011.0 592.0 74.0 191.0
person 992.0 628.0 74.0 208.0
person 1088.0 530.0 58.0 152.0
person 1113.0 559.0 65.0 181.0
person 1096.0 617.0 75.0 165.0
person 1821.0 793.0 92.0 211.0
person 1231.0 454.0 54.0 97.0
person 1264.0 452.0 64.0 104.0
