person 230.0 811.0 137.0 270.0
person 375.0 808.0 121.0 273.0
person 430.0 779.0 94.0 259.0
person 1686.0 834.0 109.0 247.0
person 667.0 699.0 96.0 224.0
person 756.0 710.0 95.0 208.0
person 1535.0 674.0 101.0 237.0
person 1618.0 670.0 77.0 221.0
person 1510.0 526.0 52.0 100.0
person 1427.0 641.0 80.0 203.0
person 1450.0 608.0 80.0 179.0
person 1195.0 622.0 73.0 200.0
person 1049.0 628.0 87.0 196.0
person 1401.0 587.0 73.0 179.0
person 755.0 481.0 46.0 106.0
person 792.0 455.0 50.0 119.0
person 790.0 493.0 48.0 134.0
person 821.0 483.0 55.0 133.0
person 839.0 460.0 54.0 122.0
person 909.0 455.0 54.0 131.0
person 877.0 478.0 61.0 127.0
person 803.0 538.0 68.0 172.0
person 875.0 546.0 64.0 166.0
person 920.0 553.0 62.0 152.0
person 958.0 532.0 64.0 145.0
person 1021.0 530.0 60.0 135.0
person 1013.0 523.0 54.0 128.0
person 932.0 572.0 84.0 164.0
person 995.0 609.0 53.0 122.0
person 1006.0 580.0 73.0 190.0
person 978.0 617.0 74.0 208.0
person 1080.0 523.0 57.0 151.0
person 1104.0 551.0 68.0 184.0
person 1087.0 609.0 74.0 164.0
person 1223.0 451.0 54.0 97.0
person 1252.0 446.0 64.0 104.0
