person 279.0 809.0 130.0 271.0
person 413.0 807.0 119.0 274.0
person 457.0 784.0 96.0 251.0
person 1785.0 848.0 101.0 232.0
person 661.0 737.0 101.0 232.0
person 749.0 746.0 98.0 217.0
person 1486.0 677.0 96.0 233.0
person 1519.0 676.0 91.0 220.0
person 1513.0 552.0 53.0 100.0
person 1377.0 659.0 80.0 201.0
person 1494.0 642.0 81.0 179.0
person 1239.0 657.0 80.0 206.0
person 1108.0 657.0 75.0 202.0
person 1447.0 614.0 76.0 183.0
person 786.0 509.0 46.0 106.0
person 835.0 478.0 50.0 121.0
person 792.0 520.0 48.0 134.0
person 837.0 508.0 60.0 134.0
person 882.0 488.0 49.0 122.0
person 948.0 485.0 48.0 131.0
person 890.0 504.0 61.0 136.0
person 807.0 567.0 81.0 179.0
person 889.0 572.0 61.0 172.0
person 938.0 582.0 60.0 158.0
person 979.0 559.0 64.0 145.0
person 1043.0 562.0 62.0 141.0
person 1036.0 556.0 54.0 128.0
person 944.0 602.0 71.0 168.0
person 1008.0 638.0 52.0 131.0
person 1029.0 616.0 72.0 193.0
person 1023.0 655.0 80.0 209.0
person 1099.0 552.0 58.0 152.0
person 1133.0 584.0 65.0 167.0
person 1114.0 640.0 80.0 166.0
person 1723.0 813.0 112.0 217.0
person 1249.0 468.0 54.0 98.0
person 1287.0 463.0 63.0 104.0
