person 378.0 782.0 121.0 269.0
person 495.0 781.0 106.0 276.0
person 576.0 761.0 88.0 234.0
person 642.0 792.0 105.0 253.0
person 723.0 807.0 109.0 234.0
person 1346.0 666.0 88.0 216.0
person 1371.0 663.0 81.0 212.0
person 1523.0 556.0 53.0 100.0
person 1260.0 655.0 70.0 196.0
person 1558.0 673.0 76.0 199.0
person 1376.0 699.0 93.0 214.0
person 1242.0 702.0 85.0 211.0
person 1525.0 657.0 77.0 190.0
person 832.0 533.0 46.0 115.0
person 880.0 510.0 57.0 128.0
person 810.0 552.0 52.0 134.0
person 891.0 541.0 61.0 134.0
person 926.0 517.0 50.0 122.0
person 1003.0 518.0 58.0 134.0
person 946.0 534.0 58.0 140.0
person 868.0 609.0 75.0 187.0
person 912.0 609.0 72.0 179.0
person 983.0 611.0 66.0 164.0
person 1036.0 600.0 61.0 150.0
person 1093.0 590.0 63.0 161.0
person 1074.0 588.0 53.0 137.0
person 977.0 647.0 83.0 178.0
person 1054.0 683.0 60.0 139.0
person 1111.0 659.0 77.0 208.0
person 1168.0 701.0 77.0 220.0
person 1151.0 588.0 58.0 152.0
person 1276.0 625.0 66.0 182.0
person 1204.0 684.0 71.0 178.0
person 1398.0 822.0 85.0 220.0
person 1674.0 793.0 119.0 227.0
person 767.0 490.0 50.0 112.0
person 1313.0 475.0 50.0 98.0
person 1357.0 472.0 57.0 97.0
