person 373.0 784.0 121.0 269.0
person 488.0 786.0 109.0 276.0
person 557.0 771.0 94.0 235.0
person 650.0 792.0 105.0 253.0
person 726.0 805.0 108.0 232.0
person 1357.0 671.0 90.0 217.0
person 1384.0 667.0 82.0 212.0
person 1523.0 557.0 53.0 100.0
person 1267.0 661.0 75.0 196.0
person 1557.0 673.0 77.0 200.0
person 1364.0 700.0 97.0 213.0
person 1231.0 702.0 84.0 211.0
person 1519.0 660.0 77.0 188.0
person 832.0 536.0 46.0 115.0
person 879.0 513.0 56.0 125.0
person 809.0 554.0 52.0 133.0
person 886.0 543.0 62.0 134.0
person 922.0 518.0 50.0 122.0
person 1001.0 521.0 57.0 133.0
person 942.0 534.0 58.0 140.0
person 859.0 609.0 84.0 187.0
person 908.0 611.0 66.0 179.0
person 977.0 612.0 66.0 164.0
person 1032.0 600.0 61.0 150.0
person 1089.0 593.0 65.0 155.0
person 1072.0 589.0 53.0 137.0
person 975.0 649.0 82.0 176.0
person 1052.0 682.0 55.0 140.0
person 1103.0 658.0 74.0 208.0
person 1157.0 700.0 77.0 218.0
person 1142.0 588.0 58.0 152.0
person 1262.0 623.0 66.0 182.0
person 1193.0 685.0 71.0 178.0
person 1428.0 823.0 92.0 220.0
person 1705.0 792.0 97.0 229.0
person 758.0 492.0 50.0 112.0
person 1307.0 477.0 50.0 98.0
person 1353.0 474.0 57.0 97.0
