person 364.0 794.0 122.0 270.0
person 477.0 791.0 114.0 277.0
person 538.0 774.0 98.0 235.0
person 655.0 789.0 105.0 251.0
person 731.0 803.0 105.0 229.0
person 1375.0 676.0 93.0 217.0
person 1401.0 672.0 82.0 212.0
person 1522.0 559.0 53.0 100.0
person 1278.0 667.0 80.0 197.0
person 1556.0 673.0 78.0 202.0
person 1348.0 701.0 98.0 211.0
person 1214.0 699.0 84.0 211.0
person 1512.0 658.0 77.0 183.0
person 829.0 535.0 46.0 113.0
person 877.0 514.0 55.0 123.0
person 806.0 554.0 51.0 134.0
person 877.0 542.0 62.0 133.0
person 918.0 518.0 49.0 122.0
person 995.0 521.0 56.0 133.0
person 935.0 534.0 58.0 140.0
person 849.0 609.0 94.0 187.0
person 908.0 611.0 62.0 179.0
person 973.0 613.0 65.0 163.0
person 1026.0 600.0 61.0 151.0
person 1085.0 596.0 67.0 149.0
person 1069.0 590.0 52.0 137.0
person 971.0 645.0 81.0 176.0
person 1047.0 680.0 52.0 140.0
person 1092.0 655.0 72.0 209.0
person 1144.0 698.0 77.0 216.0
person 1130.0 589.0 58.0 152.0
person 1242.0 621.0 66.0 182.0
person 1180.0 684.0 71.0 177.0
person 1460.0 825.0 111.0 220.0
person 1745.0 794.0 113.0 224.0
person 749.0 492.0 49.0 113.0
person 1299.0 479.0 50.0 98.0
person 1347.0 476.0 57.0 97.0
