person 318.0 810.0 130.0 271.0
person 434.0 808.0 115.0 271.0
person 485.0 793.0 97.0 242.0
person 1854.0 852.0 65.0 229.0
person 663.0 759.0 101.0 237.0
person 751.0 772.0 98.0 217.0
person 1463.0 682.0 90.0 233.0
person 1492.0 677.0 82.0 219.0
person 1517.0 561.0 53.0 100.0
person 1348.0 666.0 83.0 199.0
person 1519.0 658.0 82.0 186.0
person 1269.0 678.0 80.0 211.0
person 1138.0 673.0 76.0 205.0
person 1472.0 635.0 76.0 179.0
person 804.0 525.0 46.0 107.0
person 853.0 494.0 50.0 121.0
person 799.0 537.0 49.0 134.0
person 847.0 523.0 57.0 134.0
person 897.0 502.0 49.0 122.0
person 962.0 502.0 57.0 130.0
person 901.0 519.0 58.0 139.0
person 825.0 583.0 76.0 182.0
person 894.0 589.0 60.0 175.0
person 946.0 599.0 61.0 158.0
person 995.0 579.0 62.0 146.0
person 1052.0 573.0 70.0 146.0
person 1045.0 572.0 53.0 133.0
person 955.0 620.0 76.0 169.0
person 1019.0 655.0 52.0 138.0
person 1047.0 634.0 73.0 193.0
person 1062.0 672.0 76.0 214.0
person 1109.0 568.0 58.0 152.0
person 1166.0 600.0 64.0 173.0
person 1129.0 659.0 76.0 167.0
person 1641.0 824.0 117.0 220.0
person 1264.0 478.0 52.0 98.0
person 1309.0 472.0 60.0 101.0
