person 394.0 740.0 120.0 255.0
person 512.0 746.0 106.0 266.0
person 611.0 729.0 85.0 227.0
person 606.0 799.0 106.0 258.0
person 716.0 810.0 114.0 241.0
person 1286.0 641.0 88.0 210.0
person 1296.0 641.0 70.0 208.0
person 1521.0 544.0 54.0 100.0
person 1221.0 630.0 64.0 196.0
person 1570.0 664.0 76.0 202.0
person 1411.0 697.0 84.0 219.0
person 1281.0 701.0 95.0 218.0
person 1553.0 646.0 77.0 198.0
person 834.0 524.0 45.0 115.0
person 883.0 500.0 59.0 137.0
person 807.0 542.0 52.0 137.0
person 909.0 528.0 57.0 134.0
person 934.0 509.0 50.0 127.0
person 1010.0 507.0 61.0 136.0
person 963.0 530.0 58.0 140.0
person 869.0 597.0 96.0 197.0
person 931.0 600.0 73.0 187.0
person 1001.0 606.0 65.0 164.0
person 1056.0 586.0 62.0 165.0
person 1106.0 581.0 62.0 170.0
person 1098.0 582.0 56.0 136.0
person 999.0 642.0 85.0 182.0
person 1068.0 684.0 62.0 139.0
person 1173.0 652.0 78.0 208.0
person 1195.0 696.0 91.0 225.0
person 1211.0 578.0 56.0 155.0
person 1332.0 619.0 69.0 181.0
person 1260.0 675.0 71.0 186.0
person 1.0 982.0 42.0 98.0
person 51.0 1034.0 69.0 47.0
person 1234.0 801.0 110.0 221.0
person 1542.0 774.0 117.0 231.0
person 814.0 476.0 50.0 113.0
person 743.0 455.0 51.0 136.0
person 1336.0 461.0 50.0 98.0
person 1376.0 461.0 57.0 97.0
