person 211.0 812.0 140.0 268.0
person 360.0 811.0 122.0 270.0
person 413.0 784.0 99.0 259.0
person 1661.0 833.0 110.0 248.0
person 667.0 689.0 96.0 223.0
person 757.0 699.0 94.0 207.0
person 1561.0 673.0 109.0 240.0
person 1647.0 669.0 76.0 221.0
person 1506.0 517.0 52.0 100.0
person 1451.0 640.0 79.0 207.0
person 1437.0 599.0 81.0 178.0
person 1179.0 615.0 69.0 196.0
person 1033.0 614.0 87.0 195.0
person 1387.0 579.0 68.0 179.0
person 746.0 474.0 45.0 106.0
person 777.0 450.0 50.0 119.0
person 789.0 486.0 49.0 134.0
person 814.0 474.0 52.0 133.0
person 826.0 453.0 54.0 122.0
person 891.0 450.0 56.0 134.0
person 876.0 472.0 56.0 126.0
person 807.0 530.0 68.0 171.0
person 869.0 537.0 62.0 164.0
person 917.0 544.0 61.0 151.0
person 949.0 526.0 61.0 145.0
person 1013.0 522.0 61.0 135.0
person 1005.0 515.0 54.0 128.0
person 933.0 564.0 84.0 163.0
person 991.0 600.0 54.0 119.0
person 1002.0 571.0 73.0 190.0
person 962.0 608.0 74.0 205.0
person 1071.0 517.0 56.0 150.0
person 1095.0 545.0 72.0 184.0
person 1078.0 600.0 74.0 164.0
person 1214.0 448.0 54.0 97.0
person 1240.0 442.0 64.0 106.0
