person 287.0 812.0 129.0 269.0
person 417.0 807.0 118.0 274.0
person 463.0 786.0 96.0 249.0
person 1791.0 852.0 101.0 229.0
person 661.0 741.0 101.0 232.0
person 750.0 752.0 98.0 217.0
person 1482.0 678.0 94.0 233.0
person 1513.0 676.0 89.0 220.0
person 1514.0 554.0 53.0 100.0
person 1371.0 662.0 82.0 200.0
person 1499.0 646.0 81.0 179.0
person 1244.0 662.0 80.0 208.0
person 1115.0 661.0 76.0 203.0
person 1453.0 618.0 76.0 181.0
person 789.0 512.0 46.0 107.0
person 839.0 481.0 50.0 121.0
person 793.0 524.0 49.0 134.0
person 839.0 511.0 59.0 134.0
person 887.0 492.0 49.0 122.0
person 951.0 489.0 50.0 130.0
person 892.0 507.0 60.0 137.0
person 807.0 572.0 84.0 179.0
person 890.0 576.0 61.0 173.0
person 939.0 586.0 61.0 157.0
person 982.0 564.0 65.0 145.0
person 1046.0 566.0 62.0 142.0
person 1037.0 559.0 54.0 129.0
person 947.0 606.0 68.0 169.0
person 1010.0 642.0 52.0 132.0
person 1033.0 620.0 72.0 193.0
person 1031.0 658.0 79.0 210.0
person 1101.0 555.0 58.0 152.0
person 1139.0 588.0 65.0 167.0
person 1117.0 644.0 79.0 166.0
person 1709.0 814.0 103.0 218.0
person 1252.0 471.0 54.0 98.0
person 1291.0 465.0 63.0 103.0
