person 368.0 790.0 121.0 269.0
person 482.0 789.0 112.0 275.0
person 544.0 774.0 98.0 235.0
person 655.0 791.0 104.0 252.0
person 729.0 804.0 106.0 230.0
person 1368.0 674.0 92.0 217.0
person 1394.0 670.0 82.0 212.0
person 1523.0 559.0 53.0 100.0
person 1273.0 665.0 78.0 197.0
person 1556.0 673.0 78.0 201.0
person 1355.0 702.0 100.0 212.0
person 1221.0 700.0 84.0 211.0
person 1514.0 658.0 77.0 186.0
person 830.0 535.0 46.0 114.0
person 879.0 515.0 56.0 124.0
person 807.0 554.0 51.0 133.0
person 881.0 542.0 62.0 134.0
person 920.0 518.0 49.0 122.0
person 998.0 521.0 56.0 133.0
person 938.0 534.0 58.0 140.0
person 853.0 609.0 90.0 187.0
person 908.0 612.0 62.0 179.0
person 974.0 613.0 66.0 163.0
person 1029.0 601.0 61.0 150.0
person 1086.0 594.0 67.0 152.0
person 1071.0 591.0 52.0 137.0
person 973.0 646.0 81.0 176.0
person 1051.0 682.0 52.0 140.0
person 1097.0 657.0 73.0 209.0
person 1149.0 699.0 78.0 217.0
person 1135.0 589.0 58.0 152.0
person 1252.0 622.0 66.0 182.0
person 1185.0 685.0 71.0 178.0
person 1440.0 825.0 126.0 220.0
person 1732.0 792.0 106.0 226.0
person 753.0 492.0 49.0 113.0
person 1302.0 478.0 50.0 98.0
person 1350.0 475.0 57.0 97.0
