person 335.0 808.0 132.0 272.0
person 451.0 808.0 113.0 271.0
person 511.0 790.0 98.0 242.0
person 657.0 773.0 115.0 243.0
person 741.0 786.0 100.0 220.0
person 1427.0 684.0 95.0 223.0
person 1456.0 679.0 82.0 217.0
person 1521.0 565.0 53.0 100.0
person 1320.0 670.0 80.0 196.0
person 1542.0 670.0 81.0 195.0
person 1306.0 694.0 81.0 209.0
person 1165.0 689.0 74.0 206.0
person 1490.0 648.0 77.0 179.0
person 820.0 534.0 46.0 107.0
person 867.0 507.0 50.0 121.0
person 804.0 547.0 50.0 134.0
person 857.0 534.0 60.0 133.0
person 905.0 513.0 50.0 122.0
person 975.0 515.0 56.0 132.0
person 913.0 532.0 57.0 139.0
person 845.0 596.0 69.0 188.0
person 896.0 600.0 62.0 177.0
person 961.0 612.0 61.0 158.0
person 1009.0 592.0 60.0 147.0
person 1067.0 588.0 63.0 146.0
person 1055.0 583.0 52.0 137.0
person 962.0 633.0 81.0 172.0
person 1029.0 667.0 52.0 140.0
person 1064.0 648.0 73.0 198.0
person 1099.0 690.0 77.0 214.0
person 1117.0 581.0 58.0 152.0
person 1195.0 612.0 63.0 182.0
person 1147.0 673.0 72.0 173.0
person 1559.0 828.0 116.0 220.0
person 1836.0 793.0 80.0 225.0
person 1277.0 482.0 50.0 98.0
person 1330.0 481.0 58.0 97.0
