person 380.0 768.0 129.0 262.0
person 501.0 772.0 106.0 271.0
person 584.0 753.0 90.0 231.0
person 627.0 793.0 106.0 253.0
person 723.0 807.0 109.0 237.0
person 1331.0 658.0 90.0 212.0
person 1348.0 654.0 76.0 208.0
person 1524.0 553.0 53.0 100.0
person 1248.0 646.0 64.0 196.0
person 1561.0 672.0 76.0 198.0
person 1394.0 697.0 88.0 216.0
person 1253.0 696.0 88.0 212.0
person 1536.0 654.0 77.0 193.0
person 832.0 529.0 46.0 115.0
person 881.0 507.0 57.0 131.0
person 808.0 548.0 52.0 135.0
person 897.0 537.0 59.0 134.0
person 932.0 517.0 50.0 122.0
person 1005.0 513.0 59.0 135.0
person 952.0 533.0 58.0 140.0
person 872.0 606.0 76.0 189.0
person 918.0 607.0 83.0 179.0
person 991.0 610.0 66.0 164.0
person 1043.0 598.0 61.0 152.0
person 1102.0 590.0 62.0 163.0
person 1077.0 586.0 55.0 136.0
person 981.0 643.0 85.0 180.0
person 1058.0 685.0 61.0 139.0
person 1127.0 658.0 78.0 208.0
person 1177.0 700.0 83.0 221.0
person 1167.0 585.0 58.0 153.0
person 1295.0 625.0 67.0 182.0
person 1219.0 680.0 71.0 180.0
person 1.0 1002.0 37.0 79.0
person 1342.0 814.0 101.0 220.0
person 1640.0 782.0 97.0 228.0
person 782.0 486.0 50.0 113.0
person 1321.0 471.0 50.0 98.0
person 1364.0 469.0 57.0 97.0
