person 335.0 807.0 134.0 273.0
person 452.0 808.0 113.0 271.0
person 513.0 790.0 98.0 242.0
person 656.0 774.0 117.0 244.0
person 739.0 787.0 100.0 221.0
person 1423.0 684.0 96.0 222.0
person 1451.0 679.0 82.0 217.0
person 1521.0 565.0 53.0 100.0
person 1317.0 670.0 80.0 196.0
person 1543.0 670.0 81.0 196.0
person 1309.0 694.0 82.0 210.0
person 1168.0 691.0 74.0 206.0
person 1492.0 649.0 77.0 179.0
person 821.0 534.0 46.0 108.0
person 868.0 507.0 50.0 122.0
person 804.0 548.0 50.0 134.0
person 858.0 535.0 60.0 133.0
person 906.0 514.0 49.0 122.0
person 976.0 516.0 56.0 133.0
person 915.0 534.0 57.0 139.0
person 847.0 598.0 70.0 186.0
person 896.0 600.0 62.0 178.0
person 963.0 613.0 61.0 158.0
person 1010.0 592.0 60.0 148.0
person 1069.0 589.0 63.0 145.0
person 1056.0 584.0 52.0 137.0
person 963.0 634.0 80.0 172.0
person 1029.0 667.0 52.0 140.0
person 1066.0 648.0 73.0 200.0
person 1102.0 691.0 78.0 214.0
person 1118.0 582.0 58.0 152.0
person 1197.0 613.0 64.0 182.0
person 1149.0 675.0 72.0 173.0
person 1552.0 828.0 114.0 220.0
person 1827.0 793.0 87.0 225.0
person 1278.0 483.0 50.0 98.0
person 1332.0 482.0 58.0 97.0
