person 239.0 808.0 131.0 273.0
person 381.0 807.0 121.0 274.0
person 436.0 779.0 96.0 258.0
person 1700.0 834.0 107.0 247.0
person 667.0 707.0 96.0 224.0
person 755.0 715.0 96.0 209.0
person 1523.0 675.0 96.0 236.0
person 1604.0 670.0 79.0 221.0
person 1511.0 530.0 53.0 100.0
person 1417.0 644.0 81.0 201.0
person 1456.0 613.0 80.0 179.0
person 1201.0 627.0 76.0 199.0
person 1058.0 631.0 81.0 196.0
person 1408.0 589.0 74.0 179.0
person 760.0 486.0 46.0 106.0
person 800.0 457.0 50.0 120.0
person 791.0 498.0 48.0 134.0
person 824.0 487.0 55.0 133.0
person 846.0 464.0 53.0 122.0
person 919.0 458.0 52.0 130.0
person 878.0 481.0 63.0 128.0
person 804.0 541.0 68.0 174.0
person 878.0 550.0 63.0 167.0
person 923.0 557.0 61.0 154.0
person 963.0 535.0 65.0 145.0
person 1024.0 533.0 61.0 137.0
person 1016.0 528.0 54.0 128.0
person 931.0 576.0 84.0 164.0
person 997.0 614.0 53.0 123.0
person 1008.0 585.0 74.0 190.0
person 986.0 622.0 74.0 208.0
person 1085.0 526.0 57.0 152.0
person 1109.0 554.0 66.0 184.0
person 1092.0 613.0 74.0 164.0
person 1227.0 453.0 54.0 97.0
person 1258.0 449.0 64.0 104.0
