person 252.0 807.0 128.0 274.0
person 392.0 804.0 120.0 277.0
person 445.0 779.0 97.0 256.0
person 1727.0 835.0 104.0 246.0
person 664.0 715.0 99.0 229.0
person 753.0 726.0 97.0 212.0
person 1510.0 675.0 97.0 234.0
person 1577.0 670.0 81.0 221.0
person 1515.0 537.0 52.0 100.0
person 1404.0 649.0 80.0 201.0
person 1469.0 622.0 80.0 179.0
person 1212.0 634.0 80.0 199.0
person 1072.0 637.0 73.0 196.0
person 1421.0 589.0 74.0 179.0
person 768.0 493.0 46.0 106.0
person 813.0 461.0 50.0 121.0
person 791.0 505.0 48.0 134.0
person 828.0 494.0 58.0 133.0
person 857.0 471.0 51.0 121.0
person 929.0 467.0 49.0 131.0
person 880.0 486.0 66.0 130.0
person 806.0 545.0 68.0 177.0
person 882.0 557.0 63.0 168.0
person 928.0 566.0 61.0 155.0
person 968.0 544.0 63.0 145.0
person 1029.0 542.0 61.0 137.0
person 1023.0 537.0 54.0 128.0
person 932.0 583.0 83.0 165.0
person 1000.0 622.0 52.0 125.0
person 1014.0 596.0 73.0 192.0
person 996.0 631.0 74.0 208.0
person 1090.0 534.0 58.0 152.0
person 1116.0 563.0 65.0 179.0
person 1099.0 620.0 75.0 165.0
person 1809.0 795.0 95.0 214.0
person 1234.0 455.0 54.0 97.0
person 1267.0 454.0 64.0 104.0
