person 341.0 802.0 135.0 274.0
person 459.0 806.0 113.0 274.0
person 520.0 786.0 98.0 242.0
person 655.0 781.0 107.0 245.0
person 736.0 795.0 103.0 224.0
person 1403.0 684.0 100.0 217.0
person 1428.0 680.0 82.0 213.0
person 1522.0 563.0 53.0 100.0
person 1302.0 669.0 80.0 196.0
person 1548.0 671.0 80.0 199.0
person 1324.0 697.0 88.0 210.0
person 1185.0 694.0 79.0 208.0
person 1500.0 653.0 77.0 179.0
person 824.0 534.0 46.0 110.0
person 871.0 510.0 52.0 122.0
person 804.0 552.0 50.0 134.0
person 864.0 540.0 62.0 133.0
person 911.0 520.0 49.0 122.0
person 983.0 519.0 56.0 133.0
person 922.0 534.0 58.0 139.0
person 850.0 604.0 79.0 183.0
person 899.0 606.0 61.0 177.0
person 967.0 614.0 63.0 160.0
person 1016.0 596.0 60.0 149.0
person 1076.0 592.0 66.0 145.0
person 1061.0 586.0 52.0 137.0
person 966.0 639.0 80.0 175.0
person 1034.0 672.0 52.0 140.0
person 1073.0 650.0 72.0 208.0
person 1120.0 694.0 78.0 214.0
person 1119.0 586.0 58.0 152.0
person 1207.0 618.0 65.0 182.0
person 1160.0 679.0 71.0 175.0
person 1521.0 827.0 110.0 220.0
person 1783.0 793.0 122.0 224.0
person 1285.0 482.0 50.0 98.0
person 1339.0 480.0 57.0 97.0
