person 379.0 782.0 121.0 269.0
person 496.0 779.0 106.0 276.0
person 578.0 760.0 88.0 234.0
person 640.0 792.0 105.0 253.0
person 723.0 807.0 109.0 234.0
person 1343.0 665.0 89.0 215.0
person 1368.0 662.0 81.0 212.0
person 1524.0 555.0 53.0 100.0
person 1258.0 653.0 69.0 197.0
person 1558.0 673.0 76.0 198.0
person 1379.0 699.0 92.0 214.0
person 1244.0 701.0 85.0 211.0
person 1527.0 657.0 77.0 190.0
person 832.0 532.0 46.0 115.0
person 880.0 510.0 57.0 128.0
person 810.0 552.0 52.0 133.0
person 892.0 541.0 61.0 134.0
person 927.0 517.0 50.0 122.0
person 1003.0 517.0 58.0 134.0
person 947.0 534.0 58.0 140.0
person 870.0 609.0 73.0 187.0
person 913.0 608.0 74.0 179.0
person 984.0 611.0 66.0 164.0
person 1037.0 600.0 61.0 150.0
person 1094.0 590.0 63.0 161.0
person 1074.0 588.0 54.0 136.0
person 978.0 647.0 83.0 177.0
person 1055.0 684.0 61.0 139.0
person 1113.0 660.0 78.0 208.0
person 1171.0 702.0 77.0 220.0
person 1153.0 588.0 58.0 152.0
person 1280.0 626.0 66.0 182.0
person 1207.0 684.0 71.0 178.0
person 1387.0 822.0 93.0 220.0
person 1667.0 794.0 124.0 226.0
person 770.0 489.0 50.0 112.0
person 1315.0 475.0 50.0 98.0
person 1358.0 471.0 57.0 97.0
