person 220.0 812.0 140.0 268.0
person 368.0 810.0 121.0 271.0
person 422.0 781.0 96.0 259.0
person 1672.0 834.0 111.0 247.0
person 667.0 691.0 96.0 224.0
person 756.0 704.0 95.0 208.0
person 1548.0 674.0 105.0 238.0
person 1632.0 669.0 76.0 221.0
person 1508.0 521.0 52.0 100.0
person 1439.0 641.0 80.0 205.0
person 1444.0 603.0 80.0 179.0
person 1187.0 618.0 72.0 199.0
person 1041.0 621.0 88.0 196.0
person 1394.0 583.0 71.0 179.0
person 751.0 478.0 45.0 106.0
person 784.0 453.0 50.0 119.0
person 790.0 490.0 48.0 134.0
person 818.0 478.0 53.0 134.0
person 833.0 457.0 54.0 122.0
person 900.0 453.0 55.0 132.0
person 877.0 475.0 58.0 127.0
person 805.0 534.0 68.0 172.0
person 872.0 542.0 64.0 165.0
person 918.0 548.0 62.0 152.0
person 954.0 529.0 61.0 145.0
person 1017.0 526.0 60.0 134.0
person 1009.0 519.0 54.0 128.0
person 933.0 568.0 84.0 164.0
person 993.0 605.0 54.0 120.0
person 1004.0 576.0 73.0 190.0
person 970.0 613.0 74.0 206.0
person 1076.0 520.0 56.0 151.0
person 1099.0 548.0 70.0 184.0
person 1083.0 605.0 73.0 163.0
person 1219.0 450.0 54.0 97.0
person 1246.0 443.0 64.0 105.0
