person 283.0 810.0 129.0 271.0
person 415.0 807.0 118.0 274.0
person 460.0 785.0 96.0 250.0
person 1788.0 850.0 101.0 230.0
person 661.0 739.0 101.0 232.0
person 750.0 749.0 98.0 217.0
person 1484.0 677.0 95.0 233.0
person 1516.0 676.0 90.0 220.0
person 1513.0 553.0 53.0 100.0
person 1375.0 661.0 80.0 200.0
person 1496.0 644.0 82.0 179.0
person 1241.0 660.0 80.0 207.0
person 1111.0 659.0 76.0 202.0
person 1450.0 616.0 76.0 182.0
person 788.0 511.0 46.0 106.0
person 837.0 480.0 50.0 121.0
person 793.0 522.0 48.0 134.0
person 838.0 510.0 60.0 133.0
person 884.0 490.0 50.0 122.0
person 949.0 487.0 50.0 131.0
person 891.0 505.0 60.0 137.0
person 807.0 569.0 83.0 179.0
person 890.0 574.0 61.0 173.0
person 938.0 584.0 61.0 157.0
person 981.0 561.0 65.0 145.0
person 1044.0 564.0 62.0 141.0
person 1036.0 557.0 54.0 129.0
person 945.0 604.0 70.0 168.0
person 1009.0 640.0 52.0 132.0
person 1031.0 618.0 72.0 193.0
person 1027.0 656.0 79.0 210.0
person 1100.0 554.0 58.0 152.0
person 1136.0 586.0 65.0 167.0
person 1115.0 642.0 80.0 166.0
person 1716.0 813.0 107.0 218.0
person 1251.0 469.0 53.0 98.0
person 1289.0 464.0 63.0 103.0
