person 379.0 771.0 129.0 262.0
person 500.0 773.0 106.0 272.0
person 584.0 756.0 90.0 232.0
person 630.0 792.0 106.0 253.0
person 723.0 807.0 109.0 236.0
person 1334.0 659.0 89.0 213.0
person 1352.0 656.0 77.0 208.0
person 1524.0 554.0 53.0 100.0
person 1251.0 648.0 64.0 196.0
person 1560.0 672.0 76.0 198.0
person 1391.0 697.0 89.0 216.0
person 1251.0 696.0 84.0 212.0
person 1534.0 654.0 77.0 193.0
person 832.0 530.0 46.0 115.0
person 881.0 508.0 57.0 130.0
person 809.0 549.0 52.0 135.0
person 896.0 538.0 60.0 134.0
person 931.0 517.0 50.0 122.0
person 1005.0 514.0 59.0 135.0
person 951.0 533.0 58.0 140.0
person 873.0 607.0 73.0 188.0
person 917.0 607.0 81.0 179.0
person 990.0 610.0 66.0 164.0
person 1042.0 599.0 61.0 151.0
person 1100.0 590.0 62.0 163.0
person 1076.0 586.0 55.0 137.0
person 981.0 644.0 84.0 179.0
person 1057.0 685.0 61.0 139.0
person 1124.0 658.0 78.0 208.0
person 1176.0 700.0 81.0 221.0
person 1164.0 586.0 58.0 153.0
person 1292.0 625.0 67.0 182.0
person 1217.0 681.0 71.0 179.0
person 1347.0 818.0 110.0 220.0
person 1645.0 784.0 103.0 228.0
person 780.0 487.0 50.0 112.0
person 1320.0 472.0 50.0 98.0
person 1363.0 469.0 57.0 97.0
