person 335.0 811.0 128.0 270.0
person 448.0 809.0 114.0 270.0
person 508.0 791.0 98.0 242.0
person 659.0 771.0 111.0 242.0
person 747.0 786.0 99.0 218.0
person 1435.0 684.0 93.0 225.0
person 1465.0 679.0 82.0 219.0
person 1521.0 566.0 53.0 100.0
person 1325.0 670.0 81.0 196.0
person 1540.0 670.0 82.0 194.0
person 1299.0 692.0 80.0 209.0
person 1160.0 686.0 74.0 205.0
person 1487.0 647.0 77.0 179.0
person 818.0 533.0 46.0 107.0
person 865.0 505.0 49.0 121.0
person 804.0 546.0 50.0 134.0
person 855.0 532.0 59.0 133.0
person 904.0 511.0 49.0 122.0
person 972.0 512.0 57.0 132.0
person 911.0 530.0 57.0 139.0
person 842.0 592.0 67.0 189.0
person 898.0 600.0 60.0 175.0
person 958.0 609.0 61.0 158.0
person 1007.0 591.0 60.0 146.0
person 1065.0 587.0 62.0 146.0
person 1053.0 582.0 52.0 137.0
person 961.0 631.0 81.0 171.0
person 1027.0 665.0 52.0 140.0
person 1061.0 647.0 74.0 195.0
person 1091.0 689.0 78.0 214.0
person 1117.0 579.0 58.0 152.0
person 1191.0 610.0 63.0 182.0
person 1144.0 670.0 72.0 172.0
person 1575.0 828.0 120.0 220.0
person 1854.0 793.0 66.0 225.0
person 1274.0 481.0 51.0 98.0
person 1326.0 479.0 58.0 98.0
