person 379.0 773.0 127.0 264.0
person 499.0 775.0 106.0 273.0
person 582.0 757.0 90.0 232.0
person 633.0 792.0 106.0 253.0
person 723.0 807.0 109.0 236.0
person 1336.0 661.0 89.0 213.0
person 1356.0 657.0 79.0 210.0
person 1524.0 554.0 53.0 100.0
person 1252.0 649.0 66.0 196.0
person 1559.0 673.0 76.0 197.0
person 1388.0 698.0 90.0 215.0
person 1249.0 697.0 84.0 212.0
person 1532.0 655.0 77.0 192.0
person 832.0 530.0 46.0 115.0
person 881.0 508.0 57.0 130.0
person 809.0 550.0 52.0 134.0
person 895.0 539.0 60.0 134.0
person 930.0 517.0 50.0 122.0
person 1004.0 514.0 59.0 135.0
person 950.0 533.0 58.0 140.0
person 874.0 608.0 70.0 187.0
person 916.0 607.0 79.0 179.0
person 988.0 611.0 66.0 164.0
person 1041.0 600.0 61.0 150.0
person 1098.0 589.0 62.0 164.0
person 1076.0 587.0 54.0 136.0
person 980.0 644.0 84.0 180.0
person 1057.0 684.0 61.0 139.0
person 1121.0 659.0 78.0 208.0
person 1175.0 700.0 80.0 221.0
person 1161.0 586.0 58.0 153.0
person 1289.0 626.0 67.0 182.0
person 1215.0 682.0 71.0 179.0
person 1353.0 822.0 118.0 220.0
person 1651.0 787.0 108.0 227.0
person 777.0 487.0 50.0 113.0
person 1319.0 473.0 50.0 98.0
person 1362.0 470.0 57.0 97.0
