person 201.0 812.0 140.0 268.0
person 349.0 813.0 124.0 268.0
person 401.0 788.0 103.0 259.0
person 1653.0 831.0 102.0 250.0
person 667.0 686.0 96.0 222.0
person 758.0 692.0 93.0 206.0
person 1578.0 673.0 115.0 241.0
person 1666.0 669.0 76.0 221.0
person 1503.0 511.0 52.0 100.0
person 1467.0 639.0 79.0 210.0
person 1429.0 592.0 81.0 178.0
person 1167.0 610.0 67.0 193.0
person 1028.0 610.0 81.0 191.0
person 1377.0 574.0 66.0 178.0
person 740.0 469.0 45.0 106.0
person 766.0 447.0 50.0 118.0
person 789.0 482.0 49.0 134.0
person 809.0 467.0 50.0 134.0
person 818.0 449.0 54.0 122.0
person 879.0 447.0 57.0 136.0
person 875.0 468.0 53.0 125.0
person 810.0 525.0 67.0 170.0
person 864.0 531.0 61.0 162.0
person 915.0 538.0 61.0 151.0
person 942.0 518.0 65.0 145.0
person 1008.0 517.0 61.0 136.0
person 1000.0 510.0 55.0 129.0
person 934.0 559.0 84.0 163.0
person 989.0 594.0 54.0 117.0
person 999.0 565.0 73.0 190.0
person 951.0 602.0 74.0 203.0
person 1065.0 513.0 55.0 149.0
person 1088.0 541.0 75.0 184.0
person 1072.0 595.0 73.0 163.0
person 1209.0 446.0 54.0 97.0
person 1231.0 439.0 65.0 108.0
