person 370.0 788.0 121.0 269.0
person 484.0 788.0 111.0 275.0
person 547.0 774.0 98.0 235.0
person 655.0 792.0 104.0 253.0
person 728.0 804.0 107.0 231.0
person 1364.0 673.0 92.0 217.0
person 1391.0 669.0 81.0 212.0
person 1523.0 558.0 53.0 100.0
person 1271.0 664.0 77.0 196.0
person 1556.0 673.0 78.0 201.0
person 1358.0 701.0 99.0 212.0
person 1224.0 701.0 84.0 211.0
person 1516.0 659.0 77.0 186.0
person 830.0 535.0 46.0 115.0
person 879.0 514.0 56.0 124.0
person 808.0 554.0 51.0 133.0
person 882.0 543.0 62.0 133.0
person 921.0 518.0 49.0 122.0
person 999.0 521.0 57.0 133.0
person 940.0 535.0 58.0 140.0
person 855.0 609.0 88.0 187.0
person 908.0 613.0 62.0 179.0
person 975.0 613.0 66.0 163.0
person 1030.0 600.0 61.0 150.0
person 1087.0 594.0 66.0 153.0
person 1071.0 590.0 52.0 137.0
person 973.0 647.0 82.0 176.0
person 1051.0 682.0 53.0 140.0
person 1099.0 657.0 73.0 209.0
person 1152.0 699.0 77.0 217.0
person 1137.0 589.0 58.0 152.0
person 1255.0 622.0 66.0 182.0
person 1188.0 686.0 71.0 178.0
person 1436.0 824.0 114.0 220.0
person 1723.0 792.0 103.0 227.0
person 754.0 492.0 50.0 112.0
person 1303.0 478.0 50.0 98.0
person 1351.0 475.0 57.0 97.0
