person 236.0 809.0 133.0 272.0
person 379.0 807.0 121.0 274.0
person 434.0 779.0 95.0 258.0
person 1695.0 834.0 108.0 247.0
person 667.0 704.0 96.0 224.0
person 755.0 713.0 96.0 209.0
person 1527.0 674.0 97.0 237.0
person 1609.0 670.0 78.0 221.0
person 1511.0 528.0 52.0 100.0
person 1420.0 643.0 81.0 201.0
person 1454.0 611.0 80.0 179.0
person 1199.0 625.0 75.0 200.0
person 1055.0 630.0 83.0 196.0
person 1406.0 589.0 74.0 179.0
person 758.0 484.0 46.0 106.0
person 797.0 456.0 50.0 120.0
person 791.0 496.0 48.0 134.0
person 823.0 486.0 55.0 133.0
person 844.0 463.0 54.0 122.0
person 915.0 457.0 53.0 130.0
person 878.0 480.0 62.0 128.0
person 803.0 540.0 68.0 173.0
person 877.0 549.0 64.0 166.0
person 922.0 556.0 61.0 153.0
person 961.0 534.0 65.0 145.0
person 1023.0 532.0 61.0 137.0
person 1015.0 526.0 54.0 128.0
person 932.0 575.0 84.0 164.0
person 996.0 613.0 53.0 122.0
person 1007.0 583.0 74.0 190.0
person 984.0 621.0 74.0 208.0
person 1083.0 525.0 57.0 152.0
person 1107.0 553.0 67.0 184.0
person 1090.0 611.0 75.0 165.0
person 1225.0 452.0 54.0 97.0
person 1256.0 448.0 64.0 104.0
