person 291.0 814.0 129.0 267.0
person 419.0 807.0 117.0 274.0
person 465.0 787.0 97.0 248.0
person 1801.0 852.0 96.0 229.0
person 661.0 744.0 101.0 232.0
person 751.0 755.0 98.0 217.0
person 1479.0 678.0 94.0 233.0
person 1511.0 676.0 87.0 219.0
person 1514.0 555.0 53.0 100.0
person 1368.0 663.0 84.0 200.0
person 1501.0 648.0 82.0 179.0
person 1247.0 664.0 80.0 209.0
person 1119.0 664.0 76.0 203.0
person 1456.0 620.0 76.0 180.0
person 791.0 514.0 46.0 107.0
person 841.0 483.0 50.0 121.0
person 794.0 525.0 48.0 134.0
person 840.0 513.0 59.0 133.0
person 889.0 494.0 50.0 122.0
person 952.0 490.0 51.0 131.0
person 893.0 509.0 59.0 138.0
person 807.0 574.0 86.0 179.0
person 890.0 578.0 61.0 173.0
person 940.0 587.0 60.0 158.0
person 984.0 567.0 64.0 146.0
person 1048.0 568.0 62.0 143.0
person 1038.0 560.0 54.0 130.0
person 948.0 607.0 69.0 169.0
person 1011.0 643.0 52.0 134.0
person 1035.0 622.0 72.0 193.0
person 1035.0 659.0 78.0 211.0
person 1102.0 557.0 58.0 152.0
person 1142.0 589.0 65.0 167.0
person 1118.0 646.0 79.0 166.0
person 1703.0 814.0 98.0 219.0
person 1254.0 472.0 53.0 98.0
person 1293.0 466.0 63.0 102.0
