person 259.0 807.0 129.0 274.0
person 399.0 804.0 120.0 277.0
person 448.0 780.0 97.0 255.0
person 1751.0 837.0 102.0 242.0
person 663.0 721.0 100.0 231.0
person 752.0 734.0 98.0 214.0
person 1503.0 675.0 97.0 233.0
person 1557.0 672.0 82.0 219.0
person 1517.0 542.0 53.0 100.0
person 1396.0 652.0 80.0 201.0
person 1476.0 628.0 81.0 179.0
person 1220.0 640.0 80.0 201.0
person 1082.0 643.0 73.0 197.0
person 1428.0 597.0 75.0 183.0
person 773.0 498.0 46.0 106.0
person 820.0 465.0 50.0 121.0
person 791.0 510.0 48.0 134.0
person 830.0 498.0 59.0 133.0
person 864.0 475.0 50.0 121.0
person 935.0 473.0 48.0 131.0
person 883.0 491.0 64.0 132.0
person 807.0 550.0 71.0 178.0
person 885.0 561.0 62.0 169.0
person 931.0 571.0 61.0 156.0
person 971.0 550.0 60.0 145.0
person 1032.0 548.0 62.0 137.0
person 1027.0 543.0 54.0 128.0
person 935.0 589.0 80.0 165.0
person 1001.0 626.0 53.0 127.0
person 1017.0 603.0 73.0 193.0
person 1002.0 637.0 74.0 208.0
person 1093.0 539.0 58.0 152.0
person 1120.0 570.0 65.0 174.0
person 1104.0 625.0 76.0 165.0
person 1791.0 798.0 100.0 218.0
person 1238.0 458.0 54.0 97.0
person 1273.0 457.0 64.0 104.0
