person 393.0 742.0 121.0 257.0
person 511.0 748.0 106.0 266.0
person 608.0 731.0 85.0 226.0
person 607.0 799.0 106.0 257.0
person 717.0 809.0 113.0 241.0
person 1290.0 642.0 89.0 210.0
person 1300.0 642.0 70.0 207.0
person 1522.0 545.0 53.0 100.0
person 1223.0 631.0 64.0 196.0
person 1569.0 665.0 76.0 201.0
person 1411.0 697.0 84.0 219.0
person 1280.0 700.0 97.0 217.0
person 1552.0 646.0 77.0 198.0
person 834.0 525.0 45.0 115.0
person 883.0 500.0 59.0 137.0
person 807.0 542.0 52.0 137.0
person 909.0 529.0 57.0 134.0
person 934.0 510.0 50.0 126.0
person 1010.0 507.0 61.0 136.0
person 962.0 530.0 58.0 140.0
person 866.0 597.0 100.0 197.0
person 931.0 600.0 73.0 187.0
person 1000.0 606.0 66.0 164.0
person 1056.0 588.0 62.0 164.0
person 1107.0 582.0 60.0 170.0
person 1095.0 582.0 56.0 137.0
person 998.0 642.0 85.0 182.0
person 1067.0 685.0 62.0 139.0
person 1169.0 653.0 78.0 208.0
person 1193.0 696.0 92.0 224.0
person 1207.0 578.0 56.0 155.0
person 1329.0 619.0 69.0 182.0
person 1257.0 675.0 71.0 186.0
person 1.0 984.0 42.0 96.0
person 51.0 1036.0 68.0 45.0
person 1241.0 803.0 113.0 220.0
person 1552.0 775.0 115.0 230.0
person 811.0 477.0 50.0 113.0
person 742.0 456.0 51.0 135.0
person 1334.0 462.0 50.0 98.0
person 1376.0 462.0 57.0 97.0
