person 272.0 806.0 130.0 274.0
person 409.0 806.0 120.0 275.0
person 453.0 782.0 97.0 253.0
person 1780.0 844.0 101.0 235.0
person 662.0 732.0 100.0 232.0
person 748.0 740.0 98.0 217.0
person 1491.0 676.0 97.0 233.0
person 1525.0 676.0 93.0 221.0
person 1513.0 550.0 53.0 100.0
person 1383.0 657.0 80.0 201.0
person 1489.0 638.0 81.0 179.0
person 1233.0 652.0 80.0 205.0
person 1100.0 653.0 75.0 200.0
person 1441.0 610.0 76.0 185.0
person 782.0 506.0 46.0 106.0
person 830.0 474.0 50.0 121.0
person 791.0 517.0 48.0 134.0
person 835.0 506.0 61.0 133.0
person 877.0 484.0 49.0 122.0
person 945.0 482.0 47.0 131.0
person 888.0 500.0 62.0 135.0
person 807.0 562.0 78.0 179.0
person 888.0 568.0 62.0 171.0
person 936.0 579.0 60.0 157.0
person 977.0 557.0 62.0 145.0
person 1040.0 558.0 62.0 140.0
person 1033.0 552.0 54.0 128.0
person 942.0 598.0 73.0 168.0
person 1006.0 635.0 52.0 130.0
person 1026.0 613.0 72.0 193.0
person 1016.0 651.0 79.0 208.0
person 1097.0 548.0 58.0 152.0
person 1127.0 581.0 65.0 167.0
person 1111.0 637.0 81.0 166.0
person 1742.0 808.0 109.0 218.0
person 1246.0 465.0 54.0 98.0
person 1283.0 462.0 64.0 104.0
