person 243.0 807.0 128.0 274.0
person 384.0 806.0 120.0 275.0
person 438.0 779.0 96.0 257.0
person 1705.0 834.0 106.0 247.0
person 666.0 708.0 97.0 225.0
person 755.0 717.0 96.0 209.0
person 1520.0 675.0 96.0 235.0
person 1600.0 670.0 79.0 221.0
person 1512.0 531.0 53.0 100.0
person 1415.0 645.0 80.0 201.0
person 1459.0 615.0 80.0 179.0
person 1204.0 628.0 76.0 200.0
person 1061.0 633.0 80.0 196.0
person 1411.0 589.0 74.0 179.0
person 762.0 487.0 46.0 106.0
person 803.0 458.0 50.0 120.0
person 791.0 499.0 48.0 134.0
person 825.0 489.0 56.0 133.0
person 848.0 465.0 53.0 122.0
person 921.0 459.0 51.0 131.0
person 878.0 482.0 64.0 128.0
person 804.0 542.0 68.0 174.0
person 879.0 551.0 63.0 168.0
person 924.0 559.0 61.0 154.0
person 965.0 536.0 66.0 145.0
person 1025.0 535.0 61.0 137.0
person 1018.0 530.0 54.0 128.0
person 931.0 578.0 84.0 163.0
person 997.0 616.0 53.0 123.0
person 1009.0 587.0 74.0 190.0
person 988.0 624.0 74.0 208.0
person 1086.0 527.0 58.0 152.0
person 1111.0 555.0 65.0 184.0
person 1093.0 614.0 75.0 165.0
person 1228.0 453.0 54.0 97.0
person 1260.0 450.0 64.0 104.0
