person 399.0 733.0 120.0 253.0
person 515.0 736.0 106.0 266.0
person 619.0 723.0 86.0 227.0
person 599.0 802.0 107.0 261.0
person 711.0 812.0 113.0 243.0
person 1270.0 636.0 86.0 210.0
person 1280.0 638.0 70.0 211.0
person 1520.0 540.0 53.0 100.0
person 1214.0 626.0 64.0 196.0
person 1572.0 662.0 76.0 202.0
person 1413.0 698.0 84.0 220.0
person 1289.0 701.0 79.0 222.0
person 1557.0 643.0 77.0 200.0
person 835.0 523.0 45.0 116.0
person 883.0 500.0 59.0 137.0
person 807.0 541.0 52.0 138.0
person 911.0 528.0 58.0 134.0
person 934.0 507.0 50.0 129.0
person 1012.0 506.0 61.0 136.0
person 965.0 528.0 58.0 140.0
person 881.0 597.0 82.0 197.0
person 934.0 601.0 71.0 187.0
person 1003.0 605.0 65.0 165.0
person 1059.0 584.0 62.0 166.0
person 1105.0 581.0 70.0 169.0
person 1106.0 581.0 56.0 136.0
person 1005.0 643.0 85.0 182.0
person 1072.0 683.0 62.0 139.0
person 1187.0 650.0 78.0 208.0
person 1200.0 696.0 90.0 227.0
person 1227.0 576.0 56.0 155.0
person 1343.0 617.0 70.0 181.0
person 1273.0 674.0 72.0 185.0
person 1.0 976.0 46.0 104.0
person 51.0 1026.0 76.0 55.0
person 1208.0 796.0 94.0 221.0
person 1504.0 774.0 123.0 231.0
person 823.0 473.0 50.0 113.0
person 748.0 453.0 53.0 139.0
person 1340.0 458.0 50.0 98.0
person 1378.0 459.0 57.0 97.0
