person 321.0 808.0 130.0 273.0
person 437.0 809.0 114.0 270.0
person 488.0 793.0 97.0 242.0
person 1857.0 852.0 62.0 229.0
person 663.0 761.0 102.0 238.0
person 750.0 773.0 99.0 218.0
person 1461.0 683.0 89.0 232.0
person 1490.0 678.0 82.0 219.0
person 1518.0 562.0 53.0 100.0
person 1345.0 667.0 83.0 198.0
person 1522.0 660.0 82.0 186.0
person 1273.0 680.0 80.0 210.0
person 1141.0 675.0 76.0 204.0
person 1474.0 637.0 77.0 179.0
person 806.0 526.0 46.0 107.0
person 855.0 495.0 49.0 121.0
person 801.0 538.0 49.0 134.0
person 848.0 524.0 57.0 134.0
person 898.0 503.0 49.0 122.0
person 964.0 504.0 58.0 130.0
person 903.0 520.0 57.0 139.0
person 828.0 584.0 74.0 183.0
person 895.0 591.0 60.0 175.0
person 948.0 600.0 61.0 158.0
person 997.0 580.0 62.0 146.0
person 1053.0 574.0 73.0 146.0
person 1046.0 573.0 52.0 135.0
person 956.0 621.0 77.0 169.0
person 1020.0 657.0 52.0 139.0
person 1049.0 636.0 73.0 193.0
person 1066.0 675.0 76.0 214.0
person 1110.0 569.0 58.0 152.0
person 1170.0 602.0 63.0 174.0
person 1131.0 660.0 75.0 168.0
person 1631.0 826.0 125.0 220.0
person 1265.0 479.0 52.0 98.0
person 1311.0 473.0 60.0 100.0
