person 445.0 670.0 105.0 227.0
person 574.0 664.0 96.0 236.0
person 694.0 662.0 76.0 206.0
person 466.0 871.0 126.0 209.0
person 595.0 886.0 122.0 194.0
person 1078.0 595.0 80.0 207.0
person 1100.0 599.0 66.0 193.0
person 1491.0 521.0 49.0 100.0
person 1153.0 606.0 71.0 196.0
person 1758.0 673.0 82.0 208.0
person 1379.0 735.0 81.0 245.0
person 1289.0 738.0 92.0 249.0
person 1695.0 656.0 104.0 210.0
person 845.0 527.0 45.0 122.0
person 882.0 502.0 58.0 151.0
person 800.0 546.0 58.0 147.0
person 939.0 530.0 64.0 149.0
person 943.0 510.0 49.0 131.0
person 993.0 510.0 61.0 148.0
person 999.0 530.0 58.0 140.0
person 1021.0 625.0 92.0 209.0
person 1055.0 624.0 82.0 202.0
person 1101.0 632.0 71.0 187.0
person 990.0 603.0 76.0 184.0
person 1270.0 591.0 70.0 170.0
person 1277.0 591.0 60.0 164.0
person 1216.0 665.0 88.0 188.0
person 1264.0 701.0 64.0 145.0
person 1432.0 659.0 109.0 214.0
person 1188.0 732.0 90.0 255.0
person 1395.0 585.0 76.0 184.0
person 1494.0 625.0 81.0 197.0
person 1536.0 681.0 107.0 190.0
person 1.0 904.0 105.0 177.0
person 75.0 937.0 101.0 143.0
person 704.0 777.0 101.0 221.0
person 1045.0 763.0 98.0 237.0
person 1601.0 736.0 113.0 226.0
person 1760.0 707.0 106.0 236.0
person 1765.0 710.0 77.0 218.0
person 883.0 471.0 96.0 117.0
person 845.0 456.0 62.0 133.0
person 713.0 452.0 54.0 134.0
person 725.0 472.0 50.0 98.0
person 1372.0 440.0 45.0 90.0
person 1408.0 432.0 54.0 97.0
