person 411.0 712.0 121.0 252.0
person 522.0 712.0 103.0 251.0
person 632.0 704.0 80.0 221.0
person 562.0 820.0 118.0 261.0
person 684.0 829.0 113.0 249.0
person 1206.0 619.0 85.0 211.0
person 1221.0 619.0 72.0 209.0
person 1511.0 528.0 52.0 100.0
person 1201.0 611.0 68.0 196.0
person 1590.0 661.0 92.0 206.0
person 1411.0 699.0 84.0 226.0
person 1304.0 708.0 93.0 224.0
person 1566.0 647.0 81.0 199.0
person 835.0 523.0 46.0 118.0
person 882.0 499.0 60.0 140.0
person 803.0 539.0 52.0 140.0
person 919.0 526.0 61.0 135.0
person 934.0 507.0 50.0 131.0
person 1018.0 503.0 60.0 137.0
person 975.0 521.0 58.0 140.0
person 904.0 606.0 96.0 198.0
person 948.0 612.0 70.0 188.0
person 1021.0 609.0 65.0 179.0
person 1049.0 587.0 62.0 166.0
person 1130.0 585.0 66.0 170.0
person 1136.0 576.0 59.0 161.0
person 1038.0 649.0 85.0 184.0
person 1104.0 686.0 59.0 141.0
person 1239.0 653.0 77.0 213.0
person 1210.0 697.0 88.0 239.0
person 1280.0 577.0 56.0 155.0
person 1394.0 608.0 73.0 181.0
person 1346.0 680.0 84.0 177.0
person 1.0 959.0 63.0 122.0
person 46.0 996.0 101.0 85.0
person 1056.0 786.0 114.0 221.0
person 1370.0 767.0 130.0 233.0
person 852.0 471.0 62.0 113.0
person 775.0 453.0 64.0 136.0
person 1354.0 446.0 50.0 98.0
person 1387.0 446.0 58.0 97.0
