person 419.0 684.0 113.0 238.0
person 554.0 686.0 97.0 251.0
person 667.0 675.0 76.0 217.0
person 520.0 846.0 120.0 234.0
person 639.0 856.0 118.0 224.0
person 1125.0 605.0 84.0 208.0
person 1152.0 607.0 76.0 196.0
person 1496.0 522.0 49.0 100.0
person 1177.0 607.0 63.0 197.0
person 1651.0 669.0 107.0 203.0
person 1393.0 716.0 82.0 239.0
person 1302.0 724.0 92.0 236.0
person 1624.0 651.0 94.0 208.0
person 841.0 524.0 46.0 119.0
person 880.0 499.0 61.0 147.0
person 797.0 541.0 55.0 143.0
person 928.0 527.0 61.0 146.0
person 936.0 510.0 50.0 131.0
person 1007.0 504.0 61.0 142.0
person 991.0 529.0 58.0 140.0
person 960.0 612.0 97.0 207.0
person 994.0 617.0 70.0 200.0
person 1051.0 619.0 69.0 187.0
person 1022.0 593.0 60.0 175.0
person 1198.0 588.0 69.0 170.0
person 1215.0 585.0 60.0 164.0
person 1113.0 656.0 89.0 188.0
person 1186.0 689.0 68.0 145.0
person 1339.0 654.0 97.0 219.0
person 1207.0 717.0 90.0 242.0
person 1351.0 581.0 57.0 155.0
person 1441.0 615.0 86.0 184.0
person 1445.0 677.0 101.0 190.0
person 1.0 929.0 89.0 152.0
person 41.0 969.0 112.0 112.0
person 852.0 782.0 117.0 220.0
person 1180.0 770.0 136.0 232.0
person 1735.0 749.0 124.0 227.0
person 874.0 471.0 61.0 113.0
person 819.0 453.0 62.0 133.0
person 1365.0 440.0 48.0 95.0
person 1401.0 434.0 58.0 97.0
