person 415.0 695.0 113.0 238.0
person 550.0 698.0 94.0 250.0
person 659.0 688.0 80.0 221.0
person 536.0 837.0 117.0 244.0
person 652.0 848.0 118.0 232.0
person 1144.0 609.0 86.0 209.0
person 1174.0 609.0 81.0 202.0
person 1499.0 522.0 49.0 100.0
person 1184.0 607.0 68.0 197.0
person 1624.0 667.0 103.0 204.0
person 1401.0 708.0 86.0 239.0
person 1303.0 713.0 92.0 234.0
person 1601.0 648.0 87.0 204.0
person 839.0 523.0 46.0 119.0
person 881.0 499.0 61.0 144.0
person 798.0 539.0 53.0 142.0
person 925.0 526.0 60.0 143.0
person 934.0 510.0 50.0 131.0
person 1014.0 503.0 60.0 141.0
person 983.0 523.0 58.0 140.0
person 947.0 609.0 84.0 202.0
person 975.0 617.0 69.0 192.0
person 1043.0 614.0 69.0 183.0
person 1034.0 589.0 60.0 173.0
person 1172.0 588.0 68.0 170.0
person 1190.0 585.0 60.0 164.0
person 1085.0 653.0 86.0 188.0
person 1156.0 688.0 69.0 145.0
person 1302.0 655.0 90.0 214.0
person 1211.0 709.0 90.0 242.0
person 1329.0 580.0 56.0 155.0
person 1434.0 612.0 77.0 182.0
person 1419.0 676.0 92.0 186.0
person 1.0 943.0 81.0 138.0
person 32.0 979.0 115.0 102.0
person 914.0 783.0 108.0 220.0
person 1269.0 764.0 97.0 237.0
person 1804.0 756.0 90.0 227.0
person 864.0 472.0 62.0 113.0
person 808.0 453.0 62.0 133.0
person 1362.0 440.0 49.0 97.0
person 1397.0 438.0 58.0 97.0
