person 469.0 651.0 105.0 224.0
person 599.0 654.0 96.0 235.0
person 722.0 653.0 75.0 202.0
person 421.0 895.0 137.0 185.0
person 578.0 908.0 108.0 171.0
person 1041.0 590.0 80.0 203.0
person 1073.0 591.0 64.0 201.0
person 1493.0 518.0 49.0 101.0
person 1156.0 606.0 73.0 196.0
person 1371.0 753.0 85.0 249.0
person 1269.0 755.0 99.0 254.0
person 1775.0 663.0 118.0 208.0
person 848.0 540.0 45.0 122.0
person 889.0 504.0 60.0 154.0
person 806.0 554.0 57.0 148.0
person 960.0 537.0 64.0 150.0
person 943.0 518.0 50.0 141.0
person 990.0 514.0 60.0 152.0
person 1011.0 537.0 58.0 140.0
person 1075.0 636.0 95.0 220.0
person 1122.0 635.0 84.0 205.0
person 1172.0 639.0 69.0 188.0
person 1004.0 615.0 70.0 188.0
person 1321.0 596.0 70.0 170.0
person 1347.0 601.0 58.0 164.0
person 1306.0 670.0 84.0 192.0
person 1351.0 706.0 64.0 146.0
person 1508.0 664.0 114.0 214.0
person 1172.0 750.0 91.0 267.0
person 1427.0 597.0 76.0 184.0
person 1535.0 636.0 86.0 202.0
person 1639.0 683.0 103.0 193.0
person 19.0 885.0 109.0 195.0
person 99.0 915.0 105.0 165.0
person 18.0 1039.0 63.0 42.0
person 599.0 774.0 96.0 221.0
person 917.0 771.0 113.0 241.0
person 1503.0 723.0 95.0 227.0
person 1653.0 707.0 120.0 230.0
person 1665.0 713.0 91.0 212.0
person 1739.0 708.0 72.0 199.0
person 901.0 483.0 95.0 117.0
person 869.0 462.0 62.0 133.0
person 737.0 456.0 53.0 134.0
person 757.0 473.0 49.0 98.0
person 729.0 458.0 48.0 111.0
person 735.0 457.0 48.0 121.0
person 1395.0 439.0 39.0 82.0
person 1412.0 436.0 54.0 97.0
