person 409.0 711.0 121.0 253.0
person 519.0 714.0 104.0 251.0
person 630.0 704.0 80.0 221.0
person 565.0 817.0 118.0 264.0
person 690.0 825.0 113.0 249.0
person 1212.0 621.0 85.0 211.0
person 1227.0 621.0 72.0 210.0
person 1512.0 529.0 53.0 100.0
person 1203.0 612.0 68.0 196.0
person 1585.0 660.0 92.0 205.0
person 1414.0 699.0 84.0 225.0
person 1303.0 707.0 93.0 224.0
person 1562.0 647.0 81.0 199.0
person 835.0 523.0 46.0 118.0
person 882.0 499.0 60.0 139.0
person 804.0 539.0 52.0 140.0
person 919.0 527.0 61.0 134.0
person 934.0 506.0 50.0 131.0
person 1018.0 504.0 60.0 136.0
person 974.0 522.0 58.0 140.0
person 903.0 604.0 90.0 198.0
person 946.0 610.0 70.0 188.0
person 1019.0 608.0 65.0 178.0
person 1050.0 585.0 61.0 166.0
person 1127.0 584.0 67.0 170.0
person 1133.0 577.0 59.0 157.0
person 1033.0 648.0 85.0 184.0
person 1101.0 685.0 56.0 141.0
person 1233.0 652.0 77.0 212.0
person 1212.0 697.0 87.0 238.0
person 1274.0 577.0 57.0 155.0
person 1388.0 609.0 73.0 181.0
person 1337.0 679.0 86.0 177.0
person 1.0 960.0 61.0 121.0
person 47.0 998.0 100.0 83.0
person 1057.0 790.0 130.0 221.0
person 1376.0 769.0 130.0 234.0
person 848.0 470.0 62.0 113.0
person 771.0 453.0 64.0 136.0
person 1352.0 447.0 50.0 98.0
person 1386.0 448.0 58.0 97.0
