person 414.0 711.0 121.0 245.0
person 528.0 709.0 101.0 250.0
person 637.0 702.0 80.0 221.0
person 557.0 824.0 118.0 257.0
person 675.0 835.0 114.0 245.0
person 1193.0 617.0 85.0 211.0
person 1209.0 616.0 74.0 208.0
person 1508.0 526.0 51.0 100.0
person 1197.0 610.0 68.0 196.0
person 1600.0 662.0 92.0 208.0
person 1408.0 701.0 86.0 229.0
person 1305.0 710.0 93.0 224.0
person 1573.0 647.0 81.0 199.0
person 836.0 523.0 46.0 119.0
person 882.0 499.0 60.0 141.0
person 802.0 539.0 52.0 140.0
person 920.0 526.0 61.0 137.0
person 934.0 508.0 50.0 131.0
person 1017.0 503.0 60.0 138.0
person 977.0 521.0 58.0 140.0
person 907.0 609.0 105.0 198.0
person 953.0 613.0 70.0 189.0
person 1025.0 610.0 65.0 182.0
person 1047.0 588.0 62.0 167.0
person 1135.0 586.0 67.0 170.0
person 1146.0 577.0 60.0 164.0
person 1048.0 651.0 84.0 185.0
person 1111.0 687.0 62.0 142.0
person 1251.0 654.0 79.0 214.0
person 1208.0 698.0 90.0 242.0
person 1292.0 578.0 56.0 155.0
person 1405.0 608.0 74.0 181.0
person 1369.0 677.0 76.0 178.0
person 1.0 958.0 67.0 123.0
person 43.0 992.0 104.0 89.0
person 1039.0 784.0 73.0 221.0
person 1359.0 766.0 120.0 230.0
person 857.0 472.0 62.0 113.0
person 783.0 454.0 64.0 134.0
person 1356.0 444.0 50.0 98.0
person 1389.0 444.0 58.0 97.0
