person 416.0 688.0 113.0 239.0
person 553.0 693.0 95.0 250.0
person 663.0 681.0 78.0 219.0
person 528.0 841.0 118.0 240.0
person 645.0 852.0 118.0 228.0
person 1134.0 607.0 85.0 208.0
person 1163.0 608.0 78.0 199.0
person 1497.0 522.0 49.0 100.0
person 1180.0 607.0 66.0 197.0
person 1631.0 669.0 108.0 202.0
person 1397.0 712.0 84.0 239.0
person 1303.0 719.0 92.0 235.0
person 1612.0 649.0 91.0 207.0
person 840.0 523.0 46.0 119.0
person 881.0 499.0 61.0 146.0
person 798.0 540.0 53.0 143.0
person 926.0 526.0 60.0 145.0
person 935.0 510.0 50.0 131.0
person 1013.0 503.0 61.0 143.0
person 987.0 526.0 58.0 140.0
person 953.0 610.0 91.0 205.0
person 985.0 617.0 69.0 196.0
person 1047.0 616.0 69.0 186.0
person 1028.0 592.0 60.0 174.0
person 1181.0 590.0 69.0 170.0
person 1202.0 585.0 60.0 164.0
person 1099.0 655.0 87.0 188.0
person 1171.0 688.0 69.0 146.0
person 1321.0 654.0 93.0 218.0
person 1210.0 713.0 90.0 242.0
person 1340.0 581.0 57.0 155.0
person 1437.0 614.0 82.0 183.0
person 1433.0 676.0 95.0 188.0
person 1.0 936.0 85.0 145.0
person 34.0 975.0 115.0 106.0
person 879.0 782.0 121.0 220.0
person 1224.0 767.0 117.0 234.0
person 1767.0 753.0 110.0 227.0
person 870.0 472.0 62.0 113.0
person 813.0 453.0 62.0 133.0
person 1364.0 440.0 48.0 96.0
person 1399.0 436.0 58.0 97.0
