person 467.0 652.0 105.0 225.0
person 597.0 654.0 96.0 235.0
person 720.0 653.0 76.0 203.0
person 424.0 893.0 137.0 187.0
person 579.0 907.0 109.0 172.0
person 1044.0 590.0 80.0 204.0
person 1074.0 591.0 64.0 201.0
person 1493.0 518.0 49.0 101.0
person 1156.0 606.0 73.0 196.0
person 1371.0 751.0 84.0 248.0
person 1270.0 754.0 98.0 253.0
person 1770.0 663.0 117.0 208.0
person 848.0 539.0 45.0 122.0
person 889.0 504.0 59.0 154.0
person 805.0 553.0 58.0 149.0
person 958.0 537.0 65.0 149.0
person 943.0 517.0 50.0 140.0
person 989.0 514.0 61.0 152.0
person 1010.0 537.0 58.0 140.0
person 1069.0 635.0 97.0 221.0
person 1117.0 634.0 84.0 206.0
person 1167.0 639.0 69.0 188.0
person 1003.0 613.0 69.0 188.0
person 1318.0 596.0 70.0 170.0
person 1342.0 600.0 59.0 164.0
person 1301.0 670.0 84.0 192.0
person 1345.0 706.0 64.0 146.0
person 1503.0 664.0 113.0 214.0
person 1174.0 749.0 90.0 267.0
person 1425.0 596.0 76.0 184.0
person 1532.0 635.0 86.0 202.0
person 1634.0 682.0 100.0 194.0
person 17.0 886.0 109.0 194.0
person 98.0 917.0 104.0 163.0
person 17.0 1040.0 60.0 41.0
person 606.0 775.0 97.0 221.0
person 927.0 769.0 110.0 242.0
person 1512.0 723.0 88.0 227.0
person 1655.0 707.0 124.0 230.0
person 1671.0 713.0 90.0 212.0
person 1747.0 709.0 71.0 199.0
person 896.0 482.0 101.0 116.0
person 868.0 462.0 62.0 133.0
person 735.0 456.0 53.0 134.0
person 756.0 473.0 48.0 98.0
person 727.0 457.0 49.0 112.0
person 733.0 456.0 48.0 122.0
person 1393.0 439.0 39.0 83.0
person 1411.0 435.0 54.0 97.0
