person 475.0 651.0 104.0 224.0
person 602.0 647.0 96.0 235.0
person 733.0 650.0 73.0 203.0
person 404.0 904.0 138.0 177.0
person 572.0 917.0 104.0 162.0
person 1028.0 587.0 80.0 202.0
person 1065.0 587.0 64.0 205.0
person 1494.0 517.0 49.0 101.0
person 1159.0 606.0 73.0 196.0
person 1373.0 765.0 89.0 259.0
person 1260.0 763.0 110.0 253.0
person 1805.0 665.0 114.0 208.0
person 850.0 541.0 45.0 122.0
person 893.0 506.0 60.0 156.0
person 811.0 557.0 57.0 149.0
person 971.0 539.0 60.0 153.0
person 943.0 521.0 50.0 144.0
person 992.0 515.0 59.0 152.0
person 1019.0 540.0 60.0 140.0
person 1107.0 639.0 86.0 218.0
person 1151.0 638.0 86.0 206.0
person 1203.0 641.0 71.0 188.0
person 1021.0 618.0 74.0 189.0
person 1340.0 598.0 70.0 170.0
person 1373.0 604.0 58.0 164.0
person 1341.0 671.0 84.0 194.0
person 1387.0 707.0 64.0 149.0
person 1540.0 664.0 117.0 215.0
person 1164.0 756.0 93.0 271.0
person 1439.0 598.0 77.0 184.0
person 1552.0 639.0 90.0 202.0
person 1672.0 687.0 112.0 192.0
person 31.0 877.0 110.0 203.0
person 115.0 908.0 105.0 172.0
person 22.0 1029.0 82.0 52.0
person 559.0 775.0 101.0 221.0
person 869.0 777.0 137.0 238.0
person 1467.0 720.0 101.0 226.0
person 1845.0 709.0 71.0 223.0
person 1635.0 703.0 89.0 230.0
person 1634.0 709.0 88.0 211.0
person 1699.0 706.0 72.0 197.0
person 922.0 488.0 74.0 115.0
person 877.0 464.0 62.0 133.0
person 742.0 460.0 61.0 133.0
person 766.0 474.0 50.0 98.0
person 739.0 460.0 48.0 110.0
person 747.0 460.0 48.0 121.0
person 1404.0 438.0 36.0 80.0
person 1413.0 435.0 54.0 97.0
