person 489.0 644.0 105.0 224.0
person 608.0 636.0 98.0 235.0
person 747.0 641.0 69.0 204.0
person 372.0 925.0 142.0 156.0
person 555.0 937.0 105.0 144.0
person 1005.0 580.0 80.0 199.0
person 1053.0 580.0 65.0 199.0
person 1495.0 515.0 50.0 101.0
person 1162.0 605.0 73.0 195.0
person 1367.0 774.0 88.0 260.0
person 1261.0 770.0 107.0 263.0
person 854.0 543.0 45.0 122.0
person 900.0 510.0 59.0 156.0
person 824.0 562.0 57.0 150.0
person 988.0 542.0 57.0 155.0
person 951.0 520.0 50.0 146.0
person 997.0 516.0 56.0 152.0
person 1036.0 543.0 64.0 141.0
person 1157.0 645.0 97.0 220.0
person 1209.0 643.0 85.0 206.0
person 1262.0 646.0 76.0 187.0
person 1063.0 621.0 65.0 190.0
person 1376.0 603.0 70.0 176.0
person 1417.0 608.0 58.0 164.0
person 1397.0 669.0 117.0 199.0
person 1456.0 706.0 65.0 152.0
person 1606.0 664.0 117.0 215.0
person 1146.0 767.0 99.0 276.0
person 1470.0 601.0 78.0 185.0
person 1591.0 641.0 88.0 208.0
person 1751.0 687.0 112.0 191.0
person 54.0 863.0 110.0 216.0
person 147.0 895.0 105.0 186.0
person 39.0 1009.0 104.0 71.0
person 493.0 773.0 109.0 221.0
person 788.0 773.0 130.0 241.0
person 1393.0 711.0 111.0 227.0
person 1765.0 708.0 109.0 218.0
person 1566.0 701.0 109.0 223.0
person 1575.0 703.0 84.0 212.0
person 1644.0 710.0 84.0 190.0
person 1834.0 774.0 69.0 153.0
person 945.0 486.0 60.0 115.0
person 890.0 468.0 62.0 133.0
person 754.0 463.0 60.0 135.0
person 1568.0 528.0 60.0 152.0
person 793.0 477.0 50.0 98.0
person 763.0 460.0 49.0 110.0
person 770.0 463.0 48.0 121.0
person 1409.0 434.0 36.0 80.0
person 1418.0 430.0 53.0 94.0
