person 427.0 684.0 105.0 223.0
person 561.0 676.0 97.0 245.0
person 680.0 672.0 76.0 209.0
person 499.0 857.0 123.0 223.0
person 621.0 868.0 121.0 211.0
person 1105.0 600.0 80.0 208.0
person 1128.0 605.0 70.0 190.0
person 1493.0 522.0 49.0 100.0
person 1169.0 607.0 58.0 197.0
person 1698.0 669.0 103.0 207.0
person 1387.0 722.0 81.0 242.0
person 1298.0 729.0 92.0 240.0
person 1652.0 652.0 93.0 211.0
person 843.0 525.0 45.0 120.0
person 879.0 500.0 58.0 150.0
person 796.0 543.0 58.0 145.0
person 934.0 532.0 64.0 146.0
person 939.0 510.0 49.0 131.0
person 999.0 507.0 61.0 143.0
person 994.0 530.0 58.0 140.0
person 989.0 615.0 86.0 212.0
person 1006.0 620.0 99.0 202.0
person 1066.0 623.0 72.0 188.0
person 1009.0 598.0 61.0 175.0
person 1232.0 587.0 70.0 170.0
person 1225.0 585.0 61.0 164.0
person 1153.0 660.0 89.0 187.0
person 1219.0 692.0 65.0 145.0
person 1380.0 656.0 104.0 216.0
person 1199.0 725.0 90.0 245.0
person 1374.0 583.0 61.0 161.0
person 1463.0 617.0 83.0 190.0
person 1480.0 679.0 90.0 190.0
person 1.0 916.0 98.0 165.0
person 56.0 955.0 106.0 126.0
person 787.0 783.0 106.0 220.0
person 1127.0 766.0 110.0 235.0
person 1689.0 739.0 91.0 227.0
person 883.0 471.0 55.0 112.0
person 829.0 453.0 62.0 133.0
person 696.0 446.0 60.0 132.0
person 1368.0 440.0 47.0 93.0
person 1406.0 430.0 56.0 97.0
