person 406.0 715.0 122.0 253.0
person 519.0 719.0 106.0 246.0
person 626.0 706.0 81.0 221.0
person 570.0 813.0 118.0 268.0
person 698.0 819.0 112.0 248.0
person 1225.0 623.0 85.0 211.0
person 1240.0 625.0 71.0 211.0
person 1515.0 530.0 54.0 100.0
person 1205.0 615.0 67.0 196.0
person 1575.0 660.0 92.0 202.0
person 1420.0 699.0 86.0 223.0
person 1301.0 705.0 90.0 224.0
person 1560.0 646.0 81.0 199.0
person 835.0 523.0 46.0 117.0
person 882.0 499.0 60.0 138.0
person 805.0 539.0 52.0 139.0
person 917.0 527.0 60.0 134.0
person 935.0 505.0 50.0 131.0
person 1017.0 504.0 60.0 136.0
person 972.0 523.0 58.0 140.0
person 899.0 601.0 84.0 198.0
person 942.0 606.0 70.0 188.0
person 1015.0 607.0 65.0 175.0
person 1055.0 585.0 62.0 167.0
person 1121.0 583.0 67.0 170.0
person 1127.0 578.0 58.0 150.0
person 1023.0 646.0 85.0 183.0
person 1094.0 684.0 54.0 140.0
person 1221.0 650.0 78.0 210.0
person 1214.0 696.0 85.0 235.0
person 1263.0 576.0 56.0 155.0
person 1377.0 611.0 72.0 181.0
person 1321.0 680.0 82.0 174.0
person 1.0 961.0 57.0 120.0
person 51.0 1002.0 96.0 79.0
person 1103.0 792.0 97.0 220.0
person 1422.0 767.0 109.0 232.0
person 840.0 469.0 68.0 113.0
person 764.0 453.0 64.0 138.0
person 1350.0 450.0 50.0 98.0
person 1384.0 450.0 58.0 97.0
