person 438.0 675.0 104.0 226.0
person 568.0 669.0 96.0 238.0
person 690.0 666.0 76.0 209.0
person 480.0 865.0 124.0 215.0
person 607.0 879.0 121.0 200.0
person 1089.0 597.0 80.0 207.0
person 1112.0 601.0 67.0 192.0
person 1491.0 522.0 49.0 100.0
person 1160.0 606.0 65.0 197.0
person 1721.0 669.0 93.0 208.0
person 1384.0 727.0 80.0 244.0
person 1293.0 735.0 92.0 245.0
person 1675.0 654.0 92.0 212.0
person 844.0 525.0 45.0 122.0
person 880.0 501.0 57.0 151.0
person 798.0 545.0 58.0 146.0
person 937.0 531.0 64.0 148.0
person 941.0 510.0 49.0 131.0
person 995.0 509.0 62.0 146.0
person 997.0 530.0 58.0 140.0
person 1012.0 621.0 83.0 208.0
person 1032.0 624.0 86.0 199.0
person 1082.0 627.0 72.0 187.0
person 999.0 599.0 67.0 179.0
person 1254.0 589.0 70.0 170.0
person 1255.0 589.0 60.0 164.0
person 1189.0 662.0 89.0 187.0
person 1242.0 697.0 65.0 145.0
person 1411.0 657.0 108.0 214.0
person 1192.0 729.0 90.0 252.0
person 1386.0 584.0 70.0 174.0
person 1482.0 620.0 81.0 195.0
person 1514.0 680.0 94.0 190.0
person 1.0 909.0 102.0 172.0
person 67.0 945.0 102.0 136.0
person 726.0 778.0 102.0 220.0
person 1066.0 768.0 133.0 234.0
person 1635.0 738.0 114.0 226.0
person 1800.0 709.0 89.0 234.0
person 1795.0 712.0 75.0 217.0
person 884.0 471.0 75.0 114.0
person 836.0 455.0 62.0 133.0
person 706.0 450.0 55.0 134.0
person 712.0 472.0 52.0 98.0
person 1371.0 440.0 45.0 91.0
person 1408.0 429.0 54.0 97.0
