person 454.0 666.0 104.0 227.0
person 583.0 660.0 96.0 236.0
person 705.0 656.0 76.0 206.0
person 449.0 880.0 131.0 200.0
person 585.0 895.0 119.0 185.0
person 1064.0 593.0 80.0 205.0
person 1087.0 596.0 64.0 196.0
person 1492.0 520.0 49.0 100.0
person 1152.0 606.0 73.0 196.0
person 1371.0 747.0 84.0 247.0
person 1282.0 744.0 92.0 251.0
person 1719.0 660.0 120.0 208.0
person 846.0 532.0 45.0 122.0
person 884.0 502.0 59.0 151.0
person 803.0 548.0 58.0 148.0
person 946.0 533.0 65.0 149.0
person 943.0 513.0 49.0 134.0
person 990.0 512.0 62.0 150.0
person 1003.0 532.0 58.0 140.0
person 1033.0 630.0 101.0 216.0
person 1081.0 626.0 78.0 205.0
person 1123.0 638.0 69.0 187.0
person 995.0 603.0 67.0 188.0
person 1289.0 593.0 70.0 170.0
person 1303.0 595.0 59.0 164.0
person 1249.0 668.0 85.0 190.0
person 1294.0 706.0 64.0 145.0
person 1458.0 662.0 109.0 214.0
person 1183.0 737.0 90.0 258.0
person 1407.0 589.0 76.0 184.0
person 1508.0 630.0 82.0 200.0
person 1569.0 681.0 115.0 191.0
person 1.0 898.0 108.0 183.0
person 84.0 929.0 102.0 151.0
person 673.0 777.0 84.0 220.0
person 991.0 769.0 125.0 238.0
person 1555.0 732.0 114.0 227.0
person 1725.0 710.0 109.0 230.0
person 1728.0 710.0 81.0 216.0
person 1813.0 714.0 70.0 202.0
person 883.0 473.0 108.0 118.0
person 856.0 459.0 62.0 133.0
person 721.0 453.0 53.0 134.0
person 739.0 472.0 49.0 98.0
person 711.0 454.0 50.0 113.0
person 718.0 450.0 48.0 122.0
person 1375.0 440.0 44.0 89.0
person 1409.0 433.0 54.0 97.0
