person 484.0 647.0 104.0 224.0
person 605.0 641.0 97.0 235.0
person 740.0 646.0 68.0 205.0
person 387.0 914.0 139.0 167.0
person 563.0 928.0 104.0 152.0
person 1016.0 583.0 80.0 200.0
person 1058.0 583.0 65.0 203.0
person 1495.0 516.0 49.0 101.0
person 1161.0 606.0 73.0 196.0
person 1370.0 770.0 88.0 259.0
person 1260.0 767.0 109.0 258.0
person 853.0 543.0 45.0 122.0
person 896.0 510.0 59.0 155.0
person 820.0 560.0 57.0 149.0
person 981.0 541.0 57.0 155.0
person 947.0 521.0 50.0 146.0
person 995.0 515.0 57.0 152.0
person 1028.0 542.0 63.0 140.0
person 1123.0 644.0 107.0 218.0
person 1182.0 641.0 85.0 206.0
person 1234.0 644.0 74.0 187.0
person 1039.0 621.0 77.0 190.0
person 1359.0 600.0 70.0 171.0
person 1397.0 606.0 58.0 164.0
person 1372.0 670.0 100.0 197.0
person 1423.0 707.0 65.0 152.0
person 1576.0 664.0 117.0 215.0
person 1156.0 762.0 95.0 275.0
person 1454.0 599.0 78.0 184.0
person 1573.0 640.0 89.0 205.0
person 1721.0 684.0 86.0 196.0
person 43.0 869.0 111.0 211.0
person 133.0 901.0 105.0 179.0
person 26.0 1020.0 101.0 61.0
person 536.0 775.0 96.0 221.0
person 834.0 773.0 104.0 243.0
person 1437.0 713.0 84.0 227.0
person 1802.0 709.0 91.0 220.0
person 1584.0 702.0 109.0 228.0
person 1604.0 703.0 84.0 212.0
person 1675.0 710.0 74.0 193.0
person 938.0 486.0 62.0 115.0
person 884.0 466.0 62.0 133.0
person 748.0 462.0 63.0 134.0
person 778.0 475.0 50.0 98.0
person 752.0 460.0 48.0 110.0
person 760.0 462.0 48.0 121.0
person 1407.0 436.0 36.0 80.0
person 1416.0 432.0 53.0 96.0
