person 493.0 642.0 105.0 224.0
person 610.0 634.0 95.0 232.0
person 753.0 640.0 69.0 200.0
person 365.0 929.0 144.0 152.0
person 551.0 943.0 105.0 138.0
person 999.0 578.0 80.0 198.0
person 1050.0 579.0 66.0 196.0
person 1496.0 514.0 50.0 101.0
person 1162.0 603.0 73.0 196.0
person 1365.0 777.0 90.0 262.0
person 1262.0 772.0 105.0 265.0
person 855.0 544.0 45.0 122.0
person 902.0 509.0 60.0 157.0
person 826.0 562.0 57.0 151.0
person 992.0 543.0 58.0 155.0
person 954.0 519.0 49.0 146.0
person 999.0 516.0 54.0 152.0
person 1040.0 543.0 64.0 144.0
person 1177.0 646.0 92.0 220.0
person 1230.0 643.0 83.0 206.0
person 1279.0 648.0 78.0 187.0
person 1073.0 622.0 77.0 190.0
person 1386.0 605.0 70.0 179.0
person 1429.0 609.0 58.0 164.0
person 1412.0 669.0 118.0 200.0
person 1475.0 705.0 65.0 152.0
person 1624.0 664.0 118.0 215.0
person 1140.0 769.0 101.0 278.0
person 1479.0 602.0 78.0 185.0
person 1605.0 642.0 88.0 210.0
person 1769.0 687.0 106.0 191.0
person 60.0 859.0 111.0 220.0
person 155.0 891.0 105.0 190.0
person 49.0 1002.0 104.0 78.0
person 463.0 773.0 121.0 220.0
person 777.0 775.0 130.0 242.0
person 1383.0 709.0 101.0 227.0
person 1747.0 707.0 110.0 218.0
person 1553.0 699.0 97.0 226.0
person 1557.0 703.0 84.0 212.0
person 1624.0 710.0 91.0 188.0
person 1814.0 773.0 73.0 149.0
person 947.0 486.0 61.0 115.0
person 894.0 470.0 62.0 133.0
person 757.0 464.0 59.0 136.0
person 1565.0 529.0 60.0 152.0
person 805.0 478.0 50.0 98.0
person 770.0 460.0 49.0 110.0
person 776.0 464.0 48.0 121.0
person 1410.0 433.0 36.0 80.0
person 1419.0 428.0 53.0 94.0
