person 451.0 667.0 104.0 227.0
person 580.0 662.0 96.0 235.0
person 701.0 658.0 76.0 206.0
person 455.0 877.0 129.0 203.0
person 587.0 893.0 121.0 188.0
person 1069.0 594.0 80.0 206.0
person 1091.0 597.0 65.0 195.0
person 1491.0 520.0 49.0 101.0
person 1151.0 606.0 73.0 196.0
person 1373.0 743.0 83.0 246.0
person 1284.0 742.0 92.0 250.0
person 1711.0 658.0 114.0 209.0
person 846.0 530.0 45.0 122.0
person 883.0 502.0 59.0 151.0
person 802.0 547.0 58.0 148.0
person 944.0 532.0 64.0 149.0
person 943.0 512.0 49.0 133.0
person 991.0 511.0 62.0 150.0
person 1001.0 531.0 58.0 140.0
person 1029.0 628.0 98.0 214.0
person 1074.0 624.0 78.0 204.0
person 1115.0 636.0 70.0 187.0
person 993.0 603.0 69.0 188.0
person 1283.0 592.0 70.0 170.0
person 1294.0 594.0 60.0 164.0
person 1238.0 667.0 86.0 189.0
person 1284.0 704.0 64.0 145.0
person 1449.0 661.0 109.0 214.0
person 1184.0 735.0 90.0 256.0
person 1403.0 588.0 76.0 184.0
person 1503.0 628.0 82.0 199.0
person 1558.0 681.0 112.0 191.0
person 1.0 900.0 107.0 181.0
person 81.0 932.0 102.0 148.0
person 686.0 777.0 86.0 220.0
person 1011.0 766.0 111.0 238.0
person 1568.0 734.0 117.0 226.0
person 1727.0 707.0 120.0 234.0
person 1741.0 709.0 79.0 217.0
person 883.0 472.0 106.0 118.0
person 852.0 458.0 62.0 133.0
person 718.0 453.0 54.0 134.0
person 734.0 472.0 50.0 98.0
person 708.0 454.0 50.0 113.0
person 714.0 449.0 48.0 122.0
person 1374.0 440.0 44.0 89.0
person 1409.0 433.0 54.0 97.0
