person 442.0 671.0 104.0 227.0
person 571.0 666.0 96.0 236.0
person 692.0 664.0 76.0 207.0
person 471.0 868.0 125.0 212.0
person 600.0 883.0 121.0 197.0
person 1082.0 596.0 80.0 207.0
person 1105.0 600.0 66.0 193.0
person 1491.0 522.0 49.0 100.0
person 1156.0 606.0 68.0 196.0
person 1743.0 671.0 87.0 208.0
person 1381.0 731.0 81.0 245.0
person 1291.0 737.0 92.0 247.0
person 1687.0 655.0 99.0 211.0
person 845.0 526.0 45.0 122.0
person 881.0 501.0 58.0 151.0
person 800.0 546.0 58.0 146.0
person 938.0 530.0 64.0 149.0
person 942.0 510.0 49.0 131.0
person 994.0 510.0 61.0 147.0
person 998.0 530.0 58.0 140.0
person 1017.0 624.0 89.0 206.0
person 1046.0 624.0 83.0 200.0
person 1093.0 630.0 72.0 187.0
person 994.0 601.0 72.0 182.0
person 1264.0 590.0 70.0 170.0
person 1268.0 590.0 60.0 164.0
person 1205.0 664.0 89.0 187.0
person 1254.0 699.0 64.0 145.0
person 1424.0 659.0 108.0 214.0
person 1190.0 731.0 89.0 254.0
person 1391.0 584.0 74.0 180.0
person 1489.0 623.0 81.0 196.0
person 1525.0 681.0 104.0 190.0
person 1.0 906.0 103.0 175.0
person 72.0 940.0 100.0 140.0
person 710.0 777.0 101.0 220.0
person 1053.0 765.0 112.0 236.0
person 1618.0 737.0 110.0 226.0
person 1780.0 707.0 94.0 236.0
person 1777.0 711.0 76.0 217.0
person 883.0 471.0 88.0 116.0
person 841.0 456.0 62.0 133.0
person 710.0 451.0 54.0 134.0
person 720.0 472.0 51.0 98.0
person 1372.0 440.0 45.0 90.0
person 1408.0 432.0 54.0 97.0
