person 420.0 684.0 112.0 236.0
person 555.0 685.0 97.0 251.0
person 668.0 675.0 76.0 215.0
person 518.0 847.0 120.0 233.0
person 637.0 857.0 118.0 223.0
person 1123.0 604.0 83.0 209.0
person 1149.0 607.0 75.0 195.0
person 1496.0 522.0 49.0 100.0
person 1176.0 607.0 63.0 197.0
person 1657.0 669.0 105.0 204.0
person 1392.0 717.0 81.0 239.0
person 1301.0 724.0 92.0 237.0
person 1627.0 651.0 94.0 208.0
person 842.0 524.0 45.0 119.0
person 880.0 499.0 61.0 147.0
person 797.0 541.0 55.0 144.0
person 929.0 527.0 61.0 146.0
person 937.0 510.0 49.0 131.0
person 1006.0 504.0 61.0 143.0
person 992.0 530.0 58.0 140.0
person 961.0 613.0 99.0 207.0
person 997.0 617.0 70.0 202.0
person 1053.0 620.0 69.0 188.0
person 1020.0 594.0 61.0 174.0
person 1202.0 587.0 70.0 170.0
person 1216.0 585.0 60.0 164.0
person 1117.0 657.0 89.0 187.0
person 1190.0 689.0 67.0 145.0
person 1344.0 654.0 97.0 219.0
person 1206.0 718.0 90.0 242.0
person 1354.0 582.0 57.0 155.0
person 1442.0 615.0 87.0 185.0
person 1449.0 678.0 102.0 190.0
person 1.0 928.0 90.0 153.0
person 42.0 967.0 112.0 114.0
person 844.0 782.0 114.0 220.0
person 1169.0 771.0 141.0 232.0
person 1731.0 748.0 124.0 226.0
person 875.0 471.0 60.0 113.0
person 821.0 453.0 62.0 133.0
person 1365.0 440.0 48.0 95.0
person 1402.0 433.0 58.0 97.0
