person 461.0 660.0 105.0 226.0
person 591.0 657.0 96.0 235.0
person 713.0 655.0 76.0 203.0
person 435.0 887.0 135.0 193.0
person 582.0 902.0 113.0 178.0
person 1053.0 591.0 80.0 205.0
person 1079.0 594.0 64.0 198.0
person 1492.0 519.0 50.0 100.0
person 1154.0 606.0 73.0 196.0
person 1371.0 749.0 84.0 247.0
person 1276.0 749.0 92.0 253.0
person 1747.0 661.0 119.0 208.0
person 847.0 536.0 45.0 122.0
person 886.0 503.0 59.0 152.0
person 804.0 550.0 58.0 149.0
person 953.0 535.0 64.0 149.0
person 943.0 515.0 49.0 138.0
person 988.0 514.0 62.0 152.0
person 1007.0 535.0 58.0 140.0
person 1044.0 634.0 108.0 222.0
person 1099.0 632.0 82.0 205.0
person 1147.0 639.0 69.0 187.0
person 999.0 605.0 66.0 189.0
person 1305.0 594.0 70.0 170.0
person 1325.0 598.0 59.0 164.0
person 1278.0 669.0 84.0 191.0
person 1322.0 706.0 64.0 146.0
person 1482.0 663.0 111.0 214.0
person 1178.0 744.0 90.0 264.0
person 1417.0 593.0 76.0 184.0
person 1521.0 633.0 83.0 202.0
person 1604.0 682.0 108.0 192.0
person 9.0 891.0 109.0 189.0
person 92.0 922.0 103.0 158.0
person 633.0 777.0 102.0 221.0
person 957.0 768.0 117.0 240.0
person 1534.0 727.0 93.0 227.0
person 1707.0 704.0 76.0 229.0
person 1697.0 711.0 86.0 214.0
person 1776.0 711.0 71.0 200.0
person 883.0 476.0 114.0 118.0
person 862.0 460.0 62.0 133.0
person 729.0 455.0 53.0 134.0
person 750.0 472.0 48.0 98.0
person 720.0 456.0 49.0 112.0
person 726.0 454.0 48.0 121.0
person 1385.0 439.0 41.0 86.0
person 1410.0 434.0 54.0 97.0
