person 403.0 727.0 120.0 253.0
person 517.0 729.0 105.0 265.0
person 625.0 715.0 86.0 227.0
person 589.0 806.0 111.0 263.0
person 706.0 814.0 113.0 245.0
person 1253.0 630.0 86.0 211.0
person 1265.0 634.0 70.0 212.0
person 1518.0 537.0 54.0 100.0
person 1211.0 622.0 65.0 196.0
person 1575.0 660.0 77.0 203.0
person 1417.0 699.0 84.0 220.0
person 1293.0 702.0 80.0 224.0
person 1560.0 642.0 78.0 200.0
person 835.0 523.0 45.0 116.0
person 883.0 500.0 59.0 137.0
person 807.0 539.0 52.0 139.0
person 913.0 528.0 59.0 134.0
person 935.0 505.0 50.0 130.0
person 1014.0 505.0 60.0 136.0
person 967.0 527.0 58.0 140.0
person 887.0 598.0 84.0 197.0
person 936.0 602.0 70.0 187.0
person 1007.0 606.0 65.0 168.0
person 1060.0 585.0 62.0 166.0
person 1110.0 581.0 69.0 170.0
person 1115.0 580.0 56.0 137.0
person 1011.0 644.0 85.0 182.0
person 1078.0 683.0 60.0 139.0
person 1199.0 650.0 78.0 208.0
person 1205.0 696.0 88.0 230.0
person 1240.0 575.0 56.0 155.0
person 1354.0 615.0 71.0 181.0
person 1282.0 674.0 78.0 181.0
person 1.0 969.0 49.0 111.0
person 51.0 1018.0 82.0 63.0
person 1165.0 796.0 122.0 221.0
person 1477.0 775.0 123.0 230.0
person 830.0 471.0 57.0 113.0
person 753.0 453.0 58.0 139.0
person 1345.0 455.0 50.0 98.0
person 1380.0 456.0 57.0 97.0
