person 415.0 710.0 121.0 243.0
person 530.0 708.0 101.0 251.0
person 639.0 701.0 80.0 221.0
person 556.0 826.0 118.0 255.0
person 673.0 836.0 115.0 244.0
person 1189.0 616.0 85.0 211.0
person 1206.0 615.0 75.0 208.0
person 1507.0 526.0 52.0 100.0
person 1196.0 610.0 68.0 196.0
person 1603.0 662.0 92.0 209.0
person 1407.0 702.0 87.0 229.0
person 1306.0 710.0 93.0 224.0
person 1574.0 646.0 81.0 200.0
person 836.0 523.0 46.0 119.0
person 882.0 499.0 60.0 141.0
person 801.0 539.0 52.0 140.0
person 921.0 526.0 60.0 138.0
person 933.0 508.0 50.0 131.0
person 1017.0 503.0 60.0 138.0
person 977.0 521.0 58.0 140.0
person 908.0 610.0 108.0 198.0
person 955.0 614.0 70.0 188.0
person 1026.0 610.0 65.0 182.0
person 1047.0 588.0 62.0 167.0
person 1137.0 586.0 66.0 170.0
person 1149.0 578.0 60.0 164.0
person 1051.0 652.0 84.0 185.0
person 1113.0 687.0 63.0 143.0
person 1255.0 655.0 79.0 213.0
person 1208.0 699.0 90.0 242.0
person 1294.0 578.0 57.0 155.0
person 1408.0 609.0 74.0 181.0
person 1376.0 675.0 74.0 178.0
person 1.0 958.0 68.0 123.0
person 42.0 991.0 105.0 90.0
person 1024.0 783.0 85.0 221.0
person 1350.0 766.0 116.0 230.0
person 857.0 472.0 62.0 113.0
person 784.0 453.0 64.0 134.0
person 1357.0 443.0 50.0 98.0
person 1390.0 444.0 58.0 97.0
