person 449.0 668.0 105.0 227.0
person 578.0 662.0 96.0 236.0
person 699.0 659.0 76.0 206.0
person 457.0 875.0 129.0 205.0
person 589.0 891.0 121.0 189.0
person 1071.0 594.0 80.0 206.0
person 1094.0 598.0 65.0 194.0
person 1491.0 521.0 49.0 100.0
person 1151.0 606.0 73.0 196.0
person 1780.0 676.0 76.0 208.0
person 1375.0 741.0 82.0 246.0
person 1286.0 741.0 92.0 250.0
person 1707.0 658.0 112.0 209.0
person 846.0 529.0 45.0 122.0
person 883.0 502.0 58.0 151.0
person 802.0 547.0 58.0 147.0
person 942.0 531.0 65.0 149.0
person 943.0 511.0 49.0 133.0
person 991.0 511.0 62.0 149.0
person 1000.0 531.0 58.0 140.0
person 1027.0 627.0 96.0 213.0
person 1069.0 624.0 79.0 203.0
person 1112.0 635.0 70.0 187.0
person 991.0 603.0 72.0 187.0
person 1280.0 592.0 70.0 170.0
person 1290.0 593.0 60.0 164.0
person 1233.0 666.0 86.0 189.0
person 1279.0 703.0 64.0 145.0
person 1445.0 661.0 109.0 214.0
person 1185.0 734.0 90.0 256.0
person 1401.0 587.0 76.0 184.0
person 1501.0 627.0 82.0 199.0
person 1552.0 681.0 111.0 191.0
person 1.0 901.0 106.0 180.0
person 80.0 933.0 101.0 147.0
person 691.0 777.0 91.0 221.0
person 1021.0 764.0 104.0 238.0
person 1576.0 734.0 116.0 226.0
person 1729.0 706.0 125.0 236.0
person 1748.0 709.0 78.0 218.0
person 883.0 471.0 105.0 118.0
person 850.0 457.0 62.0 133.0
person 717.0 452.0 53.0 134.0
person 732.0 472.0 50.0 98.0
person 712.0 448.0 48.0 122.0
person 1373.0 440.0 45.0 89.0
person 1409.0 433.0 54.0 97.0
