person 491.0 642.0 105.0 224.0
person 609.0 634.0 96.0 234.0
person 751.0 640.0 69.0 201.0
person 367.0 928.0 144.0 153.0
person 552.0 941.0 105.0 140.0
person 1001.0 579.0 80.0 198.0
person 1051.0 579.0 66.0 197.0
person 1496.0 515.0 50.0 100.0
person 1162.0 604.0 73.0 195.0
person 1366.0 776.0 89.0 261.0
person 1262.0 771.0 106.0 265.0
person 855.0 544.0 45.0 122.0
person 902.0 510.0 59.0 156.0
person 826.0 562.0 57.0 151.0
person 990.0 542.0 58.0 155.0
person 953.0 520.0 50.0 146.0
person 998.0 516.0 55.0 152.0
person 1038.0 543.0 65.0 143.0
person 1170.0 646.0 94.0 220.0
person 1223.0 643.0 84.0 206.0
person 1273.0 647.0 78.0 187.0
person 1071.0 621.0 69.0 190.0
person 1382.0 605.0 70.0 178.0
person 1425.0 608.0 58.0 164.0
person 1407.0 669.0 119.0 200.0
person 1469.0 705.0 65.0 152.0
person 1618.0 664.0 117.0 215.0
person 1142.0 768.0 100.0 278.0
person 1476.0 602.0 78.0 185.0
person 1600.0 641.0 88.0 210.0
person 1763.0 687.0 108.0 191.0
person 58.0 860.0 111.0 219.0
person 153.0 893.0 105.0 188.0
person 45.0 1004.0 104.0 76.0
person 473.0 773.0 117.0 220.0
person 780.0 774.0 130.0 242.0
person 1386.0 710.0 105.0 227.0
person 1751.0 708.0 116.0 217.0
person 1557.0 699.0 102.0 226.0
person 1563.0 703.0 84.0 212.0
person 1631.0 710.0 89.0 189.0
person 1820.0 773.0 73.0 151.0
person 946.0 486.0 61.0 115.0
person 893.0 469.0 62.0 133.0
person 756.0 464.0 60.0 135.0
person 1566.0 528.0 60.0 152.0
person 801.0 478.0 50.0 98.0
person 768.0 460.0 49.0 110.0
person 774.0 464.0 48.0 121.0
person 1409.0 434.0 36.0 80.0
person 1418.0 429.0 54.0 93.0
