person 413.0 712.0 121.0 248.0
person 527.0 710.0 101.0 250.0
person 635.0 704.0 80.0 221.0
person 558.0 823.0 118.0 258.0
person 677.0 834.0 114.0 246.0
person 1197.0 618.0 85.0 211.0
person 1212.0 616.0 73.0 209.0
person 1508.0 527.0 52.0 100.0
person 1198.0 610.0 68.0 196.0
person 1598.0 661.0 92.0 208.0
person 1409.0 701.0 85.0 228.0
person 1305.0 709.0 93.0 224.0
person 1571.0 647.0 81.0 199.0
person 836.0 523.0 46.0 119.0
person 882.0 499.0 60.0 140.0
person 802.0 539.0 52.0 140.0
person 920.0 526.0 61.0 137.0
person 934.0 507.0 50.0 131.0
person 1017.0 503.0 61.0 138.0
person 976.0 521.0 58.0 140.0
person 906.0 608.0 103.0 198.0
person 952.0 613.0 70.0 188.0
person 1024.0 609.0 65.0 182.0
person 1048.0 589.0 62.0 166.0
person 1134.0 585.0 66.0 170.0
person 1142.0 576.0 60.0 164.0
person 1046.0 651.0 84.0 184.0
person 1109.0 687.0 62.0 142.0
person 1248.0 654.0 78.0 214.0
person 1209.0 698.0 89.0 241.0
person 1289.0 578.0 56.0 155.0
person 1402.0 608.0 74.0 181.0
person 1362.0 679.0 78.0 178.0
person 1.0 958.0 66.0 123.0
person 43.0 993.0 104.0 88.0
person 1044.0 784.0 84.0 221.0
person 1362.0 766.0 123.0 231.0
person 857.0 472.0 62.0 113.0
person 781.0 453.0 64.0 135.0
person 1356.0 444.0 50.0 98.0
person 1389.0 445.0 58.0 97.0
