person 476.0 650.0 104.0 224.0
person 602.0 646.0 97.0 235.0
person 734.0 650.0 72.0 203.0
person 401.0 905.0 138.0 176.0
person 571.0 919.0 103.0 160.0
person 1026.0 586.0 80.0 202.0
person 1064.0 586.0 64.0 206.0
person 1494.0 517.0 50.0 100.0
person 1159.0 606.0 73.0 196.0
person 1372.0 765.0 89.0 259.0
person 1259.0 765.0 112.0 253.0
person 1806.0 665.0 113.0 208.0
person 851.0 542.0 45.0 122.0
person 893.0 506.0 60.0 156.0
person 812.0 558.0 57.0 149.0
person 973.0 540.0 59.0 153.0
person 943.0 521.0 50.0 145.0
person 993.0 515.0 58.0 152.0
person 1021.0 540.0 60.0 140.0
person 1107.0 640.0 91.0 218.0
person 1156.0 638.0 86.0 206.0
person 1208.0 642.0 72.0 187.0
person 1024.0 619.0 74.0 189.0
person 1343.0 598.0 70.0 170.0
person 1377.0 604.0 58.0 164.0
person 1347.0 672.0 84.0 194.0
person 1393.0 707.0 64.0 150.0
person 1546.0 664.0 117.0 215.0
person 1163.0 757.0 93.0 272.0
person 1441.0 598.0 78.0 184.0
person 1555.0 639.0 90.0 202.0
person 1681.0 686.0 105.0 193.0
person 33.0 876.0 110.0 204.0
person 118.0 907.0 105.0 173.0
person 22.0 1028.0 86.0 53.0
person 552.0 776.0 102.0 220.0
person 864.0 776.0 130.0 238.0
person 1466.0 719.0 91.0 226.0
person 1838.0 709.0 74.0 222.0
person 1631.0 701.0 83.0 230.0
person 1629.0 708.0 88.0 212.0
person 1695.0 707.0 72.0 196.0
person 925.0 487.0 72.0 115.0
person 878.0 464.0 62.0 133.0
person 743.0 460.0 62.0 134.0
person 768.0 475.0 50.0 98.0
person 741.0 460.0 48.0 110.0
person 749.0 460.0 48.0 121.0
person 1405.0 438.0 36.0 80.0
person 1414.0 435.0 54.0 96.0
