person 472.0 651.0 104.0 224.0
person 600.0 650.0 96.0 235.0
person 728.0 651.0 74.0 203.0
person 412.0 899.0 138.0 181.0
person 576.0 912.0 104.0 167.0
person 1035.0 589.0 80.0 203.0
person 1069.0 589.0 64.0 203.0
person 1493.0 518.0 50.0 100.0
person 1158.0 606.0 73.0 196.0
person 1372.0 759.0 87.0 254.0
person 1264.0 759.0 105.0 253.0
person 1792.0 664.0 117.0 208.0
person 849.0 541.0 45.0 122.0
person 891.0 505.0 60.0 155.0
person 807.0 556.0 57.0 149.0
person 966.0 538.0 61.0 152.0
person 943.0 519.0 50.0 143.0
person 991.0 514.0 60.0 152.0
person 1015.0 538.0 58.0 140.0
person 1094.0 637.0 86.0 219.0
person 1136.0 636.0 85.0 206.0
person 1188.0 640.0 69.0 188.0
person 1012.0 616.0 72.0 189.0
person 1330.0 597.0 70.0 170.0
person 1360.0 602.0 58.0 164.0
person 1324.0 671.0 84.0 193.0
person 1369.0 706.0 64.0 148.0
person 1524.0 664.0 115.0 215.0
person 1168.0 753.0 92.0 269.0
person 1433.0 597.0 76.0 184.0
person 1543.0 637.0 88.0 202.0
person 1654.0 686.0 112.0 192.0
person 25.0 881.0 110.0 199.0
person 106.0 911.0 105.0 169.0
person 20.0 1034.0 72.0 47.0
person 579.0 774.0 97.0 221.0
person 890.0 775.0 123.0 240.0
person 1477.0 723.0 115.0 226.0
person 1648.0 708.0 108.0 230.0
person 1649.0 712.0 90.0 211.0
person 1717.0 707.0 72.0 197.0
person 915.0 489.0 80.0 115.0
person 873.0 463.0 62.0 133.0
person 740.0 458.0 56.0 134.0
person 762.0 474.0 49.0 98.0
person 734.0 459.0 48.0 111.0
person 741.0 459.0 48.0 121.0
person 1401.0 439.0 37.0 80.0
person 1412.0 436.0 54.0 97.0
