person 464.0 656.0 105.0 225.0
person 594.0 656.0 96.0 235.0
person 716.0 654.0 76.0 203.0
person 429.0 890.0 137.0 190.0
person 580.0 904.0 111.0 175.0
person 1048.0 591.0 80.0 204.0
person 1076.0 592.0 64.0 200.0
person 1493.0 519.0 49.0 100.0
person 1155.0 606.0 73.0 196.0
person 1371.0 750.0 84.0 247.0
person 1273.0 751.0 94.0 254.0
person 1758.0 662.0 118.0 208.0
person 848.0 537.0 45.0 122.0
person 887.0 504.0 60.0 152.0
person 805.0 552.0 57.0 148.0
person 955.0 536.0 65.0 149.0
person 943.0 516.0 50.0 139.0
person 988.0 514.0 62.0 152.0
person 1008.0 536.0 58.0 140.0
person 1056.0 634.0 103.0 222.0
person 1108.0 633.0 83.0 205.0
person 1157.0 639.0 69.0 188.0
person 1001.0 609.0 68.0 189.0
person 1311.0 595.0 70.0 170.0
person 1334.0 599.0 58.0 164.0
person 1289.0 670.0 84.0 191.0
person 1333.0 706.0 64.0 146.0
person 1493.0 663.0 111.0 215.0
person 1177.0 747.0 89.0 266.0
person 1421.0 594.0 76.0 184.0
person 1527.0 634.0 84.0 202.0
person 1620.0 682.0 102.0 193.0
person 13.0 889.0 109.0 191.0
person 95.0 919.0 104.0 161.0
person 16.0 1044.0 54.0 37.0
person 619.0 776.0 100.0 221.0
person 948.0 766.0 103.0 242.0
person 1525.0 725.0 85.0 227.0
person 1681.0 705.0 100.0 230.0
person 1684.0 712.0 88.0 213.0
person 1761.0 710.0 71.0 199.0
person 887.0 478.0 111.0 118.0
person 865.0 461.0 62.0 133.0
person 732.0 455.0 53.0 134.0
person 753.0 472.0 48.0 98.0
person 723.0 457.0 49.0 111.0
person 730.0 455.0 48.0 121.0
person 1389.0 439.0 40.0 85.0
person 1411.0 435.0 54.0 97.0
