person 415.0 705.0 116.0 238.0
person 542.0 702.0 97.0 251.0
person 655.0 691.0 80.0 221.0
person 544.0 832.0 118.0 249.0
person 660.0 844.0 118.0 236.0
person 1162.0 612.0 86.0 209.0
person 1187.0 612.0 80.0 204.0
person 1502.0 523.0 50.0 100.0
person 1189.0 608.0 68.0 196.0
person 1617.0 664.0 97.0 209.0
person 1404.0 705.0 88.0 236.0
person 1305.0 712.0 93.0 229.0
person 1587.0 646.0 82.0 201.0
person 838.0 523.0 46.0 119.0
person 881.0 499.0 61.0 143.0
person 799.0 539.0 52.0 141.0
person 923.0 526.0 60.0 141.0
person 933.0 510.0 50.0 131.0
person 1015.0 503.0 61.0 140.0
person 981.0 522.0 58.0 140.0
person 938.0 609.0 95.0 200.0
person 966.0 616.0 69.0 189.0
person 1036.0 612.0 68.0 182.0
person 1041.0 587.0 62.0 171.0
person 1159.0 586.0 67.0 170.0
person 1175.0 585.0 60.0 164.0
person 1070.0 653.0 86.0 186.0
person 1137.0 688.0 67.0 144.0
person 1279.0 656.0 85.0 210.0
person 1210.0 705.0 90.0 242.0
person 1314.0 579.0 57.0 155.0
person 1426.0 611.0 74.0 181.0
person 1396.0 678.0 96.0 182.0
person 1.0 951.0 76.0 130.0
person 36.0 984.0 111.0 97.0
person 961.0 783.0 101.0 220.0
person 1286.0 769.0 120.0 234.0
person 1829.0 753.0 82.0 234.0
person 860.0 472.0 62.0 113.0
person 798.0 453.0 63.0 133.0
person 1361.0 440.0 49.0 98.0
person 1394.0 440.0 58.0 97.0
