person 478.0 649.0 104.0 224.0
person 603.0 645.0 97.0 235.0
person 735.0 649.0 71.0 204.0
person 398.0 907.0 138.0 174.0
person 569.0 921.0 104.0 158.0
person 1024.0 586.0 80.0 201.0
person 1063.0 586.0 64.0 206.0
person 1494.0 517.0 50.0 100.0
person 1160.0 606.0 73.0 196.0
person 1372.0 766.0 88.0 259.0
person 1259.0 765.0 111.0 254.0
person 1807.0 665.0 112.0 208.0
person 851.0 542.0 45.0 122.0
person 894.0 506.0 60.0 157.0
person 814.0 558.0 57.0 149.0
person 975.0 540.0 58.0 154.0
person 944.0 522.0 50.0 146.0
person 993.0 515.0 58.0 152.0
person 1022.0 540.0 61.0 140.0
person 1107.0 641.0 97.0 218.0
person 1161.0 639.0 86.0 206.0
person 1214.0 642.0 71.0 188.0
person 1027.0 619.0 75.0 189.0
person 1346.0 599.0 70.0 170.0
person 1381.0 605.0 58.0 164.0
person 1352.0 671.0 87.0 195.0
person 1399.0 707.0 64.0 150.0
person 1552.0 664.0 117.0 215.0
person 1161.0 758.0 94.0 272.0
person 1443.0 598.0 78.0 184.0
person 1559.0 639.0 89.0 203.0
person 1690.0 686.0 99.0 194.0
person 35.0 874.0 110.0 206.0
person 121.0 905.0 105.0 175.0
person 23.0 1026.0 88.0 55.0
person 545.0 776.0 104.0 220.0
person 860.0 776.0 122.0 238.0
person 1465.0 717.0 81.0 227.0
person 1831.0 709.0 77.0 222.0
person 1627.0 700.0 77.0 230.0
person 1624.0 707.0 87.0 212.0
person 1691.0 707.0 73.0 196.0
person 928.0 487.0 70.0 115.0
person 880.0 465.0 62.0 133.0
person 744.0 461.0 63.0 133.0
person 770.0 475.0 50.0 98.0
person 743.0 461.0 48.0 110.0
person 751.0 460.0 48.0 121.0
person 1405.0 437.0 36.0 80.0
person 1414.0 434.0 54.0 97.0
