person 415.0 701.0 115.0 238.0
person 545.0 701.0 96.0 250.0
person 656.0 689.0 80.0 221.0
person 541.0 834.0 117.0 247.0
person 656.0 845.0 118.0 235.0
person 1155.0 610.0 86.0 210.0
person 1182.0 611.0 81.0 203.0
person 1501.0 523.0 49.0 100.0
person 1187.0 608.0 68.0 196.0
person 1620.0 665.0 99.0 207.0
person 1404.0 705.0 86.0 238.0
person 1304.0 713.0 93.0 230.0
person 1593.0 647.0 84.0 202.0
person 839.0 523.0 46.0 119.0
person 881.0 499.0 61.0 144.0
person 799.0 539.0 52.0 141.0
person 924.0 526.0 60.0 142.0
person 933.0 510.0 50.0 131.0
person 1014.0 503.0 61.0 141.0
person 982.0 523.0 58.0 140.0
person 947.0 609.0 91.0 201.0
person 969.0 616.0 69.0 190.0
person 1039.0 612.0 69.0 182.0
person 1038.0 588.0 62.0 172.0
person 1165.0 586.0 67.0 170.0
person 1181.0 585.0 60.0 164.0
person 1076.0 653.0 86.0 187.0
person 1145.0 688.0 67.0 144.0
person 1288.0 656.0 87.0 211.0
person 1210.0 706.0 90.0 242.0
person 1320.0 580.0 57.0 155.0
person 1432.0 612.0 74.0 181.0
person 1405.0 677.0 94.0 184.0
person 1.0 948.0 78.0 133.0
person 35.0 982.0 112.0 99.0
person 952.0 783.0 90.0 220.0
person 1275.0 769.0 118.0 234.0
person 1825.0 756.0 80.0 229.0
person 860.0 472.0 62.0 113.0
person 802.0 453.0 62.0 133.0
person 1361.0 440.0 50.0 97.0
person 1395.0 439.0 58.0 97.0
