person 439.0 673.0 104.0 227.0
person 569.0 668.0 96.0 237.0
person 691.0 666.0 76.0 208.0
person 477.0 866.0 124.0 214.0
person 604.0 880.0 122.0 199.0
person 1087.0 597.0 80.0 207.0
person 1109.0 601.0 67.0 192.0
person 1491.0 522.0 49.0 100.0
person 1159.0 606.0 65.0 196.0
person 1728.0 669.0 91.0 208.0
person 1383.0 728.0 80.0 244.0
person 1293.0 735.0 92.0 246.0
person 1679.0 654.0 94.0 212.0
person 844.0 525.0 45.0 122.0
person 880.0 501.0 58.0 151.0
person 799.0 545.0 58.0 146.0
person 937.0 531.0 64.0 148.0
person 941.0 510.0 49.0 131.0
person 995.0 509.0 61.0 147.0
person 997.0 530.0 58.0 140.0
person 1014.0 622.0 85.0 207.0
person 1037.0 624.0 85.0 199.0
person 1086.0 628.0 72.0 187.0
person 998.0 600.0 68.0 180.0
person 1257.0 589.0 70.0 170.0
person 1259.0 589.0 61.0 164.0
person 1195.0 663.0 89.0 187.0
person 1245.0 698.0 65.0 145.0
person 1415.0 658.0 109.0 214.0
person 1191.0 730.0 90.0 252.0
person 1388.0 584.0 71.0 176.0
person 1484.0 621.0 81.0 195.0
person 1517.0 680.0 98.0 190.0
person 1.0 908.0 102.0 173.0
person 69.0 943.0 101.0 138.0
person 717.0 777.0 101.0 220.0
person 1062.0 767.0 126.0 235.0
person 1635.0 738.0 108.0 226.0
person 1795.0 708.0 89.0 235.0
person 1789.0 712.0 75.0 217.0
person 884.0 471.0 79.0 115.0
person 837.0 455.0 62.0 133.0
person 708.0 451.0 54.0 134.0
person 715.0 472.0 51.0 98.0
person 1371.0 440.0 45.0 91.0
person 1408.0 430.0 54.0 97.0
