person 416.0 709.0 121.0 240.0
person 532.0 707.0 100.0 251.0
person 641.0 699.0 80.0 221.0
person 554.0 826.0 118.0 255.0
person 671.0 837.0 115.0 243.0
person 1185.0 616.0 85.0 210.0
person 1204.0 615.0 75.0 207.0
person 1506.0 526.0 52.0 100.0
person 1195.0 610.0 68.0 196.0
person 1605.0 662.0 92.0 210.0
person 1407.0 703.0 87.0 230.0
person 1306.0 711.0 93.0 224.0
person 1576.0 646.0 81.0 200.0
person 837.0 523.0 46.0 119.0
person 882.0 499.0 60.0 141.0
person 801.0 539.0 52.0 141.0
person 921.0 526.0 61.0 138.0
person 933.0 508.0 50.0 131.0
person 1017.0 503.0 60.0 138.0
person 978.0 521.0 58.0 140.0
person 912.0 609.0 106.0 199.0
person 956.0 614.0 70.0 189.0
person 1027.0 610.0 66.0 182.0
person 1046.0 587.0 62.0 168.0
person 1138.0 586.0 66.0 170.0
person 1153.0 579.0 60.0 164.0
person 1053.0 652.0 85.0 185.0
person 1115.0 688.0 64.0 143.0
person 1258.0 655.0 80.0 212.0
person 1208.0 699.0 90.0 242.0
person 1297.0 578.0 57.0 155.0
person 1410.0 609.0 74.0 181.0
person 1383.0 673.0 72.0 178.0
person 1.0 957.0 69.0 124.0
person 41.0 990.0 106.0 91.0
person 1009.0 783.0 98.0 221.0
person 1341.0 766.0 113.0 231.0
person 858.0 472.0 62.0 113.0
person 786.0 453.0 64.0 134.0
person 1358.0 442.0 50.0 98.0
person 1390.0 443.0 58.0 97.0
