person 417.0 708.0 121.0 238.0
person 533.0 706.0 100.0 251.0
person 643.0 698.0 80.0 221.0
person 552.0 827.0 118.0 254.0
person 669.0 838.0 116.0 242.0
person 1181.0 615.0 86.0 210.0
person 1201.0 614.0 76.0 207.0
person 1506.0 525.0 51.0 100.0
person 1194.0 610.0 68.0 196.0
person 1608.0 662.0 92.0 211.0
person 1406.0 703.0 88.0 231.0
person 1306.0 711.0 93.0 224.0
person 1578.0 646.0 81.0 200.0
person 837.0 523.0 46.0 119.0
person 882.0 499.0 60.0 142.0
person 801.0 539.0 52.0 141.0
person 921.0 526.0 61.0 138.0
person 933.0 508.0 50.0 131.0
person 1016.0 503.0 61.0 139.0
person 978.0 522.0 58.0 140.0
person 916.0 609.0 104.0 199.0
person 958.0 614.0 70.0 189.0
person 1029.0 610.0 66.0 182.0
person 1046.0 587.0 62.0 169.0
person 1140.0 587.0 66.0 170.0
person 1157.0 580.0 60.0 164.0
person 1056.0 652.0 85.0 185.0
person 1118.0 688.0 65.0 143.0
person 1261.0 655.0 81.0 212.0
person 1208.0 700.0 90.0 242.0
person 1300.0 578.0 57.0 155.0
person 1413.0 609.0 74.0 181.0
person 1385.0 673.0 76.0 179.0
person 1.0 957.0 70.0 124.0
person 40.0 989.0 107.0 92.0
person 994.0 783.0 110.0 220.0
person 1333.0 766.0 109.0 232.0
person 858.0 472.0 62.0 113.0
person 788.0 453.0 64.0 134.0
person 1358.0 442.0 50.0 98.0
person 1391.0 443.0 58.0 97.0
