person 418.0 686.0 113.0 239.0
person 554.0 690.0 96.0 250.0
person 665.0 677.0 77.0 219.0
person 524.0 844.0 119.0 237.0
person 642.0 854.0 118.0 226.0
person 1130.0 606.0 84.0 208.0
person 1157.0 608.0 77.0 197.0
person 1497.0 522.0 49.0 100.0
person 1179.0 607.0 64.0 197.0
person 1641.0 669.0 107.0 202.0
person 1395.0 714.0 83.0 239.0
person 1303.0 723.0 92.0 235.0
person 1618.0 650.0 93.0 208.0
person 841.0 523.0 45.0 119.0
person 881.0 499.0 61.0 146.0
person 797.0 540.0 55.0 143.0
person 927.0 526.0 60.0 146.0
person 936.0 510.0 49.0 131.0
person 1010.0 503.0 61.0 143.0
person 989.0 527.0 58.0 140.0
person 956.0 611.0 94.0 206.0
person 989.0 617.0 70.0 198.0
person 1049.0 618.0 69.0 186.0
person 1025.0 592.0 60.0 175.0
person 1189.0 589.0 69.0 170.0
person 1208.0 585.0 60.0 164.0
person 1106.0 656.0 88.0 187.0
person 1179.0 688.0 68.0 146.0
person 1330.0 654.0 95.0 219.0
person 1208.0 715.0 90.0 242.0
person 1346.0 581.0 57.0 155.0
person 1439.0 614.0 84.0 184.0
person 1439.0 677.0 98.0 189.0
person 1.0 933.0 87.0 148.0
person 37.0 972.0 114.0 109.0
person 869.0 782.0 122.0 220.0
person 1202.0 768.0 126.0 234.0
person 1748.0 751.0 120.0 227.0
person 872.0 471.0 62.0 113.0
person 816.0 453.0 62.0 133.0
person 1364.0 440.0 48.0 95.0
person 1400.0 435.0 58.0 97.0
