person 431.0 684.0 105.0 223.0
person 563.0 674.0 97.0 243.0
person 684.0 670.0 76.0 209.0
person 494.0 859.0 123.0 221.0
person 617.0 871.0 122.0 208.0
person 1100.0 599.0 80.0 208.0
person 1123.0 604.0 70.0 191.0
person 1493.0 522.0 49.0 100.0
person 1167.0 606.0 58.0 197.0
person 1706.0 669.0 101.0 208.0
person 1386.0 724.0 80.0 242.0
person 1297.0 731.0 92.0 241.0
person 1659.0 653.0 92.0 210.0
person 843.0 525.0 45.0 120.0
person 879.0 500.0 57.0 151.0
person 796.0 543.0 58.0 145.0
person 935.0 532.0 64.0 147.0
person 940.0 510.0 49.0 131.0
person 998.0 507.0 61.0 145.0
person 995.0 530.0 58.0 140.0
person 1005.0 616.0 73.0 213.0
person 1011.0 622.0 99.0 200.0
person 1069.0 623.0 73.0 188.0
person 1007.0 596.0 61.0 175.0
person 1238.0 587.0 70.0 170.0
person 1233.0 586.0 61.0 164.0
person 1163.0 661.0 90.0 187.0
person 1225.0 693.0 65.0 145.0
person 1389.0 656.0 106.0 215.0
person 1197.0 726.0 89.0 250.0
person 1377.0 583.0 64.0 165.0
person 1469.0 617.0 82.0 192.0
person 1496.0 679.0 80.0 190.0
person 1.0 914.0 99.0 167.0
person 59.0 952.0 105.0 129.0
person 776.0 783.0 106.0 220.0
person 1111.0 765.0 107.0 238.0
person 1662.0 739.0 113.0 227.0
person 1824.0 712.0 90.0 230.0
person 885.0 471.0 54.0 112.0
person 831.0 454.0 62.0 133.0
person 699.0 447.0 58.0 133.0
person 1369.0 440.0 46.0 92.0
person 1407.0 430.0 55.0 97.0
