person 415.0 699.0 114.0 238.0
person 547.0 700.0 95.0 250.0
person 657.0 689.0 80.0 221.0
person 539.0 835.0 118.0 246.0
person 655.0 846.0 118.0 234.0
person 1151.0 610.0 86.0 209.0
person 1179.0 610.0 82.0 203.0
person 1500.0 522.0 49.0 100.0
person 1186.0 608.0 68.0 196.0
person 1621.0 666.0 101.0 206.0
person 1404.0 706.0 86.0 239.0
person 1304.0 713.0 92.0 232.0
person 1596.0 647.0 85.0 203.0
person 839.0 523.0 46.0 119.0
person 881.0 499.0 61.0 144.0
person 799.0 539.0 52.0 142.0
person 924.0 526.0 60.0 142.0
person 933.0 510.0 50.0 131.0
person 1014.0 503.0 61.0 141.0
person 982.0 523.0 58.0 140.0
person 947.0 609.0 88.0 201.0
person 971.0 617.0 69.0 190.0
person 1041.0 613.0 69.0 182.0
person 1037.0 588.0 61.0 173.0
person 1167.0 587.0 68.0 170.0
person 1184.0 585.0 60.0 164.0
person 1079.0 653.0 86.0 187.0
person 1148.0 688.0 69.0 145.0
person 1293.0 656.0 88.0 212.0
person 1210.0 707.0 90.0 242.0
person 1323.0 580.0 57.0 155.0
person 1432.0 612.0 75.0 181.0
person 1410.0 677.0 93.0 184.0
person 1.0 946.0 79.0 135.0
person 34.0 981.0 113.0 100.0
person 939.0 783.0 96.0 220.0
person 1273.0 767.0 111.0 235.0
person 1823.0 758.0 80.0 227.0
person 861.0 472.0 62.0 113.0
person 804.0 453.0 62.0 133.0
person 1362.0 440.0 49.0 97.0
person 1396.0 439.0 58.0 97.0
