person 404.0 718.0 122.0 253.0
person 519.0 722.0 106.0 248.0
person 626.0 708.0 82.0 223.0
person 574.0 811.0 117.0 268.0
person 699.0 817.0 112.0 248.0
person 1231.0 625.0 85.0 211.0
person 1246.0 628.0 71.0 210.0
person 1516.0 531.0 54.0 100.0
person 1207.0 617.0 66.0 196.0
person 1575.0 660.0 88.0 202.0
person 1423.0 699.0 87.0 223.0
person 1299.0 704.0 88.0 224.0
person 1560.0 645.0 80.0 199.0
person 835.0 523.0 46.0 117.0
person 883.0 500.0 59.0 137.0
person 805.0 539.0 52.0 139.0
person 916.0 527.0 60.0 134.0
person 935.0 505.0 50.0 131.0
person 1016.0 504.0 60.0 136.0
person 971.0 524.0 58.0 140.0
person 896.0 600.0 86.0 197.0
person 940.0 604.0 70.0 188.0
person 1013.0 607.0 65.0 173.0
person 1058.0 585.0 62.0 167.0
person 1119.0 583.0 67.0 170.0
person 1124.0 578.0 57.0 147.0
person 1019.0 646.0 85.0 182.0
person 1090.0 684.0 56.0 140.0
person 1216.0 649.0 78.0 209.0
person 1213.0 696.0 86.0 234.0
person 1257.0 576.0 56.0 155.0
person 1371.0 612.0 72.0 181.0
person 1304.0 678.0 85.0 175.0
person 1.0 962.0 55.0 119.0
person 51.0 1006.0 92.0 75.0
person 1122.0 793.0 99.0 220.0
person 1445.0 767.0 98.0 230.0
person 836.0 469.0 74.0 113.0
person 760.0 453.0 64.0 138.0
person 1348.0 451.0 50.0 98.0
person 1383.0 452.0 58.0 97.0
