person 479.0 649.0 104.0 224.0
person 603.0 644.0 97.0 235.0
person 736.0 649.0 70.0 204.0
person 395.0 908.0 138.0 173.0
person 568.0 923.0 103.0 156.0
person 1022.0 585.0 80.0 201.0
person 1061.0 585.0 65.0 205.0
person 1494.0 516.0 50.0 101.0
person 1160.0 606.0 73.0 196.0
person 1371.0 767.0 89.0 259.0
person 1259.0 766.0 111.0 255.0
person 851.0 542.0 45.0 122.0
person 895.0 507.0 60.0 157.0
person 815.0 559.0 57.0 149.0
person 977.0 540.0 57.0 155.0
person 944.0 521.0 50.0 146.0
person 994.0 515.0 58.0 152.0
person 1024.0 541.0 61.0 140.0
person 1110.0 642.0 101.0 218.0
person 1166.0 639.0 86.0 206.0
person 1219.0 643.0 72.0 187.0
person 1030.0 620.0 75.0 189.0
person 1349.0 599.0 70.0 170.0
person 1385.0 605.0 58.0 164.0
person 1357.0 671.0 90.0 195.0
person 1405.0 707.0 64.0 151.0
person 1558.0 664.0 117.0 215.0
person 1160.0 759.0 94.0 273.0
person 1445.0 598.0 78.0 184.0
person 1562.0 639.0 90.0 204.0
person 1698.0 685.0 93.0 195.0
person 37.0 873.0 110.0 207.0
person 124.0 904.0 105.0 176.0
person 24.0 1025.0 91.0 56.0
person 539.0 777.0 105.0 220.0
person 856.0 776.0 114.0 238.0
person 1464.0 716.0 71.0 227.0
person 1823.0 709.0 81.0 221.0
person 1614.0 701.0 87.0 229.0
person 1619.0 706.0 86.0 212.0
person 1687.0 708.0 73.0 195.0
person 930.0 487.0 68.0 115.0
person 881.0 465.0 62.0 133.0
person 745.0 462.0 65.0 133.0
person 772.0 475.0 50.0 98.0
person 745.0 460.0 48.0 110.0
person 753.0 461.0 48.0 121.0
person 1405.0 437.0 36.0 80.0
person 1414.0 434.0 54.0 96.0
