person 415.0 706.0 118.0 238.0
person 538.0 704.0 98.0 250.0
person 650.0 693.0 80.0 221.0
person 547.0 830.0 118.0 251.0
person 663.0 841.0 117.0 239.0
person 1170.0 613.0 86.0 210.0
person 1193.0 613.0 78.0 205.0
person 1503.0 524.0 51.0 100.0
person 1191.0 609.0 68.0 196.0
person 1614.0 663.0 94.0 210.0
person 1404.0 705.0 89.0 233.0
person 1306.0 712.0 93.0 226.0
person 1583.0 646.0 81.0 200.0
person 838.0 523.0 46.0 119.0
person 881.0 499.0 61.0 142.0
person 800.0 539.0 52.0 141.0
person 922.0 526.0 61.0 140.0
person 933.0 509.0 50.0 131.0
person 1016.0 503.0 60.0 140.0
person 980.0 522.0 58.0 140.0
person 929.0 609.0 99.0 200.0
person 963.0 615.0 69.0 189.0
person 1033.0 611.0 67.0 182.0
person 1045.0 586.0 62.0 171.0
person 1151.0 586.0 67.0 170.0
person 1167.0 583.0 60.0 164.0
person 1065.0 652.0 85.0 186.0
person 1130.0 688.0 65.0 143.0
person 1271.0 656.0 83.0 210.0
person 1209.0 703.0 90.0 242.0
person 1309.0 579.0 56.0 155.0
person 1421.0 610.0 74.0 181.0
person 1391.0 676.0 88.0 181.0
person 1.0 955.0 74.0 126.0
person 38.0 986.0 109.0 95.0
person 970.0 783.0 112.0 220.0
person 1306.0 767.0 108.0 234.0
person 1850.0 752.0 67.0 231.0
person 859.0 472.0 62.0 113.0
person 794.0 453.0 63.0 134.0
person 1360.0 440.0 50.0 98.0
person 1393.0 441.0 58.0 97.0
