person 452.0 666.0 105.0 227.0
person 581.0 661.0 96.0 235.0
person 703.0 657.0 76.0 206.0
person 452.0 878.0 130.0 202.0
person 586.0 894.0 120.0 186.0
person 1066.0 594.0 80.0 205.0
person 1089.0 597.0 65.0 195.0
person 1491.0 520.0 50.0 100.0
person 1152.0 606.0 73.0 196.0
person 1372.0 745.0 83.0 246.0
person 1283.0 743.0 92.0 251.0
person 1715.0 659.0 117.0 208.0
person 846.0 531.0 45.0 122.0
person 883.0 502.0 59.0 151.0
person 802.0 548.0 58.0 147.0
person 945.0 532.0 64.0 149.0
person 943.0 512.0 49.0 134.0
person 990.0 512.0 62.0 150.0
person 1002.0 532.0 58.0 140.0
person 1031.0 629.0 99.0 215.0
person 1079.0 624.0 77.0 205.0
person 1119.0 637.0 70.0 187.0
person 994.0 603.0 68.0 188.0
person 1286.0 592.0 70.0 170.0
person 1299.0 594.0 59.0 164.0
person 1244.0 667.0 85.0 190.0
person 1289.0 705.0 64.0 145.0
person 1454.0 661.0 109.0 214.0
person 1184.0 736.0 90.0 257.0
person 1405.0 588.0 76.0 184.0
person 1506.0 629.0 82.0 200.0
person 1563.0 681.0 114.0 191.0
person 1.0 899.0 107.0 182.0
person 83.0 930.0 102.0 150.0
person 681.0 777.0 81.0 220.0
person 1001.0 767.0 118.0 238.0
person 1560.0 734.0 118.0 226.0
person 1726.0 708.0 114.0 232.0
person 1735.0 709.0 80.0 217.0
person 883.0 472.0 107.0 118.0
person 854.0 458.0 62.0 133.0
person 720.0 453.0 53.0 134.0
person 737.0 472.0 49.0 98.0
person 709.0 454.0 50.0 113.0
person 716.0 450.0 48.0 121.0
person 1374.0 440.0 44.0 89.0
person 1409.0 433.0 54.0 97.0
