person 403.0 721.0 122.0 253.0
person 518.0 724.0 105.0 256.0
person 625.0 710.0 84.0 224.0
person 579.0 809.0 115.0 267.0
person 701.0 816.0 112.0 247.0
person 1237.0 626.0 85.0 211.0
person 1253.0 630.0 70.0 211.0
person 1517.0 533.0 54.0 100.0
person 1208.0 619.0 66.0 196.0
person 1575.0 660.0 84.0 202.0
person 1421.0 699.0 86.0 222.0
person 1297.0 704.0 85.0 223.0
person 1560.0 644.0 79.0 200.0
person 835.0 523.0 45.0 117.0
person 883.0 500.0 59.0 137.0
person 806.0 539.0 52.0 139.0
person 915.0 527.0 59.0 134.0
person 935.0 504.0 50.0 131.0
person 1015.0 505.0 61.0 136.0
person 969.0 525.0 58.0 140.0
person 893.0 599.0 86.0 197.0
person 939.0 603.0 69.0 187.0
person 1011.0 606.0 65.0 172.0
person 1060.0 585.0 62.0 167.0
person 1116.0 582.0 67.0 170.0
person 1121.0 579.0 57.0 143.0
person 1016.0 645.0 85.0 182.0
person 1086.0 684.0 57.0 139.0
person 1210.0 649.0 78.0 209.0
person 1211.0 696.0 86.0 233.0
person 1252.0 576.0 56.0 155.0
person 1366.0 613.0 71.0 181.0
person 1293.0 677.0 84.0 176.0
person 1.0 963.0 53.0 118.0
person 51.0 1010.0 89.0 71.0
person 1142.0 794.0 101.0 220.0
person 1460.0 769.0 101.0 229.0
person 834.0 469.0 72.0 113.0
person 757.0 453.0 63.0 139.0
person 1347.0 452.0 50.0 98.0
person 1382.0 453.0 58.0 97.0
