person 415.0 703.0 115.0 238.0
person 543.0 702.0 97.0 250.0
person 655.0 690.0 80.0 221.0
person 543.0 833.0 117.0 248.0
person 658.0 844.0 118.0 236.0
person 1159.0 611.0 85.0 210.0
person 1185.0 611.0 80.0 204.0
person 1501.0 523.0 50.0 100.0
person 1188.0 608.0 68.0 196.0
person 1618.0 665.0 98.0 207.0
person 1404.0 705.0 87.0 237.0
person 1305.0 713.0 92.0 229.0
person 1590.0 646.0 83.0 202.0
person 838.0 523.0 46.0 119.0
person 881.0 499.0 61.0 143.0
person 799.0 539.0 52.0 141.0
person 923.0 526.0 61.0 141.0
person 933.0 510.0 50.0 131.0
person 1015.0 503.0 60.0 140.0
person 981.0 523.0 58.0 140.0
person 942.0 609.0 93.0 200.0
person 967.0 616.0 70.0 190.0
person 1038.0 612.0 68.0 182.0
person 1040.0 587.0 61.0 172.0
person 1163.0 586.0 67.0 170.0
person 1178.0 585.0 60.0 164.0
person 1073.0 653.0 86.0 187.0
person 1141.0 688.0 67.0 144.0
person 1284.0 656.0 86.0 211.0
person 1210.0 705.0 90.0 242.0
person 1317.0 579.0 57.0 155.0
person 1429.0 611.0 74.0 181.0
person 1400.0 677.0 95.0 183.0
person 1.0 950.0 77.0 131.0
person 35.0 983.0 112.0 98.0
person 956.0 783.0 96.0 220.0
person 1277.0 771.0 126.0 233.0
person 1827.0 754.0 81.0 232.0
person 860.0 472.0 62.0 113.0
person 800.0 453.0 62.0 133.0
person 1361.0 440.0 49.0 98.0
person 1394.0 440.0 58.0 97.0
