person 413.0 713.0 121.0 251.0
person 525.0 710.0 102.0 251.0
person 634.0 704.0 80.0 221.0
person 560.0 822.0 118.0 259.0
person 679.0 833.0 113.0 247.0
person 1200.0 618.0 85.0 211.0
person 1215.0 617.0 72.0 209.0
person 1509.0 527.0 52.0 100.0
person 1199.0 611.0 68.0 196.0
person 1595.0 661.0 92.0 207.0
person 1409.0 700.0 85.0 227.0
person 1305.0 709.0 93.0 224.0
person 1569.0 647.0 81.0 199.0
person 836.0 523.0 46.0 119.0
person 882.0 499.0 60.0 140.0
person 802.0 539.0 52.0 140.0
person 920.0 526.0 61.0 136.0
person 934.0 507.0 50.0 131.0
person 1018.0 503.0 60.0 137.0
person 976.0 521.0 58.0 140.0
person 905.0 607.0 101.0 198.0
person 950.0 613.0 70.0 188.0
person 1023.0 609.0 65.0 181.0
person 1048.0 588.0 62.0 166.0
person 1133.0 585.0 66.0 170.0
person 1139.0 576.0 60.0 164.0
person 1043.0 650.0 84.0 184.0
person 1108.0 686.0 60.0 142.0
person 1245.0 654.0 77.0 215.0
person 1209.0 698.0 89.0 240.0
person 1286.0 578.0 56.0 155.0
person 1400.0 608.0 74.0 181.0
person 1356.0 682.0 80.0 177.0
person 1.0 959.0 65.0 122.0
person 44.0 994.0 103.0 87.0
person 1050.0 784.0 95.0 221.0
person 1365.0 766.0 126.0 232.0
person 857.0 472.0 62.0 113.0
person 779.0 453.0 64.0 135.0
person 1355.0 445.0 50.0 98.0
person 1388.0 445.0 58.0 97.0
