person 492.0 640.0 106.0 223.0
person 610.0 633.0 95.0 232.0
person 755.0 639.0 69.0 200.0
person 362.0 930.0 146.0 151.0
person 548.0 944.0 107.0 137.0
person 997.0 578.0 80.0 197.0
person 1049.0 578.0 66.0 196.0
person 1496.0 514.0 50.0 101.0
person 1162.0 603.0 72.0 195.0
person 1365.0 778.0 90.0 263.0
person 1262.0 772.0 105.0 267.0
person 856.0 544.0 45.0 122.0
person 903.0 509.0 60.0 157.0
person 827.0 562.0 57.0 152.0
person 992.0 543.0 59.0 155.0
person 955.0 519.0 49.0 146.0
person 999.0 516.0 54.0 152.0
person 1041.0 543.0 65.0 145.0
person 1184.0 646.0 90.0 221.0
person 1236.0 643.0 83.0 206.0
person 1284.0 648.0 79.0 187.0
person 1076.0 623.0 84.0 190.0
person 1389.0 606.0 70.0 180.0
person 1431.0 609.0 58.0 165.0
person 1417.0 669.0 116.0 200.0
person 1482.0 705.0 65.0 152.0
person 1631.0 664.0 118.0 215.0
person 1138.0 770.0 101.0 278.0
person 1482.0 603.0 78.0 185.0
person 1610.0 642.0 88.0 211.0
person 1775.0 687.0 104.0 191.0
person 62.0 857.0 111.0 222.0
person 158.0 889.0 105.0 192.0
person 52.0 999.0 104.0 81.0
person 462.0 772.0 117.0 220.0
person 767.0 774.0 128.0 242.0
person 1380.0 709.0 98.0 227.0
person 1743.0 706.0 105.0 219.0
person 1548.0 698.0 94.0 228.0
person 1551.0 703.0 84.0 212.0
person 1617.0 710.0 94.0 187.0
person 1807.0 773.0 75.0 148.0
person 948.0 486.0 62.0 115.0
person 895.0 470.0 62.0 133.0
person 758.0 464.0 59.0 136.0
person 1564.0 529.0 60.0 152.0
person 809.0 479.0 50.0 98.0
person 773.0 460.0 48.0 110.0
person 779.0 465.0 48.0 121.0
person 1410.0 433.0 36.0 80.0
person 1419.0 428.0 53.0 93.0
