person 405.0 717.0 122.0 253.0
person 520.0 721.0 106.0 245.0
person 626.0 707.0 81.0 222.0
person 572.0 812.0 118.0 269.0
person 698.0 818.0 112.0 248.0
person 1228.0 624.0 85.0 211.0
person 1243.0 627.0 71.0 210.0
person 1516.0 531.0 54.0 100.0
person 1206.0 616.0 67.0 196.0
person 1575.0 660.0 90.0 202.0
person 1421.0 699.0 87.0 223.0
person 1300.0 705.0 89.0 223.0
person 1560.0 646.0 80.0 199.0
person 835.0 523.0 46.0 117.0
person 883.0 500.0 60.0 137.0
person 805.0 539.0 52.0 139.0
person 916.0 527.0 60.0 134.0
person 935.0 505.0 50.0 131.0
person 1016.0 504.0 61.0 136.0
person 971.0 524.0 58.0 140.0
person 898.0 601.0 85.0 197.0
person 941.0 605.0 70.0 188.0
person 1014.0 607.0 65.0 174.0
person 1057.0 585.0 61.0 167.0
person 1120.0 583.0 67.0 170.0
person 1125.0 578.0 58.0 149.0
person 1021.0 646.0 85.0 182.0
person 1092.0 684.0 55.0 140.0
person 1218.0 649.0 78.0 210.0
person 1215.0 696.0 85.0 235.0
person 1260.0 576.0 56.0 155.0
person 1374.0 612.0 72.0 181.0
person 1312.0 679.0 84.0 174.0
person 1.0 962.0 56.0 119.0
person 51.0 1004.0 94.0 77.0
person 1112.0 792.0 98.0 220.0
person 1433.0 767.0 104.0 231.0
person 838.0 469.0 71.0 113.0
person 762.0 453.0 64.0 138.0
person 1349.0 450.0 50.0 98.0
person 1384.0 451.0 57.0 97.0
