person 487.0 645.0 104.0 224.0
person 606.0 638.0 98.0 235.0
person 743.0 643.0 69.0 205.0
person 378.0 921.0 140.0 160.0
person 558.0 933.0 105.0 148.0
person 1010.0 581.0 80.0 199.0
person 1055.0 581.0 65.0 201.0
person 1495.0 515.0 50.0 101.0
person 1163.0 606.0 73.0 196.0
person 1368.0 772.0 88.0 260.0
person 1261.0 769.0 108.0 261.0
person 854.0 543.0 45.0 122.0
person 898.0 510.0 59.0 156.0
person 823.0 562.0 57.0 149.0
person 985.0 542.0 58.0 155.0
person 950.0 520.0 49.0 146.0
person 996.0 516.0 56.0 152.0
person 1033.0 543.0 64.0 140.0
person 1143.0 645.0 102.0 219.0
person 1197.0 642.0 85.0 206.0
person 1251.0 645.0 75.0 187.0
person 1051.0 622.0 73.0 190.0
person 1369.0 602.0 70.0 174.0
person 1409.0 607.0 58.0 164.0
person 1387.0 669.0 110.0 199.0
person 1443.0 706.0 65.0 152.0
person 1594.0 664.0 117.0 215.0
person 1150.0 765.0 98.0 276.0
person 1463.0 600.0 78.0 185.0
person 1583.0 640.0 89.0 207.0
person 1739.0 686.0 101.0 193.0
person 50.0 865.0 110.0 214.0
person 141.0 897.0 106.0 184.0
person 33.0 1014.0 104.0 66.0
person 514.0 774.0 101.0 221.0
person 803.0 772.0 121.0 243.0
person 1400.0 712.0 118.0 227.0
person 1780.0 708.0 102.0 219.0
person 1574.0 702.0 112.0 223.0
person 1587.0 703.0 84.0 212.0
person 1658.0 710.0 79.0 192.0
person 1848.0 774.0 65.0 156.0
person 944.0 486.0 59.0 115.0
person 888.0 468.0 62.0 133.0
person 751.0 463.0 62.0 134.0
person 1570.0 528.0 60.0 152.0
person 785.0 476.0 50.0 98.0
person 759.0 460.0 48.0 110.0
person 766.0 463.0 48.0 121.0
person 1408.0 435.0 36.0 80.0
person 1417.0 431.0 53.0 94.0
