person 473.0 651.0 104.0 224.0
person 601.0 649.0 96.0 235.0
person 730.0 651.0 74.0 202.0
person 410.0 901.0 137.0 180.0
person 576.0 914.0 103.0 165.0
person 1032.0 588.0 80.0 203.0
person 1068.0 588.0 64.0 204.0
person 1494.0 517.0 49.0 101.0
person 1158.0 606.0 73.0 196.0
person 1372.0 761.0 88.0 255.0
person 1263.0 760.0 106.0 254.0
person 1798.0 664.0 116.0 208.0
person 850.0 541.0 45.0 122.0
person 892.0 505.0 59.0 156.0
person 808.0 556.0 57.0 149.0
person 968.0 539.0 61.0 152.0
person 943.0 520.0 50.0 143.0
person 992.0 515.0 59.0 152.0
person 1016.0 539.0 59.0 140.0
person 1100.0 637.0 84.0 219.0
person 1141.0 637.0 86.0 206.0
person 1193.0 640.0 70.0 188.0
person 1015.0 617.0 73.0 188.0
person 1333.0 597.0 70.0 170.0
person 1364.0 603.0 58.0 164.0
person 1329.0 671.0 84.0 193.0
person 1375.0 706.0 64.0 148.0
person 1529.0 664.0 116.0 215.0
person 1167.0 754.0 92.0 270.0
person 1435.0 597.0 77.0 184.0
person 1546.0 638.0 89.0 202.0
person 1659.0 687.0 115.0 191.0
person 27.0 880.0 110.0 200.0
person 109.0 910.0 105.0 170.0
person 20.0 1033.0 76.0 48.0
person 572.0 775.0 98.0 220.0
person 883.0 776.0 128.0 239.0
person 1469.0 723.0 121.0 226.0
person 1643.0 706.0 102.0 230.0
person 1644.0 711.0 90.0 211.0
person 1710.0 706.0 72.0 197.0
person 917.0 488.0 78.0 115.0
person 874.0 463.0 62.0 133.0
person 741.0 458.0 57.0 134.0
person 763.0 474.0 50.0 98.0
person 736.0 459.0 48.0 111.0
person 743.0 459.0 48.0 121.0
person 1404.0 439.0 36.0 80.0
person 1413.0 437.0 54.0 97.0
