person 404.0 720.0 122.0 253.0
person 518.0 723.0 106.0 252.0
person 626.0 709.0 82.0 224.0
person 576.0 810.0 117.0 267.0
person 700.0 816.0 112.0 248.0
person 1234.0 625.0 85.0 211.0
person 1249.0 629.0 71.0 211.0
person 1516.0 532.0 54.0 100.0
person 1207.0 618.0 67.0 196.0
person 1575.0 660.0 86.0 202.0
person 1422.0 699.0 86.0 222.0
person 1298.0 704.0 86.0 224.0
person 1560.0 645.0 80.0 199.0
person 835.0 523.0 46.0 117.0
person 883.0 500.0 59.0 137.0
person 806.0 539.0 52.0 139.0
person 915.0 527.0 60.0 134.0
person 935.0 504.0 50.0 131.0
person 1016.0 505.0 60.0 136.0
person 970.0 525.0 58.0 140.0
person 895.0 600.0 87.0 197.0
person 939.0 603.0 70.0 188.0
person 1012.0 607.0 65.0 172.0
person 1060.0 586.0 62.0 167.0
person 1117.0 582.0 67.0 170.0
person 1122.0 578.0 57.0 146.0
person 1017.0 645.0 85.0 182.0
person 1088.0 684.0 57.0 140.0
person 1213.0 649.0 78.0 209.0
person 1212.0 696.0 86.0 233.0
person 1254.0 576.0 57.0 155.0
person 1368.0 613.0 72.0 181.0
person 1296.0 678.0 86.0 175.0
person 1.0 962.0 54.0 119.0
person 51.0 1008.0 91.0 73.0
person 1132.0 793.0 100.0 220.0
person 1457.0 767.0 93.0 229.0
person 835.0 469.0 76.0 113.0
person 759.0 453.0 64.0 139.0
person 1348.0 451.0 50.0 98.0
person 1383.0 452.0 57.0 97.0
