person 490.0 643.0 105.0 224.0
person 608.0 635.0 97.0 234.0
person 749.0 641.0 69.0 202.0
person 370.0 926.0 142.0 155.0
person 554.0 939.0 104.0 142.0
person 1003.0 580.0 80.0 198.0
person 1052.0 580.0 66.0 198.0
person 1496.0 515.0 49.0 101.0
person 1162.0 604.0 73.0 196.0
person 1367.0 775.0 88.0 260.0
person 1261.0 771.0 107.0 263.0
person 855.0 544.0 45.0 122.0
person 901.0 510.0 59.0 156.0
person 825.0 562.0 57.0 150.0
person 989.0 542.0 58.0 155.0
person 952.0 520.0 50.0 146.0
person 998.0 516.0 55.0 152.0
person 1037.0 543.0 64.0 142.0
person 1164.0 645.0 95.0 220.0
person 1216.0 643.0 84.0 206.0
person 1268.0 647.0 77.0 187.0
person 1069.0 621.0 61.0 190.0
person 1379.0 604.0 70.0 177.0
person 1421.0 608.0 58.0 164.0
person 1403.0 669.0 120.0 200.0
person 1462.0 706.0 65.0 152.0
person 1612.0 664.0 117.0 215.0
person 1144.0 767.0 99.0 278.0
person 1473.0 602.0 78.0 184.0
person 1595.0 641.0 88.0 209.0
person 1757.0 687.0 110.0 191.0
person 56.0 861.0 110.0 218.0
person 150.0 894.0 105.0 187.0
person 42.0 1006.0 104.0 74.0
person 483.0 773.0 113.0 220.0
person 784.0 774.0 130.0 241.0
person 1390.0 710.0 108.0 227.0
person 1758.0 708.0 112.0 217.0
person 1562.0 700.0 105.0 224.0
person 1569.0 703.0 84.0 212.0
person 1638.0 710.0 86.0 190.0
person 1827.0 773.0 71.0 152.0
person 946.0 486.0 60.0 115.0
person 892.0 469.0 62.0 133.0
person 755.0 464.0 60.0 135.0
person 1567.0 528.0 60.0 152.0
person 797.0 477.0 50.0 98.0
person 766.0 460.0 48.0 110.0
person 772.0 464.0 48.0 121.0
person 1409.0 434.0 36.0 80.0
person 1418.0 429.0 53.0 94.0
