person 486.0 646.0 104.0 224.0
person 606.0 639.0 98.0 235.0
person 742.0 644.0 69.0 205.0
person 381.0 919.0 140.0 162.0
person 560.0 932.0 104.0 148.0
person 1012.0 582.0 80.0 199.0
person 1056.0 582.0 65.0 201.0
person 1495.0 516.0 50.0 100.0
person 1162.0 606.0 73.0 196.0
person 1369.0 771.0 88.0 260.0
person 1260.0 768.0 109.0 260.0
person 853.0 543.0 45.0 122.0
person 897.0 510.0 59.0 156.0
person 823.0 562.0 57.0 149.0
person 984.0 541.0 57.0 155.0
person 949.0 520.0 49.0 146.0
person 996.0 516.0 56.0 152.0
person 1031.0 543.0 64.0 140.0
person 1137.0 644.0 103.0 219.0
person 1192.0 642.0 85.0 206.0
person 1245.0 645.0 75.0 187.0
person 1045.0 623.0 78.0 190.0
person 1366.0 601.0 70.0 173.0
person 1405.0 607.0 58.0 164.0
person 1382.0 670.0 107.0 197.0
person 1436.0 707.0 65.0 152.0
person 1588.0 664.0 117.0 215.0
person 1152.0 764.0 97.0 276.0
person 1460.0 600.0 78.0 184.0
person 1580.0 640.0 88.0 206.0
person 1733.0 685.0 96.0 194.0
person 48.0 867.0 110.0 213.0
person 138.0 898.0 106.0 183.0
person 30.0 1016.0 104.0 64.0
person 524.0 774.0 97.0 221.0
person 815.0 772.0 111.0 244.0
person 1412.0 712.0 107.0 227.0
person 1787.0 708.0 98.0 219.0
person 1577.0 702.0 111.0 225.0
person 1593.0 703.0 84.0 212.0
person 1665.0 710.0 76.0 193.0
person 1855.0 775.0 64.0 157.0
person 944.0 486.0 58.0 115.0
person 887.0 467.0 62.0 133.0
person 750.0 463.0 63.0 134.0
person 1571.0 528.0 60.0 152.0
person 782.0 475.0 50.0 98.0
person 756.0 460.0 49.0 110.0
person 764.0 462.0 48.0 121.0
person 1407.0 435.0 36.0 80.0
person 1416.0 431.0 54.0 95.0
