person 415.0 697.0 114.0 238.0
person 548.0 699.0 95.0 250.0
person 658.0 688.0 80.0 221.0
person 538.0 836.0 117.0 245.0
person 653.0 847.0 118.0 233.0
person 1147.0 609.0 86.0 209.0
person 1177.0 610.0 82.0 202.0
person 1499.0 522.0 49.0 100.0
person 1185.0 608.0 69.0 196.0
person 1623.0 666.0 102.0 206.0
person 1402.0 707.0 86.0 239.0
person 1303.0 713.0 93.0 233.0
person 1598.0 647.0 86.0 204.0
person 839.0 523.0 46.0 119.0
person 881.0 499.0 61.0 144.0
person 798.0 539.0 53.0 142.0
person 924.0 526.0 61.0 142.0
person 934.0 510.0 50.0 131.0
person 1014.0 503.0 61.0 141.0
person 983.0 523.0 58.0 140.0
person 947.0 609.0 86.0 201.0
person 973.0 617.0 69.0 191.0
person 1042.0 613.0 69.0 183.0
person 1035.0 589.0 61.0 172.0
person 1169.0 587.0 68.0 170.0
person 1187.0 585.0 60.0 164.0
person 1082.0 653.0 86.0 188.0
person 1152.0 688.0 69.0 145.0
person 1298.0 655.0 88.0 214.0
person 1211.0 708.0 90.0 242.0
person 1326.0 580.0 56.0 155.0
person 1433.0 612.0 76.0 182.0
person 1414.0 676.0 93.0 186.0
person 1.0 945.0 80.0 136.0
person 33.0 980.0 114.0 101.0
person 926.0 783.0 103.0 220.0
person 1271.0 765.0 104.0 236.0
person 1813.0 757.0 85.0 227.0
person 862.0 472.0 62.0 113.0
person 806.0 453.0 62.0 133.0
person 1362.0 440.0 49.0 97.0
person 1396.0 438.0 58.0 97.0
