person 415.0 689.0 113.0 239.0
person 552.0 694.0 95.0 251.0
person 662.0 682.0 78.0 220.0
person 530.0 840.0 118.0 241.0
person 647.0 851.0 118.0 229.0
person 1137.0 607.0 85.0 209.0
person 1166.0 609.0 79.0 199.0
person 1498.0 522.0 49.0 100.0
person 1181.0 607.0 67.0 197.0
person 1629.0 668.0 107.0 203.0
person 1398.0 711.0 84.0 239.0
person 1303.0 717.0 92.0 235.0
person 1609.0 649.0 90.0 206.0
person 840.0 523.0 46.0 119.0
person 881.0 499.0 61.0 145.0
person 798.0 540.0 53.0 142.0
person 926.0 526.0 60.0 144.0
person 935.0 510.0 50.0 131.0
person 1013.0 503.0 61.0 142.0
person 986.0 525.0 58.0 140.0
person 951.0 610.0 89.0 204.0
person 982.0 617.0 70.0 195.0
person 1046.0 616.0 69.0 184.0
person 1029.0 591.0 60.0 174.0
person 1178.0 589.0 69.0 170.0
person 1199.0 585.0 60.0 164.0
person 1095.0 654.0 87.0 188.0
person 1167.0 688.0 70.0 146.0
person 1316.0 654.0 92.0 217.0
person 1211.0 712.0 90.0 242.0
person 1337.0 581.0 57.0 155.0
person 1437.0 613.0 80.0 183.0
person 1430.0 676.0 94.0 188.0
person 1.0 938.0 84.0 143.0
person 32.0 976.0 116.0 105.0
person 884.0 782.0 121.0 220.0
person 1235.0 766.0 112.0 235.0
person 1776.0 754.0 105.0 227.0
person 868.0 472.0 62.0 113.0
person 812.0 453.0 62.0 133.0
person 1363.0 440.0 49.0 96.0
person 1398.0 436.0 58.0 97.0
