person 406.0 714.0 122.0 253.0
person 519.0 718.0 105.0 247.0
person 627.0 705.0 80.0 221.0
person 569.0 814.0 118.0 267.0
person 697.0 820.0 113.0 248.0
person 1222.0 623.0 85.0 211.0
person 1237.0 624.0 71.0 210.0
person 1514.0 530.0 54.0 100.0
person 1205.0 614.0 67.0 196.0
person 1577.0 660.0 92.0 202.0
person 1418.0 699.0 86.0 224.0
person 1302.0 705.0 91.0 224.0
person 1560.0 647.0 81.0 199.0
person 835.0 523.0 46.0 118.0
person 882.0 499.0 60.0 138.0
person 804.0 539.0 52.0 139.0
person 917.0 527.0 61.0 134.0
person 935.0 505.0 50.0 131.0
person 1017.0 504.0 60.0 136.0
person 972.0 523.0 58.0 140.0
person 901.0 602.0 83.0 198.0
person 943.0 607.0 70.0 188.0
person 1016.0 608.0 65.0 175.0
person 1054.0 585.0 61.0 166.0
person 1123.0 583.0 67.0 170.0
person 1128.0 577.0 58.0 152.0
person 1026.0 647.0 85.0 183.0
person 1096.0 685.0 54.0 140.0
person 1224.0 650.0 78.0 211.0
person 1213.0 696.0 86.0 236.0
person 1266.0 576.0 56.0 155.0
person 1380.0 611.0 72.0 181.0
person 1325.0 679.0 83.0 175.0
person 1.0 961.0 58.0 120.0
person 50.0 1001.0 97.0 80.0
person 1091.0 791.0 105.0 220.0
person 1410.0 768.0 114.0 232.0
person 842.0 469.0 65.0 113.0
person 766.0 453.0 64.0 137.0
person 1350.0 449.0 50.0 98.0
person 1385.0 450.0 57.0 97.0
