person 488.0 644.0 105.0 224.0
person 607.0 637.0 98.0 235.0
person 745.0 642.0 69.0 205.0
person 375.0 924.0 141.0 157.0
person 557.0 935.0 104.0 146.0
person 1008.0 581.0 80.0 198.0
person 1054.0 581.0 65.0 199.0
person 1495.0 515.0 50.0 101.0
person 1162.0 605.0 73.0 196.0
person 1368.0 773.0 88.0 260.0
person 1261.0 770.0 107.0 261.0
person 854.0 543.0 45.0 122.0
person 899.0 510.0 59.0 156.0
person 824.0 562.0 57.0 149.0
person 986.0 542.0 58.0 155.0
person 951.0 520.0 49.0 146.0
person 997.0 516.0 56.0 152.0
person 1035.0 544.0 64.0 140.0
person 1150.0 645.0 100.0 219.0
person 1203.0 643.0 85.0 206.0
person 1256.0 646.0 76.0 187.0
person 1057.0 622.0 69.0 190.0
person 1372.0 603.0 70.0 175.0
person 1413.0 607.0 58.0 164.0
person 1392.0 669.0 114.0 199.0
person 1449.0 706.0 65.0 152.0
person 1600.0 664.0 117.0 215.0
person 1148.0 766.0 98.0 276.0
person 1466.0 601.0 78.0 184.0
person 1587.0 640.0 88.0 208.0
person 1745.0 686.0 106.0 192.0
person 52.0 864.0 110.0 215.0
person 144.0 896.0 106.0 185.0
person 36.0 1011.0 104.0 69.0
person 504.0 774.0 105.0 220.0
person 792.0 773.0 130.0 241.0
person 1396.0 711.0 115.0 227.0
person 1772.0 708.0 106.0 218.0
person 1571.0 702.0 113.0 222.0
person 1581.0 703.0 84.0 212.0
person 1651.0 710.0 82.0 191.0
person 1841.0 774.0 67.0 154.0
person 945.0 486.0 59.0 115.0
person 889.0 468.0 62.0 133.0
person 753.0 463.0 61.0 135.0
person 1569.0 528.0 60.0 152.0
person 789.0 476.0 50.0 98.0
person 761.0 460.0 48.0 110.0
person 768.0 463.0 48.0 121.0
person 1408.0 435.0 36.0 80.0
person 1417.0 430.0 54.0 95.0
