person 403.0 726.0 121.0 253.0
person 517.0 728.0 105.0 264.0
person 625.0 713.0 85.0 227.0
person 586.0 806.0 113.0 265.0
person 705.0 814.0 112.0 246.0
person 1249.0 629.0 85.0 211.0
person 1262.0 633.0 70.0 212.0
person 1518.0 536.0 54.0 100.0
person 1210.0 621.0 66.0 196.0
person 1575.0 660.0 79.0 203.0
person 1418.0 699.0 85.0 221.0
person 1294.0 703.0 81.0 223.0
person 1560.0 643.0 78.0 199.0
person 835.0 523.0 45.0 116.0
person 883.0 500.0 59.0 137.0
person 807.0 539.0 52.0 139.0
person 913.0 528.0 59.0 134.0
person 935.0 504.0 50.0 131.0
person 1014.0 505.0 61.0 136.0
person 968.0 526.0 58.0 140.0
person 888.0 598.0 85.0 197.0
person 937.0 602.0 70.0 187.0
person 1008.0 606.0 65.0 169.0
person 1060.0 585.0 62.0 167.0
person 1112.0 582.0 68.0 169.0
person 1116.0 579.0 56.0 139.0
person 1012.0 644.0 85.0 182.0
person 1080.0 683.0 60.0 140.0
person 1201.0 649.0 78.0 209.0
person 1207.0 696.0 87.0 231.0
person 1243.0 575.0 56.0 155.0
person 1357.0 614.0 71.0 182.0
person 1285.0 675.0 79.0 180.0
person 1.0 967.0 50.0 113.0
person 51.0 1016.0 84.0 65.0
person 1160.0 795.0 116.0 221.0
person 1471.0 776.0 123.0 229.0
person 831.0 470.0 61.0 113.0
person 754.0 453.0 59.0 139.0
person 1345.0 454.0 50.0 98.0
person 1381.0 455.0 57.0 97.0
