person 492.0 636.0 106.0 221.0
person 612.0 632.0 92.0 230.0
person 759.0 639.0 70.0 200.0
person 357.0 933.0 148.0 148.0
person 544.0 947.0 109.0 134.0
person 993.0 577.0 80.0 196.0
person 1047.0 577.0 66.0 195.0
person 1496.0 514.0 50.0 101.0
person 1162.0 602.0 72.0 195.0
person 1364.0 780.0 92.0 265.0
person 1263.0 774.0 104.0 268.0
person 857.0 545.0 45.0 122.0
person 905.0 509.0 60.0 157.0
person 828.0 562.0 57.0 153.0
person 993.0 543.0 60.0 156.0
person 957.0 519.0 49.0 146.0
person 999.0 516.0 55.0 153.0
person 1044.0 543.0 65.0 146.0
person 1197.0 647.0 88.0 219.0
person 1250.0 643.0 82.0 206.0
person 1296.0 649.0 80.0 187.0
person 1080.0 624.0 100.0 191.0
person 1396.0 607.0 70.0 182.0
person 1436.0 609.0 59.0 167.0
person 1427.0 670.0 113.0 200.0
person 1494.0 705.0 65.0 152.0
person 1645.0 664.0 118.0 215.0
person 1133.0 771.0 103.0 280.0
person 1489.0 604.0 78.0 185.0
person 1619.0 643.0 89.0 212.0
person 1789.0 688.0 99.0 190.0
person 66.0 855.0 111.0 224.0
person 164.0 886.0 105.0 195.0
person 58.0 994.0 104.0 86.0
person 461.0 770.0 109.0 220.0
person 748.0 773.0 123.0 242.0
person 1373.0 708.0 91.0 227.0
person 1735.0 704.0 94.0 222.0
person 1540.0 697.0 86.0 230.0
person 1539.0 703.0 84.0 212.0
person 1606.0 709.0 95.0 187.0
person 1793.0 772.0 79.0 146.0
person 949.0 486.0 63.0 115.0
person 898.0 470.0 62.0 133.0
person 760.0 465.0 58.0 136.0
person 1562.0 529.0 60.0 152.0
person 811.0 478.0 49.0 98.0
person 777.0 460.0 49.0 110.0
person 783.0 464.0 48.0 121.0
person 1411.0 432.0 36.0 80.0
person 1420.0 426.0 53.0 93.0
