person 416.0 707.0 120.0 238.0
person 535.0 706.0 99.0 250.0
person 645.0 696.0 80.0 221.0
person 551.0 828.0 117.0 253.0
person 667.0 839.0 116.0 241.0
person 1178.0 614.0 85.0 211.0
person 1198.0 614.0 77.0 206.0
person 1505.0 525.0 51.0 100.0
person 1193.0 609.0 68.0 196.0
person 1611.0 663.0 92.0 211.0
person 1405.0 704.0 89.0 231.0
person 1307.0 712.0 93.0 224.0
person 1579.0 646.0 81.0 200.0
person 837.0 523.0 46.0 119.0
person 882.0 499.0 60.0 142.0
person 801.0 539.0 52.0 141.0
person 922.0 526.0 60.0 139.0
person 933.0 509.0 50.0 131.0
person 1016.0 503.0 60.0 139.0
person 979.0 522.0 58.0 140.0
person 921.0 609.0 102.0 199.0
person 960.0 615.0 69.0 189.0
person 1030.0 611.0 67.0 182.0
person 1045.0 586.0 62.0 170.0
person 1143.0 586.0 67.0 170.0
person 1160.0 581.0 60.0 164.0
person 1059.0 652.0 85.0 186.0
person 1122.0 688.0 65.0 143.0
person 1265.0 656.0 81.0 211.0
person 1208.0 701.0 90.0 242.0
person 1303.0 579.0 56.0 155.0
person 1416.0 610.0 74.0 181.0
person 1387.0 674.0 80.0 180.0
person 1.0 957.0 71.0 124.0
person 39.0 988.0 108.0 93.0
person 980.0 783.0 122.0 220.0
person 1324.0 766.0 106.0 233.0
person 858.0 472.0 62.0 113.0
person 790.0 453.0 64.0 134.0
person 1359.0 441.0 50.0 98.0
person 1392.0 442.0 58.0 97.0
