person 424.0 684.0 108.0 228.0
person 558.0 679.0 98.0 248.0
person 673.0 674.0 76.0 209.0
person 508.0 854.0 122.0 226.0
person 627.0 864.0 120.0 215.0
person 1112.0 602.0 81.0 208.0
person 1135.0 606.0 72.0 191.0
person 1494.0 522.0 49.0 100.0
person 1172.0 607.0 59.0 197.0
person 1683.0 669.0 103.0 206.0
person 1389.0 720.0 80.0 241.0
person 1299.0 727.0 92.0 239.0
person 1643.0 652.0 93.0 209.0
person 843.0 525.0 45.0 119.0
person 880.0 500.0 59.0 149.0
person 796.0 542.0 57.0 144.0
person 932.0 530.0 63.0 146.0
person 938.0 510.0 50.0 131.0
person 1000.0 506.0 61.0 142.0
person 993.0 530.0 58.0 140.0
person 967.0 615.0 104.0 211.0
person 1003.0 619.0 87.0 202.0
person 1061.0 621.0 71.0 188.0
person 1013.0 596.0 61.0 175.0
person 1223.0 586.0 70.0 170.0
person 1221.0 585.0 61.0 164.0
person 1137.0 659.0 90.0 187.0
person 1209.0 690.0 65.0 145.0
person 1366.0 655.0 102.0 217.0
person 1202.0 723.0 90.0 242.0
person 1369.0 583.0 57.0 155.0
person 1454.0 616.0 86.0 188.0
person 1456.0 679.0 105.0 190.0
person 1.0 919.0 95.0 162.0
person 51.0 960.0 108.0 121.0
person 805.0 783.0 105.0 220.0
person 1152.0 768.0 114.0 231.0
person 1711.0 742.0 94.0 226.0
person 880.0 471.0 57.0 112.0
person 826.0 453.0 62.0 133.0
person 692.0 445.0 62.0 131.0
person 1367.0 440.0 47.0 93.0
person 1404.0 431.0 58.0 97.0
