person 470.0 651.0 104.0 224.0
person 599.0 652.0 96.0 235.0
person 724.0 652.0 75.0 203.0
person 418.0 896.0 137.0 184.0
person 578.0 910.0 106.0 169.0
person 1039.0 589.0 80.0 204.0
person 1071.0 590.0 64.0 202.0
person 1493.0 518.0 50.0 100.0
person 1157.0 606.0 73.0 196.0
person 1371.0 755.0 86.0 251.0
person 1267.0 756.0 101.0 254.0
person 1781.0 663.0 117.0 208.0
person 849.0 541.0 45.0 122.0
person 890.0 505.0 59.0 154.0
person 806.0 554.0 57.0 149.0
person 962.0 538.0 63.0 150.0
person 943.0 518.0 50.0 142.0
person 990.0 514.0 60.0 152.0
person 1012.0 538.0 58.0 140.0
person 1081.0 636.0 92.0 220.0
person 1127.0 635.0 84.0 206.0
person 1177.0 639.0 69.0 188.0
person 1006.0 615.0 71.0 188.0
person 1324.0 596.0 70.0 170.0
person 1351.0 601.0 58.0 164.0
person 1312.0 670.0 84.0 193.0
person 1357.0 706.0 64.0 146.0
person 1514.0 664.0 113.0 215.0
person 1171.0 751.0 91.0 268.0
person 1429.0 597.0 76.0 184.0
person 1538.0 636.0 87.0 202.0
person 1644.0 684.0 106.0 193.0
person 21.0 883.0 110.0 197.0
person 101.0 914.0 105.0 166.0
person 18.0 1037.0 67.0 44.0
person 593.0 774.0 94.0 221.0
person 907.0 773.0 116.0 241.0
person 1495.0 723.0 101.0 227.0
person 1651.0 707.0 116.0 230.0
person 1659.0 714.0 92.0 211.0
person 1732.0 708.0 71.0 198.0
person 905.0 485.0 91.0 116.0
person 870.0 462.0 62.0 133.0
person 739.0 457.0 53.0 134.0
person 759.0 473.0 49.0 98.0
person 730.0 458.0 49.0 111.0
person 737.0 458.0 48.0 121.0
person 1397.0 439.0 38.0 82.0
person 1412.0 436.0 54.0 97.0
