person 471.0 651.0 104.0 224.0
person 600.0 651.0 96.0 235.0
person 726.0 652.0 75.0 202.0
person 415.0 898.0 138.0 182.0
person 577.0 911.0 105.0 168.0
person 1037.0 589.0 80.0 203.0
person 1070.0 589.0 64.0 203.0
person 1493.0 518.0 50.0 100.0
person 1157.0 606.0 73.0 196.0
person 1371.0 757.0 87.0 252.0
person 1266.0 758.0 103.0 253.0
person 1787.0 664.0 116.0 208.0
person 849.0 541.0 45.0 122.0
person 890.0 505.0 60.0 154.0
person 806.0 555.0 57.0 149.0
person 964.0 538.0 62.0 151.0
person 943.0 519.0 50.0 142.0
person 991.0 514.0 60.0 152.0
person 1013.0 538.0 58.0 140.0
person 1088.0 636.0 89.0 220.0
person 1131.0 636.0 85.0 205.0
person 1183.0 640.0 69.0 188.0
person 1009.0 616.0 72.0 188.0
person 1327.0 597.0 70.0 170.0
person 1355.0 602.0 59.0 164.0
person 1318.0 671.0 84.0 192.0
person 1363.0 706.0 64.0 147.0
person 1519.0 664.0 114.0 215.0
person 1170.0 752.0 91.0 269.0
person 1431.0 597.0 76.0 184.0
person 1540.0 637.0 88.0 202.0
person 1649.0 685.0 109.0 192.0
person 23.0 882.0 110.0 198.0
person 103.0 913.0 105.0 167.0
person 19.0 1036.0 70.0 45.0
person 586.0 774.0 95.0 221.0
person 897.0 775.0 119.0 241.0
person 1486.0 723.0 108.0 226.0
person 1649.0 707.0 112.0 230.0
person 1654.0 713.0 91.0 211.0
person 1725.0 707.0 71.0 198.0
person 910.0 487.0 85.0 115.0
person 872.0 463.0 62.0 133.0
person 739.0 457.0 55.0 134.0
person 760.0 473.0 49.0 98.0
person 732.0 458.0 49.0 111.0
person 739.0 459.0 48.0 121.0
person 1399.0 439.0 38.0 81.0
person 1412.0 436.0 54.0 97.0
