person 433.0 684.0 105.0 223.0
person 564.0 673.0 97.0 242.0
person 687.0 670.0 76.0 209.0
person 491.0 860.0 123.0 220.0
person 616.0 873.0 122.0 206.0
person 1098.0 599.0 80.0 207.0
person 1121.0 603.0 69.0 191.0
person 1493.0 522.0 49.0 100.0
person 1166.0 606.0 59.0 197.0
person 1709.0 669.0 99.0 208.0
person 1386.0 724.0 80.0 243.0
person 1296.0 732.0 92.0 242.0
person 1662.0 653.0 92.0 211.0
person 844.0 525.0 45.0 121.0
person 879.0 500.0 57.0 151.0
person 797.0 543.0 58.0 146.0
person 935.0 532.0 64.0 147.0
person 940.0 510.0 49.0 131.0
person 997.0 508.0 61.0 144.0
person 996.0 530.0 58.0 140.0
person 1006.0 617.0 75.0 212.0
person 1015.0 623.0 95.0 199.0
person 1071.0 624.0 73.0 188.0
person 1007.0 596.0 60.0 175.0
person 1242.0 588.0 70.0 170.0
person 1238.0 586.0 60.0 164.0
person 1168.0 661.0 90.0 187.0
person 1229.0 694.0 65.0 145.0
person 1393.0 656.0 107.0 215.0
person 1196.0 726.0 89.0 251.0
person 1379.0 583.0 65.0 167.0
person 1472.0 617.0 81.0 193.0
person 1504.0 679.0 76.0 191.0
person 1.0 913.0 99.0 168.0
person 61.0 951.0 104.0 130.0
person 766.0 782.0 105.0 220.0
person 1101.0 766.0 115.0 237.0
person 1649.0 739.0 123.0 227.0
person 1819.0 711.0 90.0 231.0
person 884.0 471.0 59.0 112.0
person 832.0 454.0 62.0 133.0
person 700.0 448.0 58.0 132.0
person 703.0 472.0 53.0 98.0
person 1369.0 440.0 46.0 92.0
person 1407.0 429.0 55.0 97.0
