person 417.0 687.0 113.0 239.0
person 553.0 691.0 96.0 251.0
person 664.0 679.0 77.0 219.0
person 526.0 842.0 119.0 239.0
person 644.0 853.0 118.0 227.0
person 1132.0 606.0 84.0 209.0
person 1160.0 608.0 78.0 198.0
person 1497.0 522.0 49.0 100.0
person 1179.0 607.0 66.0 197.0
person 1636.0 669.0 107.0 202.0
person 1396.0 713.0 83.0 239.0
person 1303.0 721.0 92.0 235.0
person 1615.0 650.0 92.0 207.0
person 841.0 523.0 45.0 119.0
person 881.0 499.0 61.0 146.0
person 797.0 540.0 55.0 143.0
person 926.0 526.0 60.0 145.0
person 935.0 510.0 50.0 131.0
person 1011.0 503.0 61.0 143.0
person 988.0 527.0 58.0 140.0
person 955.0 611.0 92.0 205.0
person 987.0 617.0 70.0 197.0
person 1048.0 617.0 69.0 186.0
person 1026.0 592.0 60.0 174.0
person 1185.0 589.0 69.0 170.0
person 1205.0 585.0 60.0 164.0
person 1102.0 655.0 88.0 188.0
person 1175.0 688.0 69.0 146.0
person 1325.0 654.0 94.0 218.0
person 1209.0 714.0 90.0 242.0
person 1343.0 581.0 57.0 155.0
person 1438.0 614.0 83.0 183.0
person 1436.0 677.0 97.0 188.0
person 1.0 934.0 86.0 147.0
person 36.0 973.0 114.0 108.0
person 874.0 782.0 121.0 220.0
person 1213.0 767.0 121.0 235.0
person 1757.0 752.0 115.0 227.0
person 872.0 472.0 62.0 113.0
person 815.0 453.0 62.0 133.0
person 1364.0 440.0 48.0 95.0
person 1400.0 435.0 58.0 97.0
