person 425.0 684.0 107.0 226.0
person 559.0 678.0 98.0 247.0
person 675.0 673.0 76.0 209.0
person 505.0 855.0 122.0 225.0
person 625.0 866.0 121.0 213.0
person 1109.0 601.0 81.0 208.0
person 1133.0 606.0 71.0 190.0
person 1494.0 522.0 49.0 100.0
person 1171.0 607.0 59.0 197.0
person 1688.0 669.0 103.0 206.0
person 1388.0 721.0 81.0 241.0
person 1299.0 728.0 92.0 239.0
person 1646.0 652.0 93.0 210.0
person 843.0 525.0 45.0 119.0
person 879.0 500.0 59.0 149.0
person 796.0 542.0 57.0 145.0
person 933.0 531.0 63.0 146.0
person 938.0 510.0 50.0 131.0
person 1000.0 506.0 61.0 143.0
person 994.0 530.0 58.0 140.0
person 974.0 615.0 98.0 211.0
person 1004.0 619.0 91.0 202.0
person 1063.0 622.0 71.0 188.0
person 1011.0 597.0 61.0 174.0
person 1226.0 586.0 70.0 170.0
person 1222.0 585.0 61.0 164.0
person 1142.0 659.0 90.0 187.0
person 1212.0 690.0 65.0 145.0
person 1371.0 655.0 102.0 217.0
person 1201.0 724.0 90.0 242.0
person 1370.0 583.0 59.0 157.0
person 1457.0 616.0 85.0 189.0
person 1464.0 679.0 100.0 190.0
person 1.0 918.0 97.0 163.0
person 52.0 958.0 108.0 123.0
person 799.0 783.0 105.0 220.0
person 1144.0 767.0 112.0 233.0
person 1707.0 741.0 87.0 226.0
person 881.0 471.0 56.0 112.0
person 827.0 453.0 62.0 133.0
person 693.0 445.0 61.0 131.0
person 1368.0 440.0 46.0 93.0
person 1405.0 431.0 57.0 97.0
