person 466.0 654.0 104.0 225.0
person 595.0 655.0 96.0 235.0
person 718.0 654.0 76.0 202.0
person 427.0 892.0 137.0 188.0
person 580.0 906.0 109.0 173.0
person 1046.0 590.0 80.0 204.0
person 1075.0 592.0 64.0 200.0
person 1493.0 519.0 49.0 100.0
person 1155.0 606.0 73.0 196.0
person 1371.0 750.0 84.0 248.0
person 1272.0 752.0 95.0 254.0
person 1764.0 662.0 118.0 208.0
person 848.0 538.0 45.0 122.0
person 888.0 504.0 59.0 153.0
person 805.0 552.0 58.0 149.0
person 957.0 537.0 65.0 149.0
person 943.0 517.0 50.0 139.0
person 989.0 514.0 61.0 152.0
person 1009.0 536.0 58.0 140.0
person 1062.0 635.0 100.0 221.0
person 1113.0 634.0 83.0 205.0
person 1162.0 639.0 69.0 188.0
person 1002.0 611.0 68.0 188.0
person 1314.0 595.0 70.0 170.0
person 1338.0 599.0 59.0 164.0
person 1295.0 670.0 84.0 192.0
person 1339.0 706.0 64.0 146.0
person 1498.0 663.0 112.0 215.0
person 1175.0 748.0 90.0 266.0
person 1423.0 595.0 76.0 184.0
person 1529.0 635.0 85.0 202.0
person 1629.0 682.0 98.0 194.0
person 15.0 887.0 109.0 193.0
person 96.0 918.0 104.0 162.0
person 16.0 1042.0 57.0 39.0
person 613.0 775.0 98.0 221.0
person 937.0 767.0 107.0 242.0
person 1521.0 724.0 81.0 227.0
person 1668.0 706.0 112.0 230.0
person 1678.0 712.0 89.0 213.0
person 1754.0 709.0 71.0 200.0
person 892.0 480.0 105.0 117.0
person 866.0 461.0 62.0 133.0
person 734.0 456.0 53.0 134.0
person 754.0 473.0 49.0 98.0
person 725.0 457.0 49.0 112.0
person 732.0 456.0 48.0 121.0
person 1391.0 439.0 40.0 84.0
person 1411.0 435.0 54.0 97.0
