person 403.0 723.0 122.0 253.0
person 517.0 725.0 105.0 260.0
person 625.0 711.0 84.0 225.0
person 581.0 808.0 115.0 266.0
person 702.0 815.0 113.0 247.0
person 1241.0 627.0 85.0 211.0
person 1256.0 631.0 70.0 211.0
person 1517.0 534.0 54.0 100.0
person 1209.0 619.0 66.0 196.0
person 1575.0 660.0 83.0 203.0
person 1420.0 699.0 85.0 221.0
person 1296.0 703.0 84.0 224.0
person 1560.0 644.0 79.0 199.0
person 835.0 523.0 45.0 117.0
person 883.0 500.0 59.0 137.0
person 806.0 539.0 52.0 139.0
person 914.0 527.0 60.0 134.0
person 935.0 504.0 50.0 131.0
person 1015.0 505.0 60.0 136.0
person 969.0 525.0 58.0 140.0
person 891.0 599.0 86.0 197.0
person 938.0 602.0 69.0 187.0
person 1010.0 606.0 65.0 171.0
person 1060.0 585.0 62.0 167.0
person 1114.0 582.0 68.0 170.0
person 1119.0 579.0 57.0 142.0
person 1015.0 645.0 85.0 182.0
person 1084.0 684.0 58.0 139.0
person 1207.0 649.0 78.0 209.0
person 1209.0 696.0 87.0 232.0
person 1249.0 575.0 56.0 155.0
person 1363.0 614.0 71.0 181.0
person 1290.0 676.0 83.0 178.0
person 1.0 964.0 52.0 116.0
person 51.0 1012.0 87.0 69.0
person 1152.0 795.0 102.0 220.0
person 1464.0 771.0 108.0 229.0
person 833.0 469.0 68.0 113.0
person 756.0 453.0 62.0 139.0
person 1346.0 453.0 50.0 98.0
person 1382.0 454.0 57.0 97.0
