person 459.0 664.0 104.0 227.0
person 588.0 658.0 96.0 236.0
person 710.0 655.0 76.0 205.0
person 441.0 884.0 133.0 196.0
person 583.0 899.0 115.0 181.0
person 1057.0 592.0 80.0 205.0
person 1081.0 595.0 64.0 197.0
person 1492.0 519.0 49.0 101.0
person 1153.0 606.0 73.0 196.0
person 1371.0 748.0 84.0 247.0
person 1278.0 747.0 92.0 252.0
person 1736.0 661.0 119.0 208.0
person 847.0 534.0 45.0 122.0
person 885.0 503.0 59.0 151.0
person 804.0 549.0 58.0 148.0
person 950.0 534.0 65.0 149.0
person 943.0 514.0 49.0 137.0
person 988.0 513.0 62.0 151.0
person 1005.0 534.0 58.0 140.0
person 1039.0 632.0 105.0 220.0
person 1089.0 631.0 82.0 205.0
person 1137.0 639.0 69.0 187.0
person 998.0 603.0 65.0 189.0
person 1299.0 594.0 70.0 170.0
person 1316.0 597.0 59.0 164.0
person 1266.0 669.0 84.0 190.0
person 1310.0 706.0 64.0 146.0
person 1472.0 663.0 109.0 214.0
person 1180.0 741.0 90.0 262.0
person 1413.0 591.0 76.0 184.0
person 1516.0 633.0 82.0 202.0
person 1588.0 682.0 114.0 191.0
person 5.0 894.0 109.0 186.0
person 89.0 925.0 103.0 155.0
person 649.0 777.0 95.0 220.0
person 966.0 770.0 132.0 239.0
person 1542.0 729.0 102.0 227.0
person 1714.0 706.0 89.0 229.0
person 1709.0 711.0 84.0 215.0
person 1791.0 712.0 70.0 201.0
person 883.0 475.0 112.0 118.0
person 860.0 460.0 62.0 133.0
person 726.0 454.0 53.0 134.0
person 747.0 472.0 48.0 98.0
person 716.0 455.0 50.0 113.0
person 723.0 452.0 48.0 122.0
person 1381.0 439.0 42.0 87.0
person 1410.0 434.0 54.0 97.0
