person 415.0 691.0 113.0 239.0
person 552.0 696.0 94.0 250.0
person 661.0 684.0 79.0 220.0
person 532.0 839.0 118.0 242.0
person 648.0 850.0 118.0 230.0
person 1139.0 608.0 85.0 208.0
person 1168.0 609.0 80.0 200.0
person 1498.0 522.0 49.0 100.0
person 1182.0 607.0 67.0 197.0
person 1627.0 668.0 106.0 203.0
person 1399.0 710.0 85.0 239.0
person 1303.0 715.0 92.0 235.0
person 1607.0 649.0 89.0 205.0
person 840.0 523.0 46.0 119.0
person 881.0 499.0 61.0 145.0
person 798.0 539.0 53.0 143.0
person 925.0 526.0 60.0 144.0
person 935.0 510.0 49.0 131.0
person 1013.0 503.0 61.0 142.0
person 985.0 524.0 58.0 140.0
person 950.0 609.0 87.0 204.0
person 980.0 617.0 69.0 194.0
person 1045.0 615.0 69.0 184.0
person 1031.0 590.0 60.0 174.0
person 1176.0 589.0 69.0 170.0
person 1196.0 585.0 60.0 164.0
person 1091.0 654.0 87.0 188.0
person 1164.0 688.0 70.0 146.0
person 1311.0 655.0 92.0 215.0
person 1212.0 711.0 90.0 242.0
person 1334.0 580.0 57.0 155.0
person 1436.0 613.0 79.0 183.0
person 1427.0 676.0 92.0 187.0
person 1.0 940.0 83.0 141.0
person 31.0 978.0 116.0 103.0
person 889.0 783.0 121.0 220.0
person 1246.0 765.0 107.0 236.0
person 1785.0 754.0 100.0 227.0
person 867.0 472.0 62.0 113.0
person 810.0 453.0 62.0 133.0
person 1363.0 440.0 49.0 96.0
person 1398.0 437.0 58.0 97.0
