person 485.0 646.0 104.0 224.0
person 605.0 640.0 98.0 235.0
person 741.0 645.0 68.0 205.0
person 384.0 917.0 139.0 164.0
person 561.0 930.0 105.0 150.0
person 1014.0 583.0 80.0 199.0
person 1057.0 583.0 65.0 202.0
person 1495.0 516.0 50.0 100.0
person 1162.0 606.0 73.0 196.0
person 1369.0 770.0 88.0 260.0
person 1260.0 768.0 109.0 259.0
person 853.0 543.0 45.0 122.0
person 897.0 511.0 59.0 155.0
person 821.0 561.0 57.0 149.0
person 982.0 541.0 58.0 155.0
person 948.0 521.0 50.0 146.0
person 996.0 516.0 56.0 152.0
person 1030.0 542.0 63.0 140.0
person 1130.0 644.0 105.0 219.0
person 1187.0 641.0 85.0 206.0
person 1240.0 645.0 74.0 187.0
person 1042.0 622.0 77.0 190.0
person 1362.0 601.0 70.0 172.0
person 1401.0 606.0 58.0 164.0
person 1377.0 670.0 104.0 197.0
person 1430.0 707.0 65.0 152.0
person 1582.0 664.0 117.0 215.0
person 1155.0 764.0 96.0 275.0
person 1457.0 600.0 78.0 184.0
person 1576.0 640.0 89.0 206.0
person 1727.0 685.0 91.0 195.0
person 45.0 868.0 111.0 212.0
person 136.0 900.0 106.0 181.0
person 27.0 1019.0 104.0 62.0
person 535.0 775.0 93.0 221.0
person 827.0 772.0 101.0 245.0
person 1425.0 713.0 95.0 227.0
person 1794.0 708.0 95.0 220.0
person 1581.0 702.0 110.0 226.0
person 1599.0 703.0 84.0 212.0
person 1672.0 711.0 74.0 193.0
person 941.0 486.0 60.0 115.0
person 886.0 467.0 62.0 133.0
person 749.0 462.0 63.0 134.0
person 780.0 475.0 50.0 98.0
person 754.0 460.0 48.0 110.0
person 762.0 462.0 48.0 121.0
person 1407.0 436.0 36.0 80.0
person 1416.0 432.0 54.0 95.0
