person 483.0 648.0 104.0 224.0
person 604.0 642.0 98.0 235.0
person 739.0 648.0 68.0 205.0
person 390.0 912.0 138.0 169.0
person 565.0 926.0 103.0 154.0
person 1018.0 584.0 80.0 200.0
person 1059.0 584.0 65.0 203.0
person 1495.0 516.0 49.0 101.0
person 1161.0 606.0 73.0 196.0
person 1370.0 769.0 89.0 259.0
person 1260.0 767.0 110.0 257.0
person 852.0 542.0 45.0 122.0
person 896.0 509.0 59.0 156.0
person 818.0 560.0 57.0 149.0
person 980.0 541.0 57.0 155.0
person 946.0 521.0 50.0 146.0
person 995.0 515.0 57.0 152.0
person 1027.0 542.0 62.0 140.0
person 1117.0 644.0 109.0 218.0
person 1177.0 640.0 85.0 206.0
person 1229.0 644.0 73.0 187.0
person 1036.0 621.0 76.0 189.0
person 1356.0 600.0 70.0 170.0
person 1393.0 606.0 58.0 164.0
person 1367.0 670.0 97.0 197.0
person 1417.0 708.0 65.0 152.0
person 1570.0 664.0 117.0 215.0
person 1157.0 761.0 95.0 274.0
person 1451.0 599.0 78.0 184.0
person 1569.0 639.0 89.0 205.0
person 1716.0 684.0 80.0 197.0
person 41.0 870.0 111.0 210.0
person 130.0 902.0 105.0 178.0
person 25.0 1022.0 98.0 59.0
person 537.0 776.0 99.0 220.0
person 841.0 774.0 108.0 241.0
person 1450.0 714.0 72.0 227.0
person 1809.0 709.0 88.0 220.0
person 1588.0 703.0 108.0 229.0
person 1609.0 704.0 85.0 212.0
person 1679.0 709.0 74.0 194.0
person 936.0 486.0 64.0 115.0
person 883.0 466.0 62.0 133.0
person 747.0 462.0 64.0 133.0
person 776.0 475.0 50.0 98.0
person 749.0 460.0 49.0 110.0
person 757.0 461.0 48.0 121.0
person 1406.0 436.0 36.0 80.0
person 1415.0 433.0 54.0 95.0
