person 408.0 711.0 122.0 253.0
person 519.0 715.0 104.0 250.0
person 629.0 704.0 80.0 221.0
person 566.0 816.0 118.0 265.0
person 693.0 823.0 113.0 249.0
person 1215.0 621.0 85.0 211.0
person 1230.0 622.0 72.0 210.0
person 1513.0 529.0 53.0 100.0
person 1203.0 612.0 68.0 196.0
person 1582.0 660.0 92.0 204.0
person 1415.0 699.0 85.0 224.0
person 1303.0 706.0 93.0 224.0
person 1561.0 648.0 81.0 199.0
person 835.0 523.0 46.0 118.0
person 882.0 499.0 60.0 139.0
person 804.0 539.0 52.0 140.0
person 918.0 527.0 61.0 134.0
person 934.0 506.0 50.0 131.0
person 1018.0 504.0 60.0 136.0
person 973.0 522.0 58.0 140.0
person 902.0 603.0 88.0 198.0
person 945.0 609.0 70.0 188.0
person 1018.0 608.0 65.0 177.0
person 1051.0 585.0 61.0 166.0
person 1126.0 584.0 66.0 170.0
person 1131.0 577.0 59.0 155.0
person 1031.0 648.0 84.0 183.0
person 1099.0 685.0 56.0 141.0
person 1230.0 651.0 78.0 212.0
person 1212.0 697.0 87.0 237.0
person 1272.0 577.0 56.0 155.0
person 1385.0 610.0 73.0 181.0
person 1333.0 679.0 85.0 176.0
person 1.0 960.0 60.0 121.0
person 48.0 999.0 99.0 82.0
person 1068.0 790.0 122.0 221.0
person 1387.0 768.0 125.0 234.0
person 846.0 470.0 62.0 112.0
person 770.0 453.0 64.0 137.0
person 1352.0 448.0 50.0 98.0
person 1386.0 448.0 57.0 97.0
