person 440.0 672.0 104.0 227.0
person 570.0 667.0 96.0 236.0
person 691.0 665.0 76.0 207.0
person 474.0 867.0 125.0 213.0
person 602.0 882.0 122.0 197.0
person 1084.0 597.0 80.0 206.0
person 1107.0 600.0 66.0 193.0
person 1491.0 522.0 49.0 100.0
person 1157.0 606.0 67.0 196.0
person 1735.0 670.0 89.0 208.0
person 1383.0 729.0 80.0 245.0
person 1292.0 736.0 92.0 247.0
person 1683.0 655.0 97.0 211.0
person 844.0 525.0 45.0 122.0
person 880.0 501.0 58.0 151.0
person 799.0 545.0 58.0 147.0
person 937.0 530.0 64.0 149.0
person 942.0 510.0 49.0 131.0
person 994.0 509.0 62.0 147.0
person 998.0 530.0 58.0 140.0
person 1015.0 623.0 87.0 206.0
person 1041.0 624.0 85.0 200.0
person 1089.0 629.0 72.0 187.0
person 996.0 600.0 70.0 181.0
person 1261.0 590.0 70.0 170.0
person 1264.0 590.0 60.0 164.0
person 1200.0 663.0 89.0 187.0
person 1249.0 699.0 65.0 145.0
person 1420.0 658.0 108.0 214.0
person 1190.0 730.0 90.0 253.0
person 1389.0 584.0 73.0 178.0
person 1487.0 622.0 81.0 196.0
person 1520.0 681.0 103.0 190.0
person 1.0 907.0 103.0 174.0
person 71.0 942.0 100.0 139.0
person 713.0 777.0 101.0 220.0
person 1058.0 766.0 119.0 235.0
person 1626.0 737.0 109.0 226.0
person 1791.0 708.0 88.0 236.0
person 1783.0 711.0 76.0 218.0
person 883.0 471.0 84.0 115.0
person 839.0 455.0 62.0 133.0
person 709.0 451.0 54.0 134.0
person 717.0 472.0 52.0 98.0
person 1371.0 440.0 46.0 91.0
person 1408.0 431.0 54.0 97.0
