person 492.0 638.0 106.0 222.0
person 611.0 632.0 93.0 231.0
person 757.0 639.0 69.0 200.0
person 360.0 932.0 146.0 149.0
person 546.0 945.0 108.0 136.0
person 995.0 577.0 80.0 197.0
person 1048.0 578.0 66.0 195.0
person 1496.0 514.0 50.0 101.0
person 1162.0 602.0 72.0 195.0
person 1364.0 779.0 92.0 264.0
person 1262.0 773.0 105.0 267.0
person 856.0 544.0 45.0 122.0
person 904.0 509.0 60.0 157.0
person 827.0 562.0 57.0 152.0
person 993.0 543.0 59.0 155.0
person 956.0 519.0 49.0 146.0
person 1000.0 517.0 54.0 152.0
person 1042.0 543.0 65.0 146.0
person 1191.0 647.0 88.0 221.0
person 1243.0 643.0 83.0 206.0
person 1290.0 649.0 80.0 187.0
person 1078.0 623.0 92.0 191.0
person 1393.0 606.0 70.0 181.0
person 1434.0 609.0 58.0 166.0
person 1422.0 669.0 115.0 200.0
person 1489.0 705.0 65.0 152.0
person 1638.0 664.0 118.0 215.0
person 1135.0 770.0 103.0 280.0
person 1485.0 603.0 78.0 185.0
person 1614.0 643.0 89.0 211.0
person 1781.0 688.0 102.0 191.0
person 64.0 856.0 111.0 223.0
person 161.0 888.0 105.0 193.0
person 55.0 997.0 104.0 83.0
person 461.0 771.0 113.0 220.0
person 757.0 773.0 126.0 242.0
person 1376.0 709.0 95.0 226.0
person 1739.0 705.0 100.0 221.0
person 1544.0 697.0 90.0 229.0
person 1545.0 703.0 84.0 212.0
person 1611.0 710.0 96.0 187.0
person 1800.0 772.0 77.0 147.0
person 948.0 486.0 63.0 115.0
person 897.0 471.0 62.0 133.0
person 760.0 465.0 58.0 136.0
person 1563.0 529.0 60.0 152.0
person 810.0 478.0 49.0 98.0
person 775.0 460.0 49.0 110.0
person 781.0 464.0 48.0 121.0
person 1411.0 433.0 36.0 80.0
person 1420.0 427.0 53.0 93.0
