person 426.0 684.0 106.0 224.0
person 560.0 677.0 98.0 246.0
person 677.0 672.0 76.0 209.0
person 502.0 856.0 122.0 224.0
person 623.0 867.0 121.0 212.0
person 1107.0 601.0 81.0 208.0
person 1130.0 605.0 71.0 190.0
person 1494.0 522.0 49.0 100.0
person 1170.0 607.0 58.0 197.0
person 1693.0 669.0 103.0 207.0
person 1388.0 722.0 80.0 241.0
person 1299.0 729.0 92.0 239.0
person 1649.0 652.0 93.0 210.0
person 843.0 525.0 45.0 120.0
person 879.0 500.0 59.0 149.0
person 796.0 542.0 57.0 145.0
person 933.0 531.0 64.0 146.0
person 939.0 510.0 49.0 131.0
person 999.0 506.0 61.0 144.0
person 994.0 530.0 58.0 140.0
person 982.0 615.0 91.0 212.0
person 1005.0 620.0 95.0 202.0
person 1064.0 622.0 72.0 188.0
person 1010.0 597.0 61.0 175.0
person 1229.0 586.0 70.0 170.0
person 1223.0 585.0 61.0 164.0
person 1147.0 660.0 90.0 187.0
person 1215.0 691.0 65.0 145.0
person 1375.0 655.0 104.0 217.0
person 1201.0 725.0 90.0 242.0
person 1372.0 583.0 60.0 159.0
person 1460.0 617.0 84.0 189.0
person 1472.0 679.0 95.0 190.0
person 1.0 917.0 97.0 164.0
person 54.0 957.0 107.0 124.0
person 793.0 783.0 106.0 220.0
person 1136.0 767.0 111.0 234.0
person 1703.0 740.0 80.0 226.0
person 882.0 471.0 55.0 112.0
person 828.0 453.0 62.0 133.0
person 694.0 446.0 61.0 131.0
person 1368.0 440.0 47.0 93.0
person 1405.0 430.0 57.0 97.0
