person 436.0 681.0 104.0 224.0
person 566.0 671.0 96.0 240.0
person 688.0 668.0 76.0 209.0
person 485.0 863.0 124.0 217.0
person 611.0 876.0 122.0 203.0
person 1093.0 598.0 80.0 207.0
person 1116.0 602.0 68.0 192.0
person 1492.0 522.0 49.0 100.0
person 1163.0 606.0 62.0 197.0
person 1715.0 669.0 96.0 208.0
person 1385.0 726.0 80.0 243.0
person 1295.0 733.0 92.0 244.0
person 1668.0 653.0 92.0 212.0
person 844.0 525.0 45.0 121.0
person 879.0 501.0 57.0 151.0
person 798.0 544.0 58.0 146.0
person 936.0 531.0 64.0 148.0
person 940.0 510.0 50.0 131.0
person 996.0 508.0 62.0 146.0
person 996.0 530.0 58.0 140.0
person 1009.0 619.0 79.0 210.0
person 1023.0 625.0 88.0 197.0
person 1075.0 625.0 73.0 188.0
person 1003.0 597.0 63.0 177.0
person 1248.0 588.0 70.0 170.0
person 1246.0 587.0 61.0 164.0
person 1179.0 662.0 89.0 187.0
person 1235.0 696.0 65.0 145.0
person 1403.0 657.0 108.0 214.0
person 1194.0 728.0 89.0 251.0
person 1382.0 584.0 68.0 170.0
person 1477.0 618.0 81.0 194.0
person 1509.0 679.0 85.0 191.0
person 1.0 911.0 101.0 170.0
person 64.0 948.0 103.0 133.0
person 746.0 780.0 104.0 220.0
person 1081.0 768.0 131.0 235.0
person 1635.0 738.0 128.0 227.0
person 1809.0 710.0 90.0 232.0
person 1807.0 713.0 74.0 217.0
person 884.0 471.0 67.0 113.0
person 834.0 454.0 62.0 133.0
person 703.0 449.0 56.0 133.0
person 707.0 472.0 53.0 98.0
person 1370.0 440.0 46.0 92.0
person 1408.0 429.0 54.0 97.0
