person 481.0 648.0 104.0 224.0
person 604.0 643.0 97.0 235.0
person 737.0 648.0 69.0 205.0
person 393.0 910.0 138.0 171.0
person 566.0 924.0 104.0 156.0
person 1020.0 584.0 80.0 201.0
person 1060.0 584.0 65.0 205.0
person 1494.0 516.0 50.0 101.0
person 1160.0 606.0 73.0 196.0
person 1371.0 768.0 88.0 259.0
person 1259.0 766.0 111.0 256.0
person 852.0 542.0 45.0 122.0
person 895.0 508.0 60.0 156.0
person 817.0 559.0 57.0 149.0
person 979.0 541.0 57.0 155.0
person 945.0 521.0 50.0 146.0
person 994.0 515.0 58.0 152.0
person 1025.0 541.0 62.0 140.0
person 1113.0 643.0 105.0 218.0
person 1172.0 640.0 85.0 206.0
person 1224.0 643.0 73.0 187.0
person 1033.0 620.0 76.0 190.0
person 1352.0 599.0 70.0 170.0
person 1389.0 605.0 58.0 164.0
person 1362.0 671.0 94.0 195.0
person 1411.0 707.0 64.0 152.0
person 1564.0 664.0 117.0 215.0
person 1159.0 760.0 94.0 274.0
person 1448.0 599.0 78.0 184.0
person 1566.0 639.0 89.0 204.0
person 1707.0 684.0 86.0 196.0
person 39.0 872.0 111.0 208.0
person 127.0 903.0 105.0 177.0
person 24.0 1023.0 95.0 58.0
person 538.0 776.0 102.0 220.0
person 848.0 775.0 111.0 239.0
person 1463.0 715.0 61.0 227.0
person 1816.0 709.0 85.0 221.0
person 1601.0 702.0 97.0 229.0
person 1614.0 705.0 86.0 212.0
person 1683.0 709.0 73.0 194.0
person 933.0 487.0 66.0 115.0
person 882.0 465.0 62.0 133.0
person 746.0 462.0 64.0 133.0
person 774.0 475.0 50.0 98.0
person 747.0 460.0 48.0 110.0
person 755.0 461.0 48.0 121.0
person 1406.0 437.0 36.0 80.0
person 1415.0 433.0 54.0 96.0
