person 463.0 658.0 104.0 226.0
person 592.0 656.0 96.0 235.0
person 715.0 655.0 76.0 203.0
person 432.0 889.0 136.0 191.0
person 581.0 903.0 112.0 177.0
person 1050.0 591.0 80.0 204.0
person 1078.0 593.0 64.0 199.0
person 1492.0 519.0 50.0 100.0
person 1155.0 606.0 73.0 196.0
person 1371.0 749.0 84.0 248.0
person 1275.0 750.0 92.0 254.0
person 1753.0 662.0 118.0 208.0
person 847.0 537.0 45.0 122.0
person 887.0 503.0 59.0 153.0
person 805.0 551.0 57.0 148.0
person 954.0 536.0 65.0 149.0
person 943.0 516.0 50.0 138.0
person 988.0 514.0 62.0 152.0
person 1008.0 535.0 58.0 140.0
person 1050.0 634.0 105.0 222.0
person 1103.0 633.0 83.0 205.0
person 1152.0 639.0 69.0 187.0
person 1000.0 607.0 67.0 189.0
person 1308.0 595.0 70.0 170.0
person 1329.0 598.0 59.0 164.0
person 1283.0 669.0 84.0 192.0
person 1327.0 706.0 64.0 146.0
person 1487.0 663.0 112.0 214.0
person 1177.0 745.0 90.0 265.0
person 1419.0 594.0 76.0 184.0
person 1524.0 634.0 84.0 202.0
person 1612.0 682.0 105.0 193.0
person 11.0 890.0 109.0 190.0
person 93.0 921.0 104.0 159.0
person 626.0 776.0 101.0 221.0
person 952.0 767.0 110.0 241.0
person 1529.0 726.0 89.0 227.0
person 1694.0 704.0 88.0 230.0
person 1690.0 712.0 87.0 213.0
person 1769.0 710.0 70.0 200.0
person 883.0 477.0 116.0 118.0
person 864.0 461.0 62.0 133.0
person 731.0 455.0 53.0 134.0
person 751.0 472.0 48.0 98.0
person 722.0 456.0 49.0 112.0
person 728.0 454.0 48.0 122.0
person 1387.0 439.0 41.0 85.0
person 1411.0 435.0 54.0 97.0
