person 495.0 595.0 93.0 206.0
person 614.0 591.0 84.0 214.0
person 763.0 612.0 66.0 188.0
person 987.0 567.0 68.0 195.0
person 1046.0 568.0 65.0 190.0
person 1470.0 494.0 46.0 101.0
person 1146.0 586.0 74.0 182.0
person 1327.0 849.0 109.0 230.0
person 1222.0 848.0 123.0 233.0
person 873.0 562.0 45.0 122.0
person 920.0 528.0 61.0 164.0
person 869.0 578.0 58.0 167.0
person 1118.0 567.0 64.0 157.0
person 988.0 536.0 50.0 146.0
person 1047.0 532.0 66.0 166.0
person 1168.0 562.0 60.0 161.0
person 1556.0 657.0 137.0 227.0
person 1599.0 652.0 71.0 215.0
person 1631.0 655.0 92.0 208.0
person 1392.0 643.0 108.0 202.0
person 1493.0 633.0 111.0 205.0
person 1552.0 626.0 65.0 192.0
person 1760.0 692.0 118.0 202.0
person 1080.0 836.0 119.0 243.0
person 1608.0 633.0 80.0 188.0
person 195.0 797.0 113.0 265.0
person 308.0 817.0 106.0 264.0
person 196.0 901.0 105.0 180.0
person 255.0 765.0 77.0 220.0
person 344.0 769.0 102.0 245.0
person 1147.0 670.0 78.0 203.0
person 1438.0 677.0 100.0 220.0
person 1277.0 673.0 94.0 221.0
person 1290.0 683.0 72.0 195.0
person 1362.0 686.0 81.0 186.0
person 1510.0 751.0 82.0 142.0
person 1654.0 735.0 88.0 182.0
person 1657.0 697.0 98.0 214.0
person 1036.0 498.0 54.0 115.0
person 971.0 480.0 64.0 137.0
person 801.0 478.0 57.0 146.0
person 1393.0 545.0 77.0 173.0
person 930.0 481.0 44.0 100.0
person 874.0 466.0 58.0 116.0
person 808.0 456.0 56.0 122.0
person 760.0 459.0 58.0 121.0
person 748.0 457.0 43.0 116.0
person 764.0 444.0 46.0 119.0
person 902.0 463.0 48.0 113.0
person 1419.0 423.0 37.0 80.0
person 1420.0 419.0 52.0 89.0
