person 502.0 605.0 96.0 208.0
person 619.0 601.0 84.0 215.0
person 789.0 618.0 85.0 182.0
person 286.0 1006.0 111.0 74.0
person 986.0 562.0 69.0 194.0
person 1047.0 565.0 66.0 189.0
person 1493.0 499.0 46.0 100.0
person 1157.0 589.0 71.0 186.0
person 1340.0 820.0 108.0 259.0
person 1238.0 823.0 121.0 258.0
person 867.0 554.0 45.0 122.0
person 917.0 519.0 61.0 158.0
person 853.0 571.0 58.0 157.0
person 1061.0 554.0 68.0 154.0
person 978.0 527.0 50.0 146.0
person 1012.0 523.0 63.0 157.0
person 1116.0 550.0 60.0 161.0
person 1456.0 652.0 98.0 222.0
person 1474.0 650.0 79.0 208.0
person 1523.0 653.0 84.0 199.0
person 1311.0 628.0 64.0 200.0
person 1473.0 621.0 81.0 186.0
person 1527.0 622.0 62.0 181.0
person 1637.0 680.0 111.0 203.0
person 1701.0 716.0 72.0 157.0
person 1095.0 811.0 109.0 269.0
person 1569.0 612.0 80.0 187.0
person 1843.0 649.0 77.0 218.0
person 147.0 813.0 124.0 265.0
person 271.0 838.0 106.0 243.0
person 148.0 928.0 105.0 153.0
person 326.0 758.0 92.0 221.0
person 474.0 772.0 122.0 239.0
person 1208.0 673.0 77.0 209.0
person 1520.0 688.0 121.0 223.0
person 1363.0 677.0 83.0 230.0
person 1373.0 690.0 70.0 200.0
person 1434.0 694.0 88.0 191.0
person 1594.0 757.0 82.0 143.0
person 1759.0 738.0 92.0 182.0
person 1782.0 699.0 88.0 222.0
person 1013.0 488.0 54.0 115.0
person 949.0 472.0 60.0 137.0
person 793.0 473.0 57.0 136.0
person 1466.0 543.0 61.0 152.0
person 897.0 478.0 44.0 98.0
person 851.0 468.0 50.0 110.0
person 768.0 452.0 56.0 122.0
person 727.0 450.0 53.0 121.0
person 710.0 451.0 42.0 116.0
person 876.0 454.0 48.0 113.0
person 1420.0 422.0 36.0 80.0
person 1423.0 418.0 52.0 89.0
