person 470.0 583.0 89.0 195.0
person 590.0 581.0 82.0 205.0
person 687.0 608.0 79.0 182.0
person 990.0 573.0 68.0 199.0
person 1044.0 573.0 60.0 191.0
person 1426.0 501.0 46.0 104.0
person 1123.0 589.0 71.0 189.0
person 1309.0 897.0 111.0 184.0
person 1167.0 886.0 136.0 193.0
person 872.0 573.0 45.0 122.0
person 908.0 540.0 66.0 172.0
person 884.0 594.0 59.0 172.0
person 1196.0 577.0 66.0 158.0
person 1008.0 555.0 49.0 146.0
person 1094.0 547.0 67.0 175.0
person 1245.0 571.0 61.0 161.0
person 1719.0 667.0 125.0 239.0
person 1720.0 674.0 102.0 213.0
person 1758.0 676.0 120.0 206.0
person 1510.0 663.0 95.0 206.0
person 1547.0 656.0 99.0 201.0
person 1581.0 646.0 66.0 203.0
person 1040.0 880.0 117.0 201.0
person 1640.0 650.0 81.0 196.0
person 248.0 781.0 108.0 250.0
person 355.0 795.0 105.0 257.0
person 243.0 876.0 108.0 205.0
person 171.0 760.0 75.0 220.0
person 185.0 771.0 122.0 244.0
person 1049.0 653.0 85.0 203.0
person 1387.0 663.0 88.0 215.0
person 1172.0 670.0 100.0 214.0
person 1214.0 678.0 72.0 193.0
person 1248.0 677.0 86.0 178.0
person 1454.0 741.0 65.0 139.0
person 1489.0 730.0 88.0 190.0
person 1516.0 688.0 90.0 213.0
person 1052.0 510.0 53.0 115.0
person 985.0 492.0 67.0 137.0
person 808.0 492.0 58.0 146.0
person 1299.0 547.0 78.0 174.0
person 954.0 492.0 45.0 106.0
person 894.0 476.0 58.0 116.0
person 830.0 462.0 56.0 131.0
person 783.0 467.0 58.0 114.0
person 751.0 462.0 49.0 121.0
person 821.0 450.0 46.0 119.0
person 760.0 443.0 44.0 122.0
person 741.0 434.0 44.0 134.0
person 916.0 471.0 48.0 113.0
person 1421.0 427.0 37.0 80.0
person 1416.0 420.0 52.0 89.0
