person 501.0 606.0 99.0 208.0
person 618.0 604.0 84.0 218.0
person 796.0 616.0 76.0 185.0
person 294.0 998.0 118.0 82.0
person 489.0 1008.0 118.0 73.0
person 985.0 563.0 70.0 194.0
person 1046.0 565.0 66.0 189.0
person 1496.0 500.0 46.0 100.0
person 1158.0 590.0 71.0 187.0
person 1341.0 815.0 109.0 265.0
person 1239.0 817.0 121.0 262.0
person 866.0 552.0 45.0 122.0
person 919.0 518.0 59.0 158.0
person 849.0 569.0 58.0 156.0
person 1052.0 552.0 66.0 154.0
person 974.0 527.0 50.0 146.0
person 1007.0 521.0 62.0 157.0
person 1107.0 549.0 60.0 160.0
person 1422.0 650.0 101.0 222.0
person 1447.0 650.0 82.0 206.0
person 1499.0 652.0 87.0 199.0
person 1275.0 632.0 88.0 195.0
person 1468.0 620.0 80.0 181.0
person 1519.0 621.0 61.0 181.0
person 1613.0 678.0 110.0 202.0
person 1679.0 714.0 72.0 155.0
person 1095.0 805.0 108.0 275.0
person 1563.0 611.0 79.0 186.0
person 1811.0 650.0 81.0 216.0
person 137.0 817.0 126.0 263.0
person 262.0 844.0 105.0 237.0
person 138.0 934.0 105.0 147.0
person 332.0 758.0 99.0 221.0
person 491.0 771.0 141.0 238.0
person 1226.0 676.0 77.0 209.0
person 1531.0 693.0 115.0 223.0
person 1371.0 679.0 92.0 229.0
person 1391.0 691.0 70.0 200.0
person 1448.0 696.0 90.0 191.0
person 1616.0 758.0 82.0 143.0
person 1780.0 738.0 92.0 182.0
person 1809.0 703.0 81.0 230.0
person 1006.0 486.0 54.0 115.0
person 944.0 471.0 61.0 136.0
person 791.0 473.0 57.0 136.0
person 1480.0 543.0 62.0 151.0
person 889.0 476.0 44.0 98.0
person 845.0 466.0 50.0 110.0
person 760.0 450.0 56.0 122.0
person 720.0 447.0 49.0 121.0
person 864.0 453.0 48.0 113.0
person 1421.0 422.0 36.0 80.0
person 1424.0 418.0 52.0 89.0
