person 487.0 584.0 90.0 206.0
person 604.0 589.0 84.0 206.0
person 737.0 609.0 69.0 192.0
person 987.0 570.0 68.0 197.0
person 1045.0 568.0 62.0 191.0
person 1454.0 495.0 46.0 101.0
person 1133.0 586.0 74.0 183.0
person 1323.0 874.0 117.0 207.0
person 1198.0 865.0 133.0 216.0
person 873.0 566.0 45.0 122.0
person 915.0 533.0 63.0 168.0
person 876.0 586.0 58.0 167.0
person 1151.0 569.0 65.0 158.0
person 993.0 541.0 50.0 146.0
person 1070.0 535.0 68.0 175.0
person 1198.0 567.0 61.0 161.0
person 1620.0 657.0 134.0 235.0
person 1648.0 658.0 86.0 214.0
person 1691.0 663.0 97.0 211.0
person 1458.0 649.0 85.0 202.0
person 1508.0 641.0 118.0 208.0
person 1558.0 632.0 64.0 203.0
person 1066.0 853.0 119.0 226.0
person 1627.0 638.0 80.0 194.0
person 219.0 789.0 109.0 262.0
person 328.0 809.0 104.0 257.0
person 218.0 889.0 105.0 192.0
person 199.0 760.0 94.0 221.0
person 266.0 773.0 131.0 238.0
person 1107.0 665.0 77.0 203.0
person 1414.0 671.0 94.0 220.0
person 1235.0 668.0 86.0 222.0
person 1253.0 680.0 73.0 193.0
person 1317.0 680.0 79.0 185.0
person 1480.0 746.0 77.0 140.0
person 1575.0 732.0 94.0 183.0
person 1585.0 689.0 98.0 214.0
person 1043.0 503.0 53.0 115.0
person 977.0 485.0 68.0 137.0
person 804.0 482.0 57.0 146.0
person 1352.0 543.0 78.0 173.0
person 941.0 486.0 45.0 106.0
person 882.0 466.0 58.0 116.0
person 827.0 460.0 56.0 122.0
person 776.0 463.0 58.0 113.0
person 751.0 459.0 49.0 121.0
person 791.0 447.0 45.0 119.0
person 729.0 439.0 44.0 122.0
person 911.0 468.0 48.0 113.0
person 1420.0 425.0 37.0 80.0
person 1419.0 420.0 52.0 89.0
