person 495.0 601.0 96.0 206.0
person 615.0 594.0 84.0 215.0
person 773.0 613.0 70.0 186.0
person 987.0 565.0 68.0 195.0
person 1050.0 569.0 65.0 188.0
person 1478.0 495.0 46.0 101.0
person 1151.0 587.0 74.0 181.0
person 1335.0 840.0 105.0 239.0
person 1228.0 841.0 125.0 240.0
person 872.0 560.0 45.0 122.0
person 920.0 527.0 60.0 163.0
person 865.0 576.0 58.0 164.0
person 1101.0 563.0 67.0 156.0
person 986.0 534.0 49.0 146.0
person 1034.0 531.0 66.0 160.0
person 1153.0 558.0 60.0 161.0
person 1544.0 654.0 121.0 225.0
person 1568.0 651.0 71.0 214.0
person 1605.0 654.0 91.0 205.0
person 1371.0 641.0 93.0 201.0
person 1488.0 629.0 97.0 205.0
person 1551.0 624.0 65.0 184.0
person 1725.0 690.0 124.0 202.0
person 1088.0 830.0 116.0 249.0
person 1600.0 628.0 80.0 187.0
person 183.0 801.0 115.0 265.0
person 304.0 822.0 103.0 259.0
person 183.0 909.0 105.0 172.0
person 275.0 761.0 88.0 221.0
person 375.0 771.0 144.0 241.0
person 1164.0 663.0 78.0 209.0
person 1453.0 679.0 105.0 220.0
person 1302.0 674.0 92.0 222.0
person 1311.0 686.0 71.0 197.0
person 1385.0 688.0 81.0 188.0
person 1529.0 754.0 82.0 143.0
person 1669.0 737.0 103.0 181.0
person 1697.0 702.0 97.0 214.0
person 1033.0 495.0 54.0 115.0
person 969.0 478.0 61.0 137.0
person 800.0 476.0 57.0 142.0
person 1414.0 546.0 76.0 173.0
person 923.0 479.0 44.0 98.0
person 869.0 466.0 57.0 115.0
person 798.0 455.0 57.0 122.0
person 751.0 457.0 58.0 121.0
person 739.0 455.0 42.0 116.0
person 749.0 442.0 46.0 119.0
person 897.0 460.0 49.0 113.0
person 1419.0 423.0 36.0 80.0
person 1421.0 419.0 52.0 89.0
