person 449.0 573.0 89.0 194.0
person 567.0 568.0 76.0 204.0
person 628.0 606.0 73.0 182.0
person 997.0 573.0 68.0 203.0
person 1061.0 578.0 61.0 194.0
person 1401.0 504.0 46.0 104.0
person 1130.0 591.0 69.0 193.0
person 1277.0 927.0 122.0 154.0
person 1141.0 923.0 134.0 157.0
person 861.0 593.0 50.0 126.0
person 911.0 548.0 65.0 172.0
person 894.0 604.0 70.0 174.0
person 1263.0 584.0 66.0 158.0
person 1054.0 568.0 52.0 147.0
person 1133.0 559.0 82.0 176.0
person 1319.0 580.0 61.0 161.0
person 1593.0 674.0 72.0 220.0
person 1627.0 666.0 92.0 211.0
person 1614.0 659.0 66.0 203.0
person 1008.0 916.0 117.0 165.0
person 1683.0 666.0 81.0 203.0
person 286.0 765.0 105.0 257.0
person 380.0 783.0 103.0 246.0
person 277.0 853.0 120.0 228.0
person 158.0 758.0 72.0 227.0
person 167.0 767.0 78.0 258.0
person 991.0 641.0 76.0 203.0
person 1392.0 654.0 87.0 206.0
person 1144.0 668.0 82.0 216.0
person 1185.0 681.0 70.0 194.0
person 1175.0 668.0 70.0 175.0
person 1454.0 734.0 66.0 139.0
person 1393.0 720.0 89.0 182.0
person 1452.0 686.0 77.0 212.0
person 1064.0 522.0 58.0 117.0
person 1000.0 505.0 69.0 136.0
person 818.0 502.0 58.0 146.0
person 1230.0 551.0 78.0 176.0
person 977.0 500.0 38.0 106.0
person 911.0 485.0 58.0 116.0
person 849.0 470.0 56.0 131.0
person 788.0 473.0 58.0 122.0
person 752.0 471.0 49.0 122.0
person 865.0 454.0 48.0 118.0
person 809.0 451.0 46.0 122.0
person 785.0 441.0 42.0 133.0
person 755.0 453.0 45.0 121.0
person 935.0 478.0 48.0 113.0
person 1423.0 430.0 37.0 80.0
person 1422.0 422.0 52.0 89.0
