person 497.0 628.0 103.0 214.0
person 616.0 626.0 86.0 224.0
person 777.0 629.0 70.0 197.0
person 327.0 951.0 149.0 130.0
person 524.0 960.0 120.0 121.0
person 979.0 572.0 79.0 194.0
person 1041.0 574.0 65.0 189.0
person 1499.0 510.0 48.0 101.0
person 1161.0 598.0 71.0 193.0
person 1359.0 790.0 99.0 273.0
person 1248.0 786.0 114.0 268.0
person 859.0 546.0 45.0 122.0
person 909.0 510.0 60.0 158.0
person 835.0 564.0 57.0 155.0
person 999.0 544.0 65.0 158.0
person 960.0 521.0 50.0 146.0
person 998.0 516.0 57.0 154.0
person 1059.0 543.0 64.0 153.0
person 1265.0 642.0 89.0 221.0
person 1308.0 644.0 80.0 206.0
person 1349.0 649.0 81.0 190.0
person 1145.0 625.0 75.0 189.0
person 1425.0 612.0 71.0 188.0
person 1459.0 612.0 60.0 175.0
person 1470.0 672.0 102.0 200.0
person 1544.0 708.0 65.0 152.0
person 1709.0 666.0 118.0 215.0
person 1116.0 778.0 108.0 284.0
person 1513.0 604.0 77.0 185.0
person 1659.0 647.0 90.0 214.0
person 84.0 843.0 112.0 236.0
person 190.0 872.0 106.0 209.0
person 81.0 977.0 104.0 103.0
person 430.0 768.0 93.0 220.0
person 676.0 774.0 134.0 242.0
person 1337.0 702.0 78.0 222.0
person 1671.0 705.0 112.0 223.0
person 1495.0 689.0 108.0 230.0
person 1497.0 693.0 85.0 212.0
person 1563.0 705.0 89.0 187.0
person 1744.0 770.0 82.0 143.0
person 960.0 485.0 63.0 115.0
person 912.0 469.0 62.0 133.0
person 769.0 467.0 57.0 136.0
person 1550.0 532.0 59.0 152.0
person 828.0 478.0 46.0 98.0
person 798.0 460.0 49.0 110.0
person 709.0 448.0 56.0 114.0
person 803.0 459.0 48.0 121.0
person 1415.0 429.0 36.0 80.0
person 1423.0 422.0 53.0 91.0
