person 501.0 614.0 101.0 215.0
person 616.0 615.0 86.0 224.0
person 786.0 621.0 69.0 197.0
person 319.0 965.0 132.0 115.0
person 476.0 979.0 155.0 102.0
person 982.0 568.0 75.0 194.0
person 1038.0 571.0 66.0 185.0
person 1502.0 505.0 47.0 100.0
person 1160.0 593.0 70.0 192.0
person 1363.0 799.0 100.0 275.0
person 1246.0 801.0 104.0 268.0
person 862.0 548.0 45.0 122.0
person 918.0 514.0 56.0 158.0
person 841.0 567.0 58.0 155.0
person 1021.0 546.0 65.0 158.0
person 963.0 525.0 50.0 146.0
person 997.0 516.0 60.0 156.0
person 1084.0 545.0 61.0 155.0
person 1331.0 644.0 88.0 223.0
person 1373.0 648.0 82.0 205.0
person 1415.0 649.0 85.0 195.0
person 1189.0 629.0 99.0 192.0
person 1452.0 615.0 80.0 181.0
person 1487.0 609.0 60.0 181.0
person 1531.0 673.0 103.0 200.0
person 1601.0 711.0 73.0 151.0
person 1797.0 661.0 114.0 215.0
person 1105.0 789.0 108.0 283.0
person 1541.0 606.0 77.0 185.0
person 1713.0 650.0 88.0 212.0
person 107.0 831.0 116.0 248.0
person 223.0 861.0 106.0 220.0
person 103.0 959.0 106.0 121.0
person 396.0 766.0 78.0 221.0
person 585.0 772.0 137.0 239.0
person 1280.0 688.0 77.0 217.0
person 1596.0 693.0 118.0 223.0
person 1445.0 684.0 97.0 229.0
person 1452.0 690.0 71.0 212.0
person 1514.0 704.0 89.0 187.0
person 1689.0 762.0 82.0 143.0
person 982.0 483.0 57.0 115.0
person 929.0 467.0 62.0 133.0
person 777.0 469.0 57.0 136.0
person 1522.0 540.0 58.0 151.0
person 857.0 476.0 46.0 98.0
person 824.0 460.0 50.0 110.0
person 732.0 447.0 56.0 122.0
person 829.0 455.0 48.0 119.0
person 1419.0 426.0 36.0 80.0
person 1426.0 418.0 52.0 89.0
