person 501.0 622.0 101.0 214.0
person 616.0 620.0 86.0 224.0
person 781.0 625.0 71.0 196.0
person 317.0 960.0 143.0 121.0
person 511.0 969.0 128.0 112.0
person 980.0 570.0 78.0 194.0
person 1038.0 572.0 66.0 187.0
person 1500.0 507.0 48.0 101.0
person 1160.0 595.0 71.0 193.0
person 1361.0 795.0 100.0 275.0
person 1245.0 794.0 111.0 268.0
person 861.0 547.0 45.0 122.0
person 913.0 511.0 58.0 158.0
person 840.0 566.0 58.0 155.0
person 1011.0 545.0 65.0 158.0
person 962.0 523.0 49.0 146.0
person 998.0 516.0 58.0 155.0
person 1073.0 544.0 62.0 154.0
person 1303.0 651.0 87.0 222.0
person 1344.0 646.0 81.0 205.0
person 1385.0 648.0 81.0 193.0
person 1160.0 629.0 98.0 190.0
person 1440.0 614.0 77.0 183.0
person 1474.0 610.0 60.0 178.0
person 1502.0 673.0 100.0 200.0
person 1574.0 710.0 71.0 151.0
person 1757.0 663.0 116.0 215.0
person 1110.0 784.0 108.0 284.0
person 1529.0 605.0 77.0 185.0
person 1683.0 649.0 88.0 212.0
person 97.0 836.0 112.0 243.0
person 208.0 866.0 106.0 215.0
person 93.0 967.0 105.0 113.0
person 408.0 767.0 87.0 220.0
person 635.0 769.0 103.0 245.0
person 1307.0 694.0 77.0 221.0
person 1648.0 695.0 87.0 223.0
person 1467.0 686.0 90.0 229.0
person 1472.0 691.0 78.0 212.0
person 1536.0 704.0 89.0 187.0
person 1714.0 767.0 82.0 143.0
person 972.0 484.0 60.0 115.0
person 921.0 467.0 62.0 133.0
person 773.0 468.0 57.0 136.0
person 1535.0 537.0 58.0 151.0
person 845.0 478.0 46.0 98.0
person 812.0 460.0 50.0 110.0
person 722.0 447.0 56.0 120.0
person 816.0 456.0 48.0 121.0
person 1417.0 427.0 36.0 80.0
person 1426.0 419.0 52.0 89.0
