person 469.0 583.0 89.0 194.0
person 589.0 580.0 82.0 206.0
person 687.0 609.0 76.0 181.0
person 990.0 573.0 68.0 199.0
person 1043.0 574.0 60.0 190.0
person 1424.0 502.0 46.0 103.0
person 1123.0 589.0 71.0 190.0
person 1306.0 899.0 112.0 182.0
person 1165.0 888.0 135.0 191.0
person 871.0 574.0 46.0 122.0
person 908.0 540.0 66.0 172.0
person 884.0 595.0 60.0 172.0
person 1199.0 577.0 66.0 158.0
person 1009.0 556.0 49.0 146.0
person 1096.0 547.0 68.0 175.0
person 1250.0 572.0 61.0 161.0
person 1725.0 668.0 130.0 240.0
person 1728.0 675.0 100.0 214.0
person 1762.0 677.0 122.0 206.0
person 1513.0 664.0 95.0 206.0
person 1555.0 658.0 97.0 202.0
person 1582.0 647.0 66.0 203.0
person 1038.0 882.0 117.0 199.0
person 1641.0 651.0 81.0 196.0
person 250.0 781.0 108.0 248.0
person 356.0 794.0 105.0 256.0
person 245.0 875.0 108.0 206.0
person 171.0 759.0 73.0 220.0
person 184.0 770.0 116.0 246.0
person 1045.0 652.0 85.0 203.0
person 1386.0 663.0 88.0 215.0
person 1169.0 670.0 98.0 214.0
person 1212.0 678.0 72.0 193.0
person 1242.0 677.0 88.0 177.0
person 1452.0 741.0 65.0 139.0
person 1486.0 730.0 82.0 190.0
person 1511.0 688.0 90.0 213.0
person 1053.0 511.0 53.0 115.0
person 986.0 493.0 66.0 136.0
person 808.0 492.0 58.0 146.0
person 1295.0 547.0 78.0 174.0
person 955.0 492.0 45.0 106.0
person 894.0 477.0 58.0 116.0
person 831.0 463.0 56.0 131.0
person 783.0 467.0 58.0 115.0
person 751.0 463.0 49.0 121.0
person 824.0 450.0 46.0 119.0
person 763.0 444.0 44.0 122.0
person 743.0 434.0 44.0 134.0
person 917.0 471.0 48.0 113.0
person 1422.0 428.0 37.0 80.0
person 1416.0 420.0 52.0 89.0
