person 495.0 601.0 96.0 206.0
person 616.0 594.0 84.0 215.0
person 773.0 614.0 73.0 185.0
person 987.0 564.0 68.0 195.0
person 1051.0 570.0 65.0 187.0
person 1480.0 495.0 46.0 101.0
person 1152.0 587.0 74.0 181.0
person 1337.0 839.0 104.0 240.0
person 1229.0 839.0 125.0 242.0
person 871.0 560.0 45.0 122.0
person 920.0 527.0 60.0 162.0
person 865.0 575.0 58.0 164.0
person 1097.0 562.0 68.0 156.0
person 985.0 533.0 50.0 146.0
person 1032.0 531.0 65.0 159.0
person 1150.0 557.0 60.0 161.0
person 1544.0 653.0 116.0 224.0
person 1561.0 651.0 72.0 213.0
person 1602.0 654.0 87.0 205.0
person 1366.0 640.0 91.0 201.0
person 1487.0 628.0 94.0 206.0
person 1551.0 624.0 65.0 182.0
person 1719.0 690.0 125.0 202.0
person 1090.0 829.0 115.0 250.0
person 1598.0 626.0 80.0 187.0
person 180.0 802.0 116.0 265.0
person 304.0 823.0 102.0 258.0
person 180.0 910.0 105.0 171.0
person 279.0 760.0 90.0 221.0
person 379.0 772.0 144.0 240.0
person 1168.0 664.0 78.0 209.0
person 1455.0 680.0 108.0 220.0
person 1305.0 674.0 92.0 223.0
person 1315.0 686.0 71.0 198.0
person 1389.0 688.0 81.0 189.0
person 1533.0 755.0 82.0 143.0
person 1672.0 737.0 104.0 181.0
person 1702.0 701.0 97.0 214.0
person 1032.0 495.0 54.0 115.0
person 967.0 477.0 61.0 137.0
person 800.0 476.0 57.0 141.0
person 1419.0 547.0 76.0 173.0
person 921.0 479.0 44.0 98.0
person 868.0 466.0 56.0 115.0
person 797.0 455.0 57.0 122.0
person 750.0 456.0 57.0 121.0
person 737.0 455.0 42.0 116.0
person 746.0 442.0 46.0 119.0
person 897.0 460.0 48.0 113.0
person 1419.0 422.0 36.0 80.0
person 1421.0 419.0 52.0 89.0
