person 501.0 616.0 101.0 215.0
person 616.0 617.0 86.0 224.0
person 784.0 623.0 69.0 197.0
person 318.0 963.0 136.0 117.0
person 490.0 975.0 144.0 106.0
person 981.0 569.0 76.0 194.0
person 1037.0 572.0 66.0 185.0
person 1501.0 506.0 48.0 100.0
person 1160.0 594.0 71.0 192.0
person 1362.0 797.0 100.0 275.0
person 1246.0 798.0 107.0 268.0
person 861.0 548.0 45.0 122.0
person 916.0 513.0 57.0 158.0
person 841.0 567.0 58.0 155.0
person 1017.0 546.0 65.0 158.0
person 963.0 524.0 49.0 146.0
person 997.0 516.0 59.0 155.0
person 1080.0 545.0 61.0 154.0
person 1319.0 646.0 88.0 223.0
person 1362.0 647.0 81.0 205.0
person 1403.0 648.0 83.0 195.0
person 1177.0 629.0 99.0 191.0
person 1448.0 614.0 79.0 182.0
person 1481.0 609.0 60.0 180.0
person 1520.0 673.0 101.0 200.0
person 1589.0 711.0 74.0 151.0
person 1781.0 662.0 115.0 215.0
person 1107.0 787.0 108.0 284.0
person 1536.0 605.0 77.0 185.0
person 1701.0 650.0 88.0 212.0
person 103.0 833.0 115.0 246.0
person 217.0 863.0 106.0 218.0
person 99.0 962.0 106.0 118.0
person 401.0 766.0 81.0 221.0
person 605.0 771.0 123.0 241.0
person 1291.0 690.0 77.0 219.0
person 1617.0 694.0 105.0 223.0
person 1454.0 685.0 94.0 229.0
person 1460.0 690.0 74.0 212.0
person 1523.0 704.0 88.0 187.0
person 1699.0 764.0 82.0 143.0
person 978.0 484.0 58.0 115.0
person 926.0 467.0 62.0 133.0
person 776.0 469.0 57.0 136.0
person 1527.0 539.0 58.0 151.0
person 852.0 477.0 46.0 98.0
person 819.0 460.0 50.0 110.0
person 728.0 447.0 56.0 122.0
person 824.0 455.0 48.0 120.0
person 1418.0 426.0 36.0 80.0
person 1426.0 418.0 52.0 89.0
