person 501.0 613.0 101.0 215.0
person 616.0 614.0 86.0 224.0
person 787.0 620.0 69.0 197.0
person 317.0 967.0 131.0 113.0
person 469.0 981.0 160.0 100.0
person 982.0 568.0 75.0 194.0
person 1038.0 570.0 66.0 186.0
person 1502.0 504.0 47.0 101.0
person 1160.0 593.0 70.0 191.0
person 1361.0 799.0 100.0 275.0
person 1246.0 802.0 103.0 268.0
person 862.0 548.0 45.0 122.0
person 919.0 514.0 55.0 158.0
person 842.0 567.0 58.0 155.0
person 1023.0 546.0 65.0 158.0
person 963.0 525.0 50.0 146.0
person 997.0 516.0 60.0 156.0
person 1087.0 546.0 60.0 155.0
person 1340.0 644.0 91.0 223.0
person 1378.0 648.0 82.0 205.0
person 1421.0 649.0 86.0 196.0
person 1195.0 629.0 99.0 193.0
person 1453.0 615.0 80.0 181.0
person 1489.0 610.0 60.0 181.0
person 1537.0 673.0 103.0 200.0
person 1606.0 711.0 74.0 151.0
person 1104.0 790.0 108.0 283.0
person 1544.0 606.0 77.0 185.0
person 1719.0 651.0 88.0 212.0
person 110.0 830.0 116.0 249.0
person 226.0 860.0 106.0 221.0
person 105.0 957.0 106.0 123.0
person 389.0 765.0 82.0 221.0
person 575.0 773.0 144.0 238.0
person 1274.0 688.0 78.0 215.0
person 1595.0 693.0 118.0 223.0
person 1441.0 684.0 98.0 229.0
person 1448.0 690.0 70.0 212.0
person 1509.0 704.0 89.0 187.0
person 1683.0 761.0 82.0 143.0
person 984.0 483.0 57.0 115.0
person 930.0 467.0 62.0 134.0
person 778.0 469.0 57.0 136.0
person 1519.0 540.0 59.0 151.0
person 860.0 476.0 45.0 98.0
person 825.0 460.0 50.0 110.0
person 734.0 447.0 56.0 122.0
person 831.0 455.0 48.0 118.0
person 1419.0 425.0 36.0 80.0
person 1426.0 418.0 52.0 89.0
