person 482.0 583.0 90.0 205.0
person 598.0 587.0 83.0 202.0
person 717.0 608.0 68.0 193.0
person 987.0 573.0 68.0 197.0
person 1046.0 569.0 61.0 190.0
person 1442.0 498.0 46.0 102.0
person 1125.0 587.0 74.0 184.0
person 1319.0 884.0 113.0 197.0
person 1181.0 875.0 141.0 205.0
person 873.0 569.0 45.0 122.0
person 911.0 536.0 65.0 170.0
person 879.0 589.0 58.0 170.0
person 1171.0 572.0 65.0 158.0
person 999.0 547.0 49.0 146.0
person 1080.0 540.0 67.0 175.0
person 1217.0 569.0 61.0 161.0
person 1662.0 660.0 119.0 236.0
person 1678.0 662.0 95.0 213.0
person 1722.0 668.0 107.0 210.0
person 1470.0 655.0 90.0 205.0
person 1523.0 646.0 103.0 214.0
person 1567.0 639.0 66.0 203.0
person 1057.0 865.0 118.0 215.0
person 1634.0 642.0 80.0 196.0
person 231.0 786.0 109.0 256.0
person 340.0 803.0 104.0 257.0
person 229.0 884.0 105.0 197.0
person 180.0 762.0 86.0 220.0
person 228.0 772.0 123.0 239.0
person 1082.0 660.0 80.0 203.0
person 1403.0 668.0 88.0 217.0
person 1206.0 668.0 94.0 218.0
person 1234.0 680.0 73.0 193.0
person 1291.0 676.0 77.0 185.0
person 1470.0 745.0 69.0 139.0
person 1544.0 729.0 82.0 190.0
person 1554.0 688.0 92.0 215.0
person 1047.0 506.0 53.0 115.0
person 981.0 488.0 69.0 137.0
person 805.0 486.0 58.0 146.0
person 1329.0 545.0 78.0 173.0
person 946.0 488.0 45.0 106.0
person 888.0 470.0 58.0 116.0
person 828.0 461.0 56.0 125.0
person 780.0 465.0 58.0 113.0
person 751.0 460.0 49.0 121.0
person 803.0 448.0 46.0 119.0
person 742.0 441.0 44.0 122.0
person 913.0 469.0 48.0 113.0
person 1421.0 426.0 37.0 80.0
person 1418.0 420.0 52.0 89.0
