person 500.0 602.0 96.0 207.0
person 618.0 599.0 84.0 215.0
person 780.0 619.0 92.0 181.0
person 287.0 1015.0 101.0 65.0
person 987.0 561.0 68.0 194.0
person 1047.0 566.0 65.0 190.0
person 1489.0 497.0 46.0 101.0
person 1156.0 589.0 72.0 183.0
person 1341.0 826.0 105.0 253.0
person 1236.0 828.0 123.0 253.0
person 869.0 556.0 45.0 122.0
person 917.0 521.0 62.0 160.0
person 857.0 573.0 58.0 157.0
person 1070.0 556.0 71.0 154.0
person 981.0 529.0 49.0 146.0
person 1017.0 526.0 64.0 157.0
person 1125.0 551.0 60.0 161.0
person 1487.0 652.0 101.0 222.0
person 1501.0 650.0 77.0 210.0
person 1547.0 654.0 81.0 199.0
person 1327.0 633.0 71.0 200.0
person 1477.0 623.0 83.0 194.0
person 1535.0 622.0 63.0 181.0
person 1662.0 683.0 115.0 203.0
person 1729.0 717.0 72.0 158.0
person 1095.0 817.0 111.0 263.0
person 1581.0 616.0 80.0 187.0
person 157.0 810.0 122.0 265.0
person 281.0 833.0 106.0 248.0
person 158.0 923.0 105.0 158.0
person 319.0 757.0 85.0 221.0
person 456.0 770.0 99.0 241.0
person 1198.0 672.0 77.0 209.0
person 1499.0 684.0 114.0 221.0
person 1345.0 676.0 85.0 228.0
person 1355.0 689.0 70.0 200.0
person 1421.0 692.0 86.0 191.0
person 1573.0 756.0 82.0 143.0
person 1739.0 739.0 92.0 182.0
person 1755.0 696.0 96.0 214.0
person 1019.0 490.0 54.0 115.0
person 955.0 474.0 60.0 137.0
person 796.0 473.0 57.0 136.0
person 1451.0 544.0 62.0 154.0
person 905.0 478.0 44.0 98.0
person 857.0 468.0 50.0 111.0
person 777.0 453.0 56.0 122.0
person 735.0 453.0 56.0 121.0
person 718.0 452.0 42.0 116.0
person 887.0 455.0 49.0 113.0
person 1419.0 422.0 36.0 80.0
person 1423.0 419.0 52.0 89.0
