person 464.0 580.0 89.0 194.0
person 584.0 577.0 81.0 207.0
person 672.0 609.0 64.0 181.0
person 992.0 573.0 68.0 201.0
person 1046.0 575.0 60.0 192.0
person 1414.0 504.0 46.0 104.0
person 1123.0 591.0 69.0 193.0
person 1291.0 908.0 119.0 173.0
person 1157.0 896.0 129.0 184.0
person 868.0 579.0 47.0 124.0
person 911.0 542.0 66.0 173.0
person 884.0 597.0 65.0 172.0
person 1218.0 579.0 66.0 158.0
person 1015.0 561.0 49.0 146.0
person 1104.0 550.0 74.0 175.0
person 1272.0 573.0 61.0 161.0
person 1771.0 684.0 89.0 214.0
person 1528.0 667.0 99.0 212.0
person 1569.0 659.0 98.0 208.0
person 1591.0 650.0 66.0 203.0
person 1026.0 891.0 117.0 190.0
person 1651.0 654.0 81.0 199.0
person 261.0 777.0 107.0 249.0
person 362.0 791.0 106.0 252.0
person 253.0 868.0 113.0 213.0
person 159.0 758.0 72.0 225.0
person 175.0 768.0 97.0 251.0
person 1029.0 649.0 82.0 203.0
person 1384.0 660.0 88.0 213.0
person 1160.0 670.0 90.0 214.0
person 1202.0 676.0 70.0 194.0
person 1220.0 676.0 86.0 175.0
person 1449.0 739.0 66.0 139.0
person 1461.0 729.0 74.0 186.0
person 1489.0 688.0 89.0 212.0
person 1056.0 514.0 55.0 115.0
person 988.0 495.0 66.0 137.0
person 810.0 495.0 58.0 146.0
person 1276.0 548.0 78.0 175.0
person 960.0 494.0 46.0 107.0
person 898.0 480.0 58.0 116.0
person 836.0 464.0 56.0 131.0
person 783.0 468.0 57.0 118.0
person 751.0 464.0 49.0 121.0
person 837.0 450.0 46.0 119.0
person 777.0 446.0 45.0 122.0
person 753.0 436.0 43.0 133.0
person 923.0 473.0 48.0 113.0
person 1422.0 428.0 37.0 80.0
person 1416.0 421.0 52.0 89.0
