person 488.0 585.0 90.0 206.0
person 605.0 589.0 84.0 207.0
person 739.0 610.0 72.0 191.0
person 987.0 570.0 68.0 196.0
person 1045.0 568.0 62.0 191.0
person 1456.0 494.0 46.0 102.0
person 1135.0 586.0 74.0 183.0
person 1324.0 873.0 118.0 208.0
person 1202.0 863.0 131.0 218.0
person 873.0 566.0 45.0 122.0
person 915.0 533.0 63.0 167.0
person 875.0 585.0 58.0 167.0
person 1148.0 569.0 65.0 158.0
person 993.0 541.0 49.0 146.0
person 1068.0 534.0 68.0 175.0
person 1195.0 566.0 61.0 161.0
person 1615.0 657.0 133.0 233.0
person 1643.0 658.0 85.0 214.0
person 1685.0 662.0 95.0 211.0
person 1449.0 649.0 90.0 202.0
person 1506.0 641.0 120.0 206.0
person 1556.0 631.0 64.0 203.0
person 1067.0 851.0 120.0 228.0
person 1625.0 637.0 80.0 194.0
person 217.0 790.0 109.0 262.0
person 327.0 810.0 103.0 257.0
person 216.0 890.0 105.0 191.0
person 202.0 760.0 96.0 221.0
person 269.0 774.0 141.0 238.0
person 1111.0 666.0 77.0 202.0
person 1415.0 671.0 96.0 220.0
person 1238.0 668.0 88.0 222.0
person 1256.0 680.0 73.0 193.0
person 1322.0 680.0 79.0 185.0
person 1482.0 747.0 78.0 139.0
person 1581.0 733.0 95.0 181.0
person 1590.0 689.0 99.0 214.0
person 1042.0 502.0 53.0 115.0
person 977.0 484.0 67.0 137.0
person 803.0 482.0 57.0 146.0
person 1356.0 543.0 78.0 173.0
person 940.0 485.0 45.0 106.0
person 881.0 466.0 58.0 116.0
person 825.0 459.0 56.0 122.0
person 776.0 463.0 58.0 113.0
person 751.0 459.0 49.0 121.0
person 789.0 446.0 45.0 119.0
person 727.0 439.0 44.0 122.0
person 911.0 468.0 48.0 113.0
person 1420.0 425.0 37.0 80.0
person 1419.0 420.0 52.0 89.0
