person 500.0 608.0 102.0 211.0
person 616.0 608.0 86.0 223.0
person 793.0 616.0 69.0 197.0
person 308.0 985.0 126.0 95.0
person 476.0 995.0 141.0 86.0
person 983.0 565.0 73.0 194.0
person 1043.0 568.0 66.0 187.0
person 1501.0 502.0 46.0 100.0
person 1159.0 591.0 70.0 189.0
person 1352.0 805.0 102.0 275.0
person 1240.0 809.0 118.0 268.0
person 864.0 549.0 45.0 122.0
person 921.0 517.0 55.0 158.0
person 843.0 567.0 58.0 155.0
person 1038.0 549.0 66.0 156.0
person 969.0 526.0 50.0 146.0
person 999.0 517.0 61.0 157.0
person 1097.0 547.0 60.0 159.0
person 1374.0 648.0 103.0 222.0
person 1414.0 649.0 82.0 205.0
person 1463.0 651.0 92.0 199.0
person 1237.0 631.0 99.0 195.0
person 1461.0 618.0 80.0 181.0
person 1505.0 617.0 61.0 181.0
person 1578.0 675.0 107.0 200.0
person 1647.0 711.0 72.0 152.0
person 1099.0 798.0 108.0 279.0
person 1555.0 609.0 78.0 185.0
person 1763.0 652.0 87.0 213.0
person 125.0 823.0 121.0 257.0
person 247.0 852.0 105.0 229.0
person 122.0 945.0 106.0 136.0
person 343.0 760.0 109.0 221.0
person 540.0 765.0 122.0 238.0
person 1246.0 682.0 78.0 209.0
person 1572.0 693.0 102.0 223.0
person 1404.0 681.0 88.0 228.0
person 1417.0 691.0 70.0 204.0
person 1477.0 700.0 89.0 189.0
person 1648.0 759.0 82.0 143.0
person 1812.0 743.0 92.0 179.0
person 1832.0 697.0 87.0 228.0
person 997.0 483.0 54.0 115.0
person 938.0 469.0 61.0 135.0
person 785.0 471.0 57.0 136.0
person 1500.0 542.0 61.0 151.0
person 877.0 474.0 44.0 98.0
person 836.0 463.0 50.0 110.0
person 747.0 448.0 56.0 122.0
person 849.0 453.0 48.0 115.0
person 1422.0 423.0 36.0 80.0
person 1425.0 418.0 52.0 89.0
