person 495.0 629.0 104.0 214.0
person 617.0 628.0 86.0 224.0
person 775.0 631.0 68.0 197.0
person 335.0 947.0 149.0 134.0
person 528.0 957.0 118.0 124.0
person 979.0 573.0 80.0 194.0
person 1042.0 574.0 65.0 190.0
person 1498.0 511.0 49.0 101.0
person 1161.0 599.0 72.0 194.0
person 1360.0 788.0 98.0 271.0
person 1251.0 783.0 112.0 268.0
person 858.0 546.0 45.0 122.0
person 908.0 509.0 60.0 158.0
person 833.0 563.0 57.0 155.0
person 997.0 543.0 64.0 158.0
person 960.0 520.0 49.0 146.0
person 999.0 516.0 56.0 154.0
person 1054.0 543.0 65.0 152.0
person 1263.0 645.0 91.0 218.0
person 1296.0 643.0 80.0 206.0
person 1337.0 650.0 81.0 189.0
person 1129.0 625.0 84.0 189.0
person 1420.0 612.0 70.0 189.0
person 1454.0 611.0 59.0 173.0
person 1460.0 671.0 105.0 200.0
person 1533.0 707.0 64.0 152.0
person 1694.0 665.0 118.0 215.0
person 1119.0 777.0 108.0 283.0
person 1508.0 604.0 77.0 185.0
person 1651.0 646.0 90.0 215.0
person 1837.0 690.0 82.0 189.0
person 80.0 846.0 112.0 233.0
person 184.0 875.0 106.0 206.0
person 77.0 980.0 104.0 100.0
person 441.0 768.0 93.0 220.0
person 692.0 773.0 132.0 244.0
person 1346.0 704.0 78.0 223.0
person 1688.0 704.0 101.0 224.0
person 1498.0 693.0 110.0 230.0
person 1505.0 696.0 85.0 212.0
person 1573.0 706.0 90.0 187.0
person 1754.0 770.0 82.0 143.0
person 956.0 485.0 64.0 115.0
person 909.0 469.0 62.0 133.0
person 767.0 467.0 57.0 136.0
person 1555.0 531.0 60.0 152.0
person 822.0 478.0 46.0 98.0
person 793.0 460.0 50.0 110.0
person 705.0 449.0 56.0 112.0
person 799.0 460.0 48.0 121.0
person 1414.0 430.0 36.0 80.0
person 1423.0 423.0 52.0 91.0
