person 491.0 586.0 90.0 206.0
person 607.0 590.0 84.0 208.0
person 742.0 611.0 72.0 190.0
person 987.0 569.0 68.0 196.0
person 1044.0 568.0 63.0 191.0
person 1460.0 494.0 46.0 101.0
person 1138.0 586.0 74.0 182.0
person 1324.0 867.0 116.0 213.0
person 1209.0 859.0 126.0 222.0
person 873.0 565.0 45.0 122.0
person 916.0 532.0 63.0 166.0
person 874.0 583.0 58.0 167.0
person 1141.0 569.0 65.0 157.0
person 992.0 540.0 49.0 146.0
person 1064.0 533.0 68.0 174.0
person 1189.0 565.0 61.0 161.0
person 1604.0 657.0 132.0 231.0
person 1634.0 657.0 81.0 214.0
person 1674.0 660.0 91.0 211.0
person 1431.0 649.0 100.0 202.0
person 1501.0 639.0 125.0 204.0
person 1554.0 629.0 64.0 202.0
person 1070.0 847.0 120.0 232.0
person 1621.0 636.0 80.0 193.0
person 213.0 791.0 109.0 264.0
person 322.0 811.0 104.0 259.0
person 212.0 892.0 105.0 189.0
person 208.0 760.0 100.0 221.0
person 277.0 774.0 148.0 239.0
person 1119.0 667.0 77.0 203.0
person 1417.0 673.0 100.0 220.0
person 1245.0 670.0 91.0 221.0
person 1262.0 680.0 73.0 193.0
person 1331.0 682.0 79.0 185.0
person 1486.0 747.0 80.0 140.0
person 1591.0 734.0 99.0 179.0
person 1601.0 690.0 101.0 214.0
person 1041.0 501.0 53.0 115.0
person 975.0 483.0 67.0 137.0
person 803.0 481.0 57.0 146.0
person 1364.0 543.0 78.0 173.0
person 939.0 485.0 45.0 106.0
person 880.0 466.0 58.0 116.0
person 821.0 459.0 56.0 122.0
person 772.0 462.0 58.0 114.0
person 750.0 458.0 48.0 121.0
person 785.0 446.0 45.0 119.0
person 909.0 467.0 48.0 113.0
person 1420.0 425.0 37.0 80.0
person 1419.0 420.0 52.0 89.0
