person 492.0 631.0 106.0 217.0
person 614.0 630.0 89.0 227.0
person 766.0 637.0 69.0 199.0
person 349.0 938.0 149.0 143.0
person 537.0 951.0 113.0 130.0
person 987.0 575.0 80.0 195.0
person 1045.0 576.0 65.0 192.0
person 1497.0 513.0 50.0 101.0
person 1161.0 601.0 72.0 194.0
person 1362.0 784.0 95.0 267.0
person 1258.0 778.0 107.0 268.0
person 857.0 545.0 45.0 122.0
person 907.0 509.0 60.0 158.0
person 830.0 562.0 57.0 154.0
person 995.0 543.0 62.0 157.0
person 959.0 519.0 49.0 146.0
person 999.0 516.0 55.0 153.0
person 1048.0 543.0 65.0 149.0
person 1215.0 648.0 91.0 214.0
person 1270.0 643.0 81.0 206.0
person 1313.0 651.0 82.0 187.0
person 1098.0 625.0 100.0 190.0
person 1406.0 609.0 70.0 185.0
person 1444.0 610.0 59.0 170.0
person 1441.0 670.0 110.0 200.0
person 1511.0 706.0 64.0 152.0
person 1666.0 665.0 118.0 215.0
person 1127.0 773.0 105.0 282.0
person 1497.0 604.0 77.0 185.0
person 1633.0 644.0 90.0 214.0
person 1813.0 689.0 90.0 189.0
person 72.0 851.0 111.0 228.0
person 172.0 881.0 106.0 200.0
person 67.0 987.0 104.0 93.0
person 459.0 768.0 97.0 220.0
person 727.0 768.0 113.0 248.0
person 1363.0 707.0 81.0 226.0
person 1724.0 702.0 78.0 226.0
person 1516.0 697.0 102.0 230.0
person 1522.0 701.0 84.0 212.0
person 1592.0 708.0 93.0 187.0
person 1774.0 771.0 82.0 143.0
person 950.0 486.0 65.0 115.0
person 903.0 470.0 62.0 133.0
person 763.0 466.0 58.0 136.0
person 1559.0 530.0 60.0 152.0
person 815.0 478.0 48.0 98.0
person 784.0 460.0 49.0 110.0
person 790.0 462.0 48.0 121.0
person 1412.0 431.0 36.0 80.0
person 1421.0 425.0 53.0 92.0
