person 493.0 587.0 90.0 206.0
person 608.0 590.0 84.0 209.0
person 743.0 612.0 72.0 189.0
person 987.0 569.0 68.0 196.0
person 1044.0 568.0 63.0 191.0
person 1461.0 494.0 46.0 101.0
person 1139.0 586.0 74.0 182.0
person 1325.0 865.0 115.0 215.0
person 1212.0 857.0 124.0 224.0
person 873.0 565.0 45.0 122.0
person 917.0 531.0 62.0 166.0
person 873.0 583.0 58.0 167.0
person 1138.0 568.0 64.0 158.0
person 991.0 539.0 50.0 146.0
person 1062.0 533.0 67.0 173.0
person 1186.0 565.0 60.0 161.0
person 1599.0 657.0 131.0 229.0
person 1629.0 656.0 79.0 214.0
person 1668.0 659.0 89.0 211.0
person 1422.0 648.0 105.0 203.0
person 1499.0 639.0 128.0 203.0
person 1554.0 629.0 64.0 200.0
person 1802.0 694.0 111.0 202.0
person 1071.0 845.0 121.0 234.0
person 1619.0 636.0 80.0 192.0
person 211.0 792.0 109.0 265.0
person 320.0 812.0 104.0 260.0
person 210.0 893.0 105.0 188.0
person 212.0 760.0 102.0 221.0
person 282.0 773.0 146.0 240.0
person 1123.0 668.0 78.0 202.0
person 1418.0 673.0 102.0 220.0
person 1248.0 670.0 93.0 222.0
person 1265.0 680.0 73.0 193.0
person 1335.0 682.0 80.0 185.0
person 1488.0 748.0 82.0 140.0
person 1597.0 735.0 101.0 178.0
person 1609.0 691.0 100.0 214.0
person 1040.0 501.0 54.0 115.0
person 975.0 483.0 66.0 137.0
person 802.0 480.0 57.0 146.0
person 1368.0 543.0 78.0 173.0
person 937.0 484.0 45.0 105.0
person 879.0 466.0 58.0 116.0
person 819.0 458.0 56.0 122.0
person 770.0 461.0 58.0 116.0
person 750.0 458.0 47.0 120.0
person 783.0 446.0 45.0 119.0
person 908.0 466.0 48.0 113.0
person 1420.0 424.0 36.0 80.0
person 1419.0 420.0 52.0 89.0
