person 497.0 601.0 96.0 206.0
person 616.0 596.0 84.0 215.0
person 776.0 616.0 79.0 184.0
person 295.0 1028.0 81.0 52.0
person 987.0 563.0 68.0 195.0
person 1048.0 568.0 65.0 189.0
person 1485.0 496.0 46.0 101.0
person 1155.0 588.0 73.0 181.0
person 1343.0 834.0 101.0 245.0
person 1232.0 835.0 126.0 246.0
person 870.0 558.0 45.0 122.0
person 919.0 525.0 60.0 162.0
person 862.0 575.0 58.0 161.0
person 1087.0 560.0 70.0 155.0
person 984.0 532.0 49.0 146.0
person 1025.0 530.0 65.0 157.0
person 1141.0 554.0 60.0 161.0
person 1535.0 652.0 106.0 222.0
person 1541.0 651.0 73.0 212.0
person 1593.0 654.0 73.0 205.0
person 1351.0 640.0 83.0 200.0
person 1484.0 626.0 86.0 206.0
person 1547.0 623.0 64.0 181.0
person 1700.0 687.0 121.0 203.0
person 1773.0 719.0 74.0 158.0
person 1095.0 826.0 113.0 254.0
person 1593.0 623.0 80.0 187.0
person 172.0 804.0 119.0 265.0
person 296.0 826.0 104.0 255.0
person 173.0 915.0 105.0 166.0
person 294.0 759.0 89.0 221.0
person 398.0 772.0 133.0 239.0
person 1179.0 668.0 78.0 209.0
person 1467.0 680.0 108.0 220.0
person 1315.0 674.0 91.0 226.0
person 1328.0 688.0 70.0 199.0
person 1403.0 690.0 81.0 190.0
person 1546.0 756.0 82.0 143.0
person 1683.0 738.0 104.0 181.0
person 1720.0 699.0 96.0 214.0
person 1028.0 493.0 54.0 115.0
person 963.0 476.0 61.0 137.0
person 799.0 475.0 57.0 138.0
person 1429.0 546.0 72.0 166.0
person 916.0 478.0 44.0 98.0
person 864.0 467.0 54.0 113.0
person 790.0 454.0 57.0 122.0
person 745.0 455.0 56.0 121.0
person 731.0 454.0 42.0 116.0
person 737.0 441.0 46.0 119.0
person 895.0 458.0 49.0 113.0
person 1419.0 422.0 36.0 80.0
person 1422.0 419.0 52.0 89.0
