person 498.0 601.0 96.0 206.0
person 617.0 597.0 84.0 215.0
person 777.0 617.0 83.0 183.0
person 292.0 1024.0 88.0 56.0
person 987.0 562.0 68.0 195.0
person 1047.0 567.0 65.0 191.0
person 1486.0 496.0 46.0 101.0
person 1155.0 588.0 73.0 182.0
person 1342.0 831.0 102.0 248.0
person 1233.0 833.0 125.0 248.0
person 870.0 557.0 45.0 122.0
person 918.0 524.0 61.0 161.0
person 861.0 574.0 58.0 160.0
person 1080.0 558.0 72.0 155.0
person 983.0 531.0 49.0 146.0
person 1023.0 529.0 64.0 157.0
person 1135.0 553.0 60.0 161.0
person 1519.0 652.0 104.0 222.0
person 1528.0 651.0 74.0 211.0
person 1582.0 654.0 70.0 203.0
person 1343.0 638.0 78.0 200.0
person 1481.0 625.0 85.0 202.0
person 1543.0 623.0 64.0 181.0
person 1687.0 686.0 119.0 202.0
person 1758.0 718.0 74.0 158.0
person 1095.0 823.0 112.0 257.0
person 1590.0 620.0 80.0 187.0
person 167.0 806.0 120.0 265.0
person 291.0 828.0 105.0 253.0
person 168.0 917.0 105.0 164.0
person 305.0 758.0 85.0 221.0
person 421.0 770.0 112.0 240.0
person 1187.0 670.0 77.0 209.0
person 1475.0 680.0 108.0 220.0
person 1324.0 675.0 90.0 226.0
person 1337.0 689.0 70.0 200.0
person 1409.0 690.0 82.0 191.0
person 1555.0 756.0 82.0 143.0
person 1701.0 738.0 100.0 181.0
person 1731.0 698.0 97.0 214.0
person 1025.0 492.0 54.0 115.0
person 960.0 475.0 61.0 137.0
person 799.0 474.0 57.0 137.0
person 1437.0 545.0 68.0 163.0
person 913.0 478.0 44.0 98.0
person 862.0 467.0 53.0 113.0
person 786.0 454.0 56.0 122.0
person 741.0 454.0 57.0 121.0
person 726.0 453.0 42.0 116.0
person 731.0 440.0 46.0 119.0
person 894.0 457.0 49.0 113.0
person 1419.0 422.0 36.0 80.0
person 1422.0 419.0 52.0 89.0
