person 501.0 604.0 96.0 208.0
person 618.0 600.0 84.0 215.0
person 786.0 619.0 88.0 181.0
person 284.0 1009.0 110.0 71.0
person 986.0 561.0 69.0 194.0
person 1047.0 565.0 66.0 190.0
person 1492.0 498.0 46.0 101.0
person 1157.0 589.0 71.0 185.0
person 1340.0 822.0 108.0 257.0
person 1237.0 824.0 122.0 257.0
person 868.0 554.0 45.0 122.0
person 917.0 520.0 62.0 158.0
person 854.0 571.0 58.0 157.0
person 1063.0 554.0 69.0 154.0
person 979.0 527.0 50.0 146.0
person 1013.0 524.0 64.0 157.0
person 1119.0 551.0 60.0 160.0
person 1463.0 652.0 99.0 222.0
person 1481.0 650.0 78.0 208.0
person 1529.0 653.0 83.0 199.0
person 1315.0 629.0 65.0 200.0
person 1474.0 622.0 81.0 187.0
person 1529.0 622.0 62.0 181.0
person 1643.0 681.0 112.0 203.0
person 1707.0 717.0 72.0 158.0
person 1095.0 812.0 110.0 268.0
person 1572.0 613.0 80.0 187.0
person 1843.0 650.0 76.0 215.0
person 150.0 812.0 123.0 265.0
person 274.0 837.0 106.0 244.0
person 150.0 927.0 105.0 154.0
person 324.0 757.0 90.0 221.0
person 471.0 772.0 115.0 240.0
person 1206.0 673.0 77.0 209.0
person 1519.0 687.0 121.0 223.0
person 1361.0 677.0 81.0 230.0
person 1368.0 690.0 70.0 200.0
person 1431.0 694.0 87.0 190.0
person 1589.0 756.0 82.0 143.0
person 1754.0 738.0 92.0 182.0
person 1775.0 698.0 90.0 220.0
person 1014.0 489.0 54.0 115.0
person 951.0 473.0 60.0 137.0
person 794.0 473.0 57.0 136.0
person 1462.0 543.0 61.0 152.0
person 899.0 478.0 44.0 98.0
person 853.0 468.0 49.0 110.0
person 771.0 453.0 56.0 122.0
person 729.0 451.0 54.0 121.0
person 712.0 451.0 42.0 116.0
person 878.0 454.0 49.0 113.0
person 1420.0 422.0 36.0 80.0
person 1423.0 418.0 52.0 89.0
