person 492.0 635.0 106.0 219.0
person 612.0 631.0 92.0 229.0
person 761.0 639.0 70.0 200.0
person 355.0 934.0 148.0 147.0
person 542.0 948.0 110.0 133.0
person 991.0 576.0 80.0 196.0
person 1047.0 577.0 65.0 193.0
person 1496.0 514.0 50.0 101.0
person 1162.0 602.0 72.0 194.0
person 1363.0 781.0 93.0 266.0
person 1261.0 775.0 105.0 268.0
person 857.0 545.0 45.0 122.0
person 906.0 509.0 60.0 157.0
person 829.0 562.0 57.0 153.0
person 994.0 543.0 60.0 156.0
person 958.0 519.0 49.0 146.0
person 999.0 516.0 55.0 153.0
person 1045.0 543.0 65.0 147.0
person 1203.0 647.0 89.0 218.0
person 1257.0 643.0 81.0 206.0
person 1301.0 650.0 81.0 187.0
person 1083.0 625.0 108.0 191.0
person 1399.0 608.0 70.0 183.0
person 1439.0 610.0 58.0 167.0
person 1431.0 670.0 113.0 200.0
person 1500.0 705.0 64.0 152.0
person 1652.0 664.0 118.0 215.0
person 1131.0 772.0 104.0 280.0
person 1491.0 604.0 78.0 185.0
person 1624.0 643.0 89.0 213.0
person 1797.0 688.0 96.0 190.0
person 68.0 853.0 111.0 226.0
person 167.0 884.0 105.0 197.0
person 61.0 992.0 104.0 88.0
person 460.0 770.0 105.0 220.0
person 741.0 771.0 119.0 244.0
person 1370.0 708.0 88.0 226.0
person 1731.0 703.0 89.0 224.0
person 1532.0 697.0 91.0 230.0
person 1533.0 703.0 84.0 212.0
person 1601.0 709.0 95.0 187.0
person 1786.0 772.0 81.0 144.0
person 949.0 486.0 64.0 115.0
person 900.0 470.0 62.0 133.0
person 761.0 465.0 58.0 136.0
person 1561.0 529.0 60.0 152.0
person 813.0 478.0 48.0 98.0
person 780.0 460.0 48.0 110.0
person 785.0 463.0 48.0 121.0
person 1411.0 432.0 36.0 80.0
person 1420.0 426.0 53.0 93.0
