person 484.0 583.0 90.0 206.0
person 600.0 588.0 84.0 203.0
person 731.0 609.0 57.0 196.0
person 987.0 572.0 68.0 197.0
person 1046.0 569.0 61.0 190.0
person 1446.0 497.0 46.0 102.0
person 1128.0 587.0 74.0 184.0
person 1320.0 881.0 115.0 200.0
person 1185.0 873.0 142.0 208.0
person 873.0 568.0 45.0 122.0
person 912.0 535.0 65.0 169.0
person 878.0 588.0 58.0 169.0
person 1165.0 571.0 65.0 158.0
person 997.0 545.0 49.0 146.0
person 1077.0 539.0 67.0 175.0
person 1211.0 568.0 61.0 161.0
person 1645.0 658.0 130.0 238.0
person 1668.0 661.0 92.0 213.0
person 1713.0 666.0 104.0 211.0
person 1469.0 653.0 86.0 204.0
person 1518.0 644.0 108.0 212.0
person 1564.0 636.0 65.0 203.0
person 1060.0 861.0 118.0 219.0
person 1632.0 640.0 80.0 196.0
person 227.0 787.0 109.0 258.0
person 336.0 805.0 104.0 257.0
person 225.0 886.0 105.0 195.0
person 186.0 761.0 87.0 220.0
person 243.0 771.0 118.0 239.0
person 1090.0 662.0 79.0 203.0
person 1408.0 668.0 89.0 219.0
person 1217.0 667.0 88.0 220.0
person 1240.0 680.0 73.0 193.0
person 1299.0 677.0 78.0 185.0
person 1473.0 745.0 72.0 140.0
person 1554.0 730.0 86.0 187.0
person 1564.0 688.0 94.0 215.0
person 1045.0 505.0 54.0 115.0
person 980.0 487.0 70.0 137.0
person 805.0 484.0 57.0 146.0
person 1337.0 544.0 78.0 174.0
person 945.0 488.0 45.0 106.0
person 886.0 468.0 58.0 116.0
person 828.0 460.0 56.0 125.0
person 779.0 464.0 58.0 113.0
person 751.0 460.0 49.0 121.0
person 799.0 448.0 46.0 119.0
person 738.0 440.0 44.0 122.0
person 912.0 469.0 48.0 113.0
person 1421.0 426.0 36.0 80.0
person 1418.0 420.0 52.0 89.0
