person 452.0 574.0 89.0 194.0
person 569.0 567.0 76.0 207.0
person 634.0 607.0 73.0 183.0
person 997.0 573.0 67.0 203.0
person 1059.0 578.0 61.0 193.0
person 1403.0 504.0 46.0 104.0
person 1129.0 591.0 69.0 193.0
person 1277.0 923.0 122.0 158.0
person 1143.0 918.0 132.0 162.0
person 862.0 591.0 49.0 126.0
person 911.0 547.0 66.0 172.0
person 891.0 603.0 70.0 173.0
person 1257.0 583.0 66.0 158.0
person 1048.0 566.0 51.0 148.0
person 1126.0 557.0 82.0 176.0
person 1312.0 579.0 60.0 161.0
person 1587.0 673.0 72.0 218.0
person 1615.0 664.0 94.0 212.0
person 1608.0 657.0 66.0 203.0
person 1011.0 912.0 117.0 169.0
person 1676.0 663.0 81.0 203.0
person 282.0 767.0 105.0 256.0
person 376.0 785.0 105.0 245.0
person 271.0 855.0 120.0 226.0
person 157.0 758.0 72.0 227.0
person 167.0 767.0 76.0 258.0
person 998.0 642.0 75.0 203.0
person 1391.0 655.0 88.0 206.0
person 1147.0 669.0 82.0 216.0
person 1187.0 680.0 70.0 194.0
person 1183.0 669.0 72.0 175.0
person 1453.0 735.0 66.0 139.0
person 1406.0 721.0 85.0 183.0
person 1458.0 687.0 77.0 212.0
person 1063.0 521.0 58.0 116.0
person 998.0 503.0 68.0 136.0
person 816.0 501.0 58.0 146.0
person 1238.0 551.0 78.0 175.0
person 975.0 499.0 39.0 106.0
person 908.0 484.0 58.0 116.0
person 847.0 469.0 56.0 131.0
person 785.0 471.0 57.0 122.0
person 751.0 469.0 49.0 122.0
person 862.0 452.0 47.0 119.0
person 804.0 450.0 46.0 122.0
person 779.0 440.0 42.0 133.0
person 750.0 452.0 45.0 122.0
person 933.0 477.0 48.0 113.0
person 1423.0 430.0 37.0 80.0
person 1421.0 421.0 52.0 89.0
