person 473.0 583.0 89.0 197.0
person 592.0 583.0 82.0 204.0
person 689.0 607.0 83.0 184.0
person 989.0 573.0 68.0 198.0
person 1045.0 572.0 60.0 191.0
person 1430.0 500.0 46.0 103.0
person 1123.0 589.0 72.0 187.0
person 1315.0 894.0 109.0 187.0
person 1170.0 883.0 138.0 196.0
person 873.0 571.0 45.0 122.0
person 908.0 539.0 66.0 172.0
person 883.0 593.0 58.0 172.0
person 1189.0 575.0 66.0 158.0
person 1006.0 553.0 49.0 146.0
person 1091.0 546.0 65.0 175.0
person 1237.0 571.0 61.0 161.0
person 1706.0 665.0 116.0 237.0
person 1703.0 670.0 106.0 213.0
person 1749.0 674.0 117.0 207.0
person 1504.0 662.0 93.0 203.0
person 1531.0 652.0 104.0 200.0
person 1577.0 645.0 66.0 203.0
person 1045.0 877.0 117.0 204.0
person 1638.0 648.0 81.0 196.0
person 244.0 782.0 108.0 252.0
person 351.0 797.0 105.0 257.0
person 240.0 879.0 106.0 202.0
person 171.0 762.0 81.0 220.0
person 189.0 773.0 130.0 242.0
person 1057.0 655.0 84.0 203.0
person 1390.0 665.0 88.0 215.0
person 1176.0 670.0 106.0 214.0
person 1218.0 679.0 73.0 193.0
person 1258.0 677.0 84.0 179.0
person 1458.0 742.0 65.0 139.0
person 1495.0 729.0 100.0 190.0
person 1525.0 688.0 90.0 214.0
person 1051.0 509.0 53.0 115.0
person 984.0 491.0 68.0 137.0
person 807.0 490.0 58.0 146.0
person 1306.0 546.0 78.0 174.0
person 952.0 491.0 45.0 106.0
person 893.0 475.0 58.0 116.0
person 830.0 462.0 56.0 129.0
person 784.0 467.0 58.0 113.0
person 751.0 462.0 49.0 121.0
person 816.0 450.0 46.0 119.0
person 756.0 443.0 44.0 122.0
person 737.0 433.0 44.0 134.0
person 914.0 470.0 48.0 113.0
person 1421.0 427.0 37.0 80.0
person 1417.0 420.0 52.0 89.0
