person 447.0 573.0 89.0 194.0
person 565.0 569.0 76.0 203.0
person 625.0 606.0 73.0 182.0
person 998.0 574.0 67.0 202.0
person 1063.0 579.0 61.0 194.0
person 1400.0 505.0 46.0 104.0
person 1131.0 591.0 69.0 193.0
person 1277.0 930.0 122.0 151.0
person 1140.0 925.0 135.0 155.0
person 861.0 594.0 49.0 127.0
person 911.0 549.0 65.0 172.0
person 895.0 605.0 70.0 173.0
person 1267.0 584.0 66.0 158.0
person 1058.0 568.0 52.0 148.0
person 1136.0 560.0 82.0 176.0
person 1323.0 581.0 61.0 161.0
person 1597.0 675.0 72.0 221.0
person 1633.0 667.0 95.0 211.0
person 1618.0 660.0 66.0 203.0
person 1007.0 918.0 117.0 163.0
person 1686.0 667.0 82.0 203.0
person 288.0 764.0 105.0 258.0
person 382.0 782.0 102.0 244.0
person 280.0 852.0 120.0 229.0
person 158.0 758.0 72.0 227.0
person 167.0 767.0 79.0 258.0
person 987.0 640.0 77.0 203.0
person 1393.0 654.0 86.0 205.0
person 1143.0 667.0 81.0 217.0
person 1184.0 681.0 70.0 194.0
person 1170.0 668.0 70.0 175.0
person 1455.0 734.0 66.0 139.0
person 1387.0 720.0 91.0 182.0
person 1449.0 685.0 77.0 212.0
person 1065.0 522.0 58.0 118.0
person 1002.0 506.0 69.0 136.0
person 819.0 503.0 58.0 146.0
person 1227.0 551.0 78.0 176.0
person 978.0 500.0 38.0 107.0
person 912.0 485.0 58.0 116.0
person 850.0 471.0 56.0 131.0
person 788.0 473.0 58.0 122.0
person 752.0 472.0 50.0 122.0
person 867.0 455.0 48.0 118.0
person 812.0 451.0 45.0 122.0
person 788.0 441.0 42.0 133.0
person 758.0 453.0 45.0 122.0
person 935.0 478.0 48.0 113.0
person 1423.0 431.0 38.0 80.0
person 1423.0 422.0 52.0 89.0
