person 499.0 601.0 96.0 207.0
person 617.0 598.0 84.0 215.0
person 779.0 618.0 90.0 182.0
person 289.0 1017.0 97.0 63.0
person 987.0 561.0 68.0 194.0
person 1047.0 566.0 65.0 190.0
person 1489.0 497.0 46.0 101.0
person 1156.0 588.0 72.0 184.0
person 1341.0 827.0 105.0 252.0
person 1235.0 829.0 124.0 252.0
person 869.0 556.0 45.0 122.0
person 918.0 522.0 61.0 160.0
person 858.0 573.0 58.0 158.0
person 1072.0 556.0 72.0 154.0
person 981.0 529.0 50.0 146.0
person 1019.0 527.0 64.0 157.0
person 1128.0 552.0 60.0 160.0
person 1495.0 652.0 102.0 222.0
person 1507.0 650.0 77.0 210.0
person 1555.0 654.0 79.0 200.0
person 1331.0 634.0 72.0 200.0
person 1478.0 623.0 84.0 196.0
person 1537.0 622.0 63.0 181.0
person 1668.0 684.0 116.0 202.0
person 1736.0 718.0 73.0 158.0
person 1095.0 818.0 111.0 262.0
person 1584.0 617.0 80.0 187.0
person 160.0 809.0 121.0 265.0
person 284.0 832.0 106.0 249.0
person 160.0 921.0 105.0 160.0
person 317.0 757.0 84.0 221.0
person 450.0 769.0 95.0 241.0
person 1196.0 672.0 77.0 209.0
person 1492.0 683.0 112.0 221.0
person 1340.0 676.0 86.0 228.0
person 1350.0 689.0 70.0 200.0
person 1418.0 692.0 85.0 190.0
person 1568.0 756.0 82.0 143.0
person 1729.0 738.0 94.0 182.0
person 1749.0 696.0 96.0 214.0
person 1021.0 491.0 54.0 115.0
person 956.0 474.0 61.0 137.0
person 797.0 473.0 57.0 136.0
person 1447.0 544.0 64.0 156.0
person 907.0 478.0 44.0 98.0
person 858.0 468.0 51.0 111.0
person 779.0 453.0 57.0 122.0
person 736.0 453.0 56.0 121.0
person 720.0 452.0 42.0 116.0
person 890.0 455.0 49.0 113.0
person 1419.0 422.0 36.0 80.0
person 1422.0 419.0 52.0 89.0
