person 501.0 606.0 99.0 208.0
person 618.0 603.0 84.0 217.0
person 797.0 617.0 77.0 182.0
person 292.0 1000.0 116.0 80.0
person 985.0 563.0 70.0 194.0
person 1047.0 565.0 66.0 189.0
person 1495.0 499.0 46.0 101.0
person 1157.0 590.0 72.0 186.0
person 1340.0 817.0 110.0 263.0
person 1239.0 819.0 121.0 261.0
person 866.0 552.0 45.0 122.0
person 918.0 518.0 60.0 158.0
person 850.0 569.0 58.0 157.0
person 1054.0 552.0 66.0 154.0
person 975.0 527.0 50.0 146.0
person 1008.0 521.0 63.0 157.0
person 1109.0 549.0 60.0 161.0
person 1430.0 650.0 100.0 222.0
person 1454.0 650.0 81.0 206.0
person 1505.0 652.0 86.0 199.0
person 1279.0 631.0 87.0 195.0
person 1469.0 620.0 80.0 181.0
person 1521.0 621.0 61.0 181.0
person 1619.0 678.0 110.0 203.0
person 1685.0 714.0 72.0 156.0
person 1095.0 806.0 108.0 274.0
person 1564.0 611.0 79.0 187.0
person 1819.0 650.0 80.0 216.0
person 140.0 816.0 126.0 265.0
person 264.0 843.0 106.0 238.0
person 141.0 933.0 105.0 148.0
person 331.0 758.0 97.0 221.0
person 483.0 772.0 144.0 238.0
person 1221.0 675.0 77.0 209.0
person 1523.0 693.0 121.0 223.0
person 1369.0 678.0 90.0 230.0
person 1386.0 691.0 70.0 200.0
person 1444.0 696.0 90.0 191.0
person 1611.0 757.0 82.0 143.0
person 1775.0 738.0 92.0 182.0
person 1802.0 702.0 83.0 228.0
person 1008.0 487.0 54.0 115.0
person 945.0 471.0 61.0 137.0
person 791.0 473.0 57.0 136.0
person 1477.0 543.0 61.0 151.0
person 891.0 477.0 44.0 98.0
person 847.0 466.0 49.0 110.0
person 762.0 451.0 56.0 122.0
person 722.0 448.0 50.0 121.0
person 867.0 453.0 48.0 113.0
person 1421.0 422.0 36.0 80.0
person 1424.0 418.0 52.0 89.0
