person 500.0 606.0 102.0 210.0
person 617.0 606.0 85.0 220.0
person 795.0 616.0 71.0 194.0
person 301.0 991.0 122.0 89.0
person 483.0 1002.0 129.0 79.0
person 984.0 564.0 72.0 194.0
person 1044.0 566.0 66.0 188.0
person 1499.0 501.0 46.0 100.0
person 1158.0 590.0 71.0 189.0
person 1346.0 810.0 106.0 270.0
person 1239.0 813.0 121.0 265.0
person 865.0 550.0 45.0 122.0
person 920.0 517.0 57.0 158.0
person 846.0 567.0 58.0 156.0
person 1045.0 550.0 66.0 155.0
person 972.0 527.0 50.0 146.0
person 1003.0 519.0 62.0 157.0
person 1101.0 548.0 60.0 160.0
person 1397.0 649.0 102.0 222.0
person 1430.0 649.0 82.0 206.0
person 1481.0 651.0 89.0 199.0
person 1259.0 634.0 94.0 195.0
person 1465.0 619.0 80.0 181.0
person 1512.0 620.0 61.0 181.0
person 1596.0 676.0 108.0 202.0
person 1663.0 712.0 72.0 154.0
person 1096.0 801.0 108.0 278.0
person 1559.0 610.0 78.0 186.0
person 1787.0 651.0 84.0 214.0
person 131.0 820.0 123.0 260.0
person 254.0 848.0 106.0 233.0
person 130.0 940.0 105.0 141.0
person 337.0 759.0 104.0 221.0
person 516.0 768.0 131.0 238.0
person 1241.0 679.0 78.0 209.0
person 1555.0 693.0 98.0 223.0
person 1382.0 680.0 95.0 229.0
person 1404.0 691.0 70.0 201.0
person 1463.0 698.0 89.0 190.0
person 1633.0 759.0 82.0 143.0
person 1796.0 741.0 92.0 180.0
person 1820.0 700.0 84.0 229.0
person 1002.0 485.0 54.0 115.0
person 941.0 470.0 61.0 136.0
person 788.0 472.0 57.0 136.0
person 1492.0 543.0 62.0 151.0
person 883.0 475.0 44.0 98.0
person 841.0 464.0 49.0 110.0
person 753.0 449.0 56.0 122.0
person 856.0 453.0 48.0 113.0
person 1422.0 422.0 36.0 80.0
person 1424.0 418.0 52.0 89.0
