person 494.0 588.0 90.0 206.0
person 609.0 590.0 84.0 210.0
person 745.0 613.0 72.0 188.0
person 987.0 568.0 68.0 196.0
person 1044.0 568.0 63.0 191.0
person 1463.0 494.0 46.0 101.0
person 1141.0 586.0 74.0 182.0
person 1325.0 862.0 114.0 218.0
person 1216.0 855.0 122.0 226.0
person 873.0 564.0 45.0 122.0
person 917.0 531.0 63.0 166.0
person 872.0 582.0 58.0 167.0
person 1135.0 568.0 64.0 158.0
person 991.0 539.0 49.0 146.0
person 1059.0 533.0 67.0 172.0
person 1183.0 564.0 60.0 161.0
person 1593.0 657.0 131.0 228.0
person 1624.0 655.0 78.0 215.0
person 1662.0 658.0 88.0 211.0
person 1413.0 648.0 110.0 203.0
person 1498.0 638.0 125.0 203.0
person 1554.0 628.0 64.0 199.0
person 1795.0 694.0 112.0 202.0
person 1073.0 843.0 121.0 236.0
person 1618.0 635.0 80.0 191.0
person 208.0 792.0 110.0 265.0
person 318.0 813.0 104.0 260.0
person 209.0 894.0 105.0 187.0
person 219.0 760.0 98.0 221.0
person 287.0 772.0 144.0 242.0
person 1127.0 669.0 78.0 202.0
person 1419.0 674.0 104.0 220.0
person 1251.0 671.0 95.0 221.0
person 1269.0 681.0 73.0 193.0
person 1340.0 683.0 80.0 185.0
person 1491.0 748.0 82.0 140.0
person 1610.0 735.0 91.0 178.0
person 1617.0 692.0 100.0 214.0
person 1039.0 500.0 54.0 115.0
person 974.0 482.0 66.0 137.0
person 802.0 480.0 57.0 146.0
person 1372.0 543.0 78.0 173.0
person 936.0 484.0 45.0 104.0
person 878.0 466.0 58.0 116.0
person 817.0 458.0 56.0 122.0
person 768.0 461.0 58.0 116.0
person 750.0 458.0 46.0 119.0
person 779.0 445.0 46.0 119.0
person 907.0 466.0 48.0 113.0
person 1420.0 424.0 36.0 80.0
person 1419.0 419.0 52.0 89.0
