person 495.0 596.0 94.0 206.0
person 615.0 592.0 84.0 215.0
person 767.0 612.0 65.0 187.0
person 987.0 566.0 68.0 196.0
person 1047.0 569.0 65.0 189.0
person 1472.0 495.0 46.0 101.0
person 1147.0 586.0 74.0 182.0
person 1328.0 847.0 108.0 232.0
person 1223.0 846.0 124.0 235.0
person 873.0 562.0 45.0 122.0
person 921.0 528.0 61.0 164.0
person 868.0 577.0 58.0 167.0
person 1115.0 567.0 64.0 157.0
person 988.0 536.0 49.0 146.0
person 1044.0 532.0 66.0 165.0
person 1165.0 561.0 60.0 161.0
person 1547.0 658.0 140.0 227.0
person 1595.0 652.0 69.0 215.0
person 1624.0 655.0 95.0 207.0
person 1391.0 642.0 104.0 202.0
person 1492.0 632.0 108.0 205.0
person 1552.0 626.0 65.0 190.0
person 1753.0 691.0 119.0 202.0
person 1082.0 835.0 118.0 244.0
person 1607.0 633.0 80.0 187.0
person 193.0 798.0 113.0 265.0
person 307.0 818.0 105.0 263.0
person 193.0 903.0 105.0 178.0
person 259.0 764.0 79.0 220.0
person 356.0 769.0 94.0 246.0
person 1150.0 668.0 78.0 204.0
person 1442.0 677.0 99.0 220.0
person 1282.0 673.0 94.0 221.0
person 1294.0 684.0 72.0 195.0
person 1367.0 686.0 81.0 187.0
person 1514.0 752.0 82.0 141.0
person 1656.0 736.0 102.0 182.0
person 1665.0 698.0 98.0 214.0
person 1035.0 497.0 54.0 115.0
person 971.0 479.0 63.0 137.0
person 800.0 477.0 57.0 145.0
person 1397.0 545.0 77.0 173.0
person 929.0 481.0 44.0 99.0
person 873.0 466.0 58.0 116.0
person 806.0 456.0 57.0 122.0
person 758.0 458.0 58.0 121.0
person 748.0 457.0 42.0 116.0
person 761.0 443.0 46.0 119.0
person 901.0 463.0 48.0 113.0
person 1419.0 423.0 37.0 80.0
person 1420.0 419.0 52.0 89.0
