person 500.0 612.0 102.0 214.0
person 616.0 613.0 86.0 224.0
person 788.0 619.0 69.0 197.0
person 316.0 970.0 130.0 110.0
person 463.0 983.0 165.0 98.0
person 982.0 567.0 75.0 194.0
person 1039.0 570.0 66.0 186.0
person 1503.0 504.0 46.0 100.0
person 1160.0 592.0 70.0 192.0
person 1360.0 800.0 100.0 275.0
person 1247.0 804.0 101.0 268.0
person 863.0 548.0 45.0 122.0
person 920.0 515.0 55.0 158.0
person 842.0 567.0 58.0 155.0
person 1025.0 547.0 66.0 158.0
person 964.0 526.0 50.0 146.0
person 997.0 516.0 60.0 156.0
person 1088.0 546.0 60.0 155.0
person 1350.0 645.0 93.0 222.0
person 1383.0 648.0 82.0 205.0
person 1427.0 649.0 86.0 196.0
person 1201.0 630.0 99.0 192.0
person 1454.0 616.0 80.0 181.0
person 1491.0 611.0 60.0 181.0
person 1543.0 673.0 104.0 200.0
person 1612.0 711.0 73.0 151.0
person 1103.0 791.0 108.0 282.0
person 1547.0 607.0 77.0 185.0
person 1725.0 651.0 88.0 212.0
person 112.0 829.0 117.0 250.0
person 229.0 859.0 106.0 222.0
person 107.0 956.0 106.0 124.0
person 382.0 764.0 86.0 221.0
person 570.0 772.0 144.0 239.0
person 1268.0 687.0 78.0 213.0
person 1594.0 693.0 118.0 223.0
person 1437.0 683.0 94.0 229.0
person 1443.0 690.0 70.0 211.0
person 1505.0 704.0 89.0 187.0
person 1678.0 761.0 82.0 143.0
person 1865.0 743.0 55.0 178.0
person 986.0 483.0 56.0 115.0
person 931.0 467.0 62.0 134.0
person 779.0 470.0 57.0 136.0
person 1516.0 540.0 59.0 151.0
person 862.0 475.0 45.0 98.0
person 827.0 460.0 50.0 110.0
person 736.0 447.0 56.0 122.0
person 834.0 454.0 48.0 118.0
person 1420.0 425.0 36.0 80.0
person 1426.0 418.0 52.0 89.0
