person 500.0 609.0 102.0 213.0
person 616.0 610.0 86.0 224.0
person 791.0 617.0 70.0 197.0
person 310.0 980.0 128.0 100.0
person 471.0 991.0 150.0 90.0
person 983.0 566.0 73.0 194.0
person 1041.0 568.0 66.0 187.0
person 1503.0 502.0 46.0 100.0
person 1159.0 591.0 70.0 190.0
person 1354.0 803.0 102.0 275.0
person 1242.0 807.0 112.0 268.0
person 864.0 549.0 45.0 122.0
person 922.0 516.0 54.0 158.0
person 843.0 567.0 58.0 155.0
person 1034.0 548.0 66.0 157.0
person 967.0 526.0 50.0 146.0
person 997.0 516.0 61.0 157.0
person 1094.0 547.0 60.0 157.0
person 1359.0 648.0 104.0 221.0
person 1404.0 649.0 82.0 205.0
person 1451.0 650.0 90.0 198.0
person 1225.0 630.0 99.0 194.0
person 1459.0 617.0 80.0 181.0
person 1501.0 615.0 60.0 181.0
person 1566.0 674.0 106.0 200.0
person 1635.0 711.0 72.0 151.0
person 1100.0 796.0 108.0 280.0
person 1552.0 608.0 78.0 185.0
person 1749.0 652.0 88.0 212.0
person 120.0 825.0 120.0 255.0
person 241.0 855.0 106.0 226.0
person 117.0 949.0 106.0 132.0
person 356.0 761.0 101.0 221.0
person 552.0 766.0 127.0 240.0
person 1250.0 684.0 78.0 209.0
person 1582.0 693.0 110.0 223.0
person 1419.0 682.0 83.0 227.0
person 1426.0 690.0 70.0 207.0
person 1486.0 702.0 90.0 188.0
person 1658.0 760.0 82.0 143.0
person 1822.0 745.0 92.0 178.0
person 994.0 483.0 54.0 115.0
person 935.0 469.0 62.0 134.0
person 783.0 471.0 57.0 136.0
person 1505.0 541.0 61.0 151.0
person 872.0 474.0 44.0 98.0
person 833.0 462.0 50.0 110.0
person 743.0 447.0 56.0 122.0
person 844.0 454.0 48.0 116.0
person 1421.0 424.0 36.0 80.0
person 1425.0 418.0 52.0 89.0
