person 496.0 628.0 103.0 215.0
person 616.0 627.0 86.0 224.0
person 776.0 630.0 69.0 197.0
person 331.0 949.0 149.0 132.0
person 526.0 958.0 119.0 123.0
person 979.0 572.0 79.0 194.0
person 1042.0 574.0 65.0 189.0
person 1498.0 511.0 49.0 100.0
person 1161.0 599.0 72.0 193.0
person 1360.0 789.0 98.0 272.0
person 1249.0 784.0 114.0 268.0
person 859.0 546.0 45.0 122.0
person 909.0 510.0 60.0 158.0
person 834.0 563.0 57.0 155.0
person 998.0 543.0 64.0 158.0
person 960.0 521.0 49.0 146.0
person 999.0 516.0 56.0 154.0
person 1056.0 543.0 65.0 152.0
person 1264.0 643.0 90.0 220.0
person 1302.0 644.0 80.0 205.0
person 1343.0 649.0 81.0 190.0
person 1137.0 625.0 79.0 189.0
person 1422.0 612.0 71.0 188.0
person 1456.0 611.0 60.0 174.0
person 1465.0 672.0 103.0 200.0
person 1539.0 708.0 64.0 152.0
person 1701.0 665.0 118.0 215.0
person 1117.0 777.0 108.0 284.0
person 1510.0 604.0 78.0 185.0
person 1655.0 646.0 90.0 215.0
person 1838.0 690.0 81.0 190.0
person 82.0 844.0 112.0 235.0
person 187.0 873.0 106.0 208.0
person 79.0 978.0 104.0 102.0
person 436.0 768.0 93.0 220.0
person 683.0 775.0 140.0 242.0
person 1342.0 703.0 77.0 223.0
person 1679.0 704.0 107.0 224.0
person 1496.0 691.0 109.0 230.0
person 1501.0 694.0 85.0 212.0
person 1568.0 705.0 89.0 187.0
person 1749.0 770.0 82.0 143.0
person 958.0 485.0 64.0 115.0
person 910.0 469.0 62.0 133.0
person 768.0 467.0 57.0 136.0
person 1552.0 531.0 60.0 152.0
person 825.0 478.0 46.0 98.0
person 796.0 460.0 49.0 110.0
person 707.0 449.0 56.0 113.0
person 801.0 460.0 48.0 121.0
person 1414.0 430.0 36.0 80.0
person 1423.0 422.0 53.0 91.0
