person 492.0 633.0 106.0 218.0
person 613.0 631.0 91.0 228.0
person 764.0 639.0 70.0 200.0
person 353.0 936.0 149.0 145.0
person 539.0 950.0 112.0 131.0
person 989.0 575.0 80.0 196.0
person 1046.0 576.0 65.0 193.0
person 1497.0 514.0 50.0 101.0
person 1162.0 601.0 72.0 195.0
person 1363.0 782.0 93.0 267.0
person 1259.0 776.0 107.0 268.0
person 857.0 545.0 45.0 122.0
person 907.0 509.0 60.0 158.0
person 829.0 562.0 57.0 154.0
person 994.0 543.0 61.0 156.0
person 959.0 519.0 49.0 146.0
person 999.0 516.0 55.0 153.0
person 1046.0 543.0 66.0 148.0
person 1209.0 647.0 90.0 216.0
person 1263.0 643.0 82.0 206.0
person 1307.0 650.0 81.0 187.0
person 1090.0 625.0 104.0 190.0
person 1403.0 608.0 70.0 184.0
person 1441.0 610.0 59.0 168.0
person 1436.0 670.0 111.0 200.0
person 1505.0 706.0 65.0 152.0
person 1659.0 664.0 118.0 215.0
person 1129.0 773.0 105.0 280.0
person 1494.0 604.0 78.0 185.0
person 1629.0 644.0 89.0 213.0
person 1805.0 689.0 93.0 189.0
person 70.0 852.0 111.0 227.0
person 169.0 883.0 106.0 198.0
person 64.0 989.0 104.0 91.0
person 460.0 769.0 101.0 220.0
person 734.0 770.0 116.0 246.0
person 1366.0 707.0 85.0 227.0
person 1727.0 702.0 84.0 225.0
person 1524.0 697.0 97.0 230.0
person 1527.0 703.0 84.0 212.0
person 1596.0 708.0 94.0 187.0
person 1780.0 772.0 82.0 143.0
person 950.0 486.0 64.0 115.0
person 901.0 470.0 62.0 133.0
person 762.0 465.0 58.0 136.0
person 1560.0 530.0 60.0 152.0
person 814.0 478.0 48.0 98.0
person 782.0 460.0 49.0 110.0
person 787.0 463.0 48.0 121.0
person 1412.0 432.0 36.0 80.0
person 1421.0 425.0 53.0 93.0
