person 492.0 630.0 106.0 215.0
person 614.0 629.0 89.0 227.0
person 768.0 635.0 69.0 199.0
person 345.0 940.0 149.0 141.0
person 535.0 953.0 114.0 128.0
person 985.0 574.0 80.0 195.0
person 1044.0 575.0 65.0 192.0
person 1497.0 513.0 50.0 100.0
person 1161.0 600.0 72.0 194.0
person 1362.0 785.0 95.0 268.0
person 1256.0 779.0 109.0 268.0
person 858.0 545.0 45.0 122.0
person 907.0 509.0 60.0 158.0
person 831.0 562.0 57.0 155.0
person 996.0 543.0 62.0 157.0
person 959.0 519.0 49.0 146.0
person 999.0 516.0 55.0 153.0
person 1049.0 543.0 66.0 150.0
person 1227.0 647.0 91.0 215.0
person 1277.0 643.0 80.0 206.0
person 1319.0 650.0 81.0 188.0
person 1106.0 625.0 96.0 190.0
person 1409.0 610.0 70.0 186.0
person 1446.0 610.0 59.0 171.0
person 1446.0 671.0 108.0 200.0
person 1516.0 706.0 65.0 152.0
person 1673.0 665.0 118.0 215.0
person 1125.0 774.0 106.0 282.0
person 1499.0 604.0 78.0 185.0
person 1638.0 645.0 90.0 214.0
person 1821.0 690.0 87.0 188.0
person 74.0 850.0 111.0 229.0
person 175.0 879.0 106.0 202.0
person 71.0 985.0 104.0 95.0
person 459.0 768.0 93.0 220.0
person 721.0 767.0 109.0 250.0
person 1360.0 707.0 78.0 226.0
person 1715.0 702.0 83.0 226.0
person 1508.0 697.0 108.0 230.0
person 1518.0 700.0 84.0 212.0
person 1587.0 707.0 92.0 187.0
person 1769.0 771.0 82.0 143.0
person 951.0 486.0 65.0 115.0
person 904.0 470.0 62.0 133.0
person 764.0 466.0 58.0 136.0
person 1558.0 530.0 60.0 152.0
person 817.0 478.0 47.0 98.0
person 786.0 460.0 50.0 110.0
person 699.0 450.0 56.0 109.0
person 792.0 462.0 48.0 121.0
person 1413.0 431.0 36.0 80.0
person 1421.0 424.0 53.0 92.0
