person 500.0 607.0 102.0 210.0
person 617.0 607.0 85.0 221.0
person 795.0 616.0 69.0 197.0
person 303.0 989.0 123.0 91.0
person 480.0 1000.0 134.0 81.0
person 984.0 564.0 72.0 194.0
person 1044.0 567.0 66.0 188.0
person 1499.0 501.0 46.0 100.0
person 1158.0 591.0 71.0 188.0
person 1348.0 808.0 104.0 272.0
person 1239.0 811.0 121.0 267.0
person 865.0 550.0 45.0 122.0
person 920.0 517.0 57.0 158.0
person 845.0 567.0 58.0 155.0
person 1043.0 550.0 66.0 155.0
person 971.0 526.0 50.0 146.0
person 1002.0 518.0 61.0 157.0
person 1100.0 548.0 60.0 159.0
person 1389.0 649.0 103.0 222.0
person 1425.0 649.0 82.0 206.0
person 1475.0 651.0 90.0 199.0
person 1252.0 633.0 95.0 195.0
person 1463.0 618.0 80.0 181.0
person 1510.0 619.0 61.0 181.0
person 1590.0 676.0 108.0 201.0
person 1657.0 712.0 72.0 153.0
person 1097.0 800.0 108.0 279.0
person 1557.0 609.0 79.0 186.0
person 1779.0 651.0 85.0 214.0
person 129.0 821.0 122.0 259.0
person 252.0 849.0 105.0 232.0
person 127.0 942.0 106.0 139.0
person 339.0 759.0 106.0 221.0
person 524.0 767.0 128.0 238.0
person 1242.0 680.0 78.0 209.0
person 1563.0 693.0 93.0 223.0
person 1389.0 680.0 93.0 229.0
person 1408.0 691.0 70.0 202.0
person 1467.0 699.0 90.0 189.0
person 1638.0 759.0 82.0 143.0
person 1801.0 742.0 92.0 180.0
person 1824.0 699.0 85.0 228.0
person 1000.0 484.0 54.0 115.0
person 940.0 470.0 61.0 135.0
person 787.0 472.0 57.0 136.0
person 1494.0 542.0 62.0 151.0
person 881.0 475.0 44.0 98.0
person 839.0 464.0 50.0 110.0
person 751.0 448.0 56.0 122.0
person 854.0 453.0 48.0 114.0
person 1422.0 422.0 36.0 80.0
person 1424.0 418.0 52.0 89.0
