person 490.0 586.0 90.0 206.0
person 606.0 589.0 84.0 208.0
person 740.0 610.0 72.0 191.0
person 987.0 570.0 68.0 196.0
person 1044.0 568.0 63.0 191.0
person 1458.0 494.0 46.0 101.0
person 1136.0 586.0 74.0 183.0
person 1324.0 870.0 117.0 210.0
person 1205.0 861.0 129.0 220.0
person 873.0 566.0 45.0 122.0
person 916.0 532.0 63.0 167.0
person 874.0 584.0 58.0 167.0
person 1145.0 569.0 64.0 158.0
person 992.0 540.0 50.0 146.0
person 1067.0 534.0 68.0 175.0
person 1192.0 566.0 61.0 161.0
person 1610.0 657.0 132.0 232.0
person 1639.0 657.0 82.0 214.0
person 1680.0 661.0 93.0 211.0
person 1440.0 649.0 95.0 202.0
person 1503.0 640.0 123.0 205.0
person 1555.0 630.0 64.0 203.0
person 1068.0 849.0 120.0 230.0
person 1623.0 637.0 80.0 193.0
person 215.0 790.0 109.0 264.0
person 324.0 810.0 104.0 258.0
person 214.0 891.0 105.0 190.0
person 205.0 760.0 98.0 221.0
person 273.0 775.0 150.0 238.0
person 1115.0 666.0 77.0 203.0
person 1416.0 672.0 98.0 220.0
person 1242.0 669.0 89.0 222.0
person 1259.0 680.0 73.0 193.0
person 1326.0 681.0 80.0 185.0
person 1484.0 747.0 79.0 140.0
person 1586.0 733.0 97.0 181.0
person 1595.0 689.0 100.0 214.0
person 1041.0 502.0 54.0 115.0
person 976.0 484.0 67.0 137.0
person 803.0 481.0 57.0 146.0
person 1360.0 543.0 78.0 173.0
person 939.0 485.0 45.0 106.0
person 880.0 466.0 58.0 116.0
person 823.0 459.0 56.0 122.0
person 774.0 462.0 58.0 114.0
person 751.0 459.0 49.0 121.0
person 787.0 446.0 45.0 119.0
person 910.0 467.0 48.0 113.0
person 1420.0 425.0 37.0 80.0
person 1419.0 420.0 52.0 89.0
