person 496.0 601.0 96.0 206.0
person 616.0 595.0 84.0 215.0
person 775.0 615.0 77.0 184.0
person 296.0 1030.0 78.0 50.0
person 987.0 564.0 68.0 194.0
person 1049.0 568.0 65.0 189.0
person 1483.0 495.0 46.0 101.0
person 1155.0 588.0 73.0 181.0
person 1341.0 835.0 102.0 244.0
person 1232.0 837.0 126.0 244.0
person 871.0 559.0 45.0 122.0
person 919.0 526.0 60.0 162.0
person 863.0 575.0 58.0 162.0
person 1090.0 561.0 70.0 155.0
person 984.0 532.0 50.0 146.0
person 1027.0 531.0 65.0 157.0
person 1144.0 555.0 60.0 161.0
person 1543.0 652.0 107.0 223.0
person 1548.0 651.0 73.0 212.0
person 1596.0 654.0 78.0 205.0
person 1356.0 640.0 86.0 200.0
person 1485.0 626.0 88.0 206.0
person 1549.0 623.0 64.0 181.0
person 1706.0 688.0 123.0 202.0
person 1781.0 719.0 73.0 158.0
person 1093.0 827.0 114.0 252.0
person 1595.0 624.0 80.0 187.0
person 175.0 804.0 118.0 265.0
person 299.0 825.0 103.0 256.0
person 175.0 913.0 105.0 168.0
person 288.0 759.0 91.0 221.0
person 387.0 773.0 144.0 239.0
person 1176.0 667.0 77.0 209.0
person 1463.0 680.0 108.0 220.0
person 1312.0 674.0 91.0 225.0
person 1324.0 687.0 70.0 199.0
person 1398.0 689.0 81.0 190.0
person 1541.0 756.0 82.0 143.0
person 1679.0 737.0 104.0 181.0
person 1714.0 700.0 97.0 214.0
person 1030.0 494.0 54.0 115.0
person 964.0 476.0 61.0 137.0
person 799.0 475.0 57.0 139.0
person 1426.0 546.0 73.0 169.0
person 918.0 478.0 44.0 98.0
person 865.0 467.0 55.0 113.0
person 792.0 454.0 57.0 122.0
person 746.0 455.0 57.0 121.0
person 733.0 454.0 42.0 116.0
person 740.0 441.0 46.0 119.0
person 896.0 459.0 48.0 113.0
person 1419.0 422.0 36.0 80.0
person 1421.0 419.0 52.0 89.0
