person 475.0 583.0 89.0 199.0
person 593.0 583.0 82.0 204.0
person 690.0 606.0 85.0 186.0
person 989.0 573.0 68.0 198.0
person 1045.0 572.0 60.0 190.0
person 1432.0 500.0 46.0 103.0
person 1123.0 588.0 73.0 187.0
person 1315.0 892.0 110.0 189.0
person 1172.0 882.0 138.0 197.0
person 873.0 571.0 45.0 122.0
person 909.0 539.0 65.0 171.0
person 882.0 592.0 58.0 172.0
person 1186.0 575.0 66.0 158.0
person 1005.0 552.0 49.0 146.0
person 1089.0 545.0 65.0 175.0
person 1233.0 570.0 61.0 161.0
person 1699.0 664.0 112.0 236.0
person 1695.0 669.0 108.0 213.0
person 1744.0 673.0 116.0 208.0
person 1501.0 662.0 93.0 202.0
person 1529.0 651.0 104.0 202.0
person 1576.0 645.0 66.0 203.0
person 1047.0 875.0 117.0 206.0
person 1637.0 647.0 81.0 196.0
person 242.0 783.0 108.0 252.0
person 349.0 798.0 105.0 257.0
person 238.0 879.0 106.0 202.0
person 171.0 763.0 84.0 220.0
person 191.0 774.0 135.0 241.0
person 1061.0 656.0 83.0 203.0
person 1392.0 665.0 88.0 215.0
person 1179.0 670.0 108.0 214.0
person 1220.0 679.0 73.0 193.0
person 1264.0 676.0 83.0 181.0
person 1460.0 743.0 65.0 139.0
person 1503.0 729.0 97.0 190.0
person 1530.0 688.0 90.0 214.0
person 1050.0 508.0 53.0 115.0
person 983.0 490.0 68.0 137.0
person 807.0 489.0 57.0 146.0
person 1310.0 546.0 78.0 174.0
person 951.0 491.0 45.0 106.0
person 892.0 474.0 58.0 116.0
person 829.0 462.0 56.0 128.0
person 783.0 466.0 58.0 113.0
person 751.0 462.0 49.0 121.0
person 813.0 449.0 46.0 119.0
person 754.0 442.0 44.0 122.0
person 735.0 433.0 44.0 134.0
person 914.0 470.0 48.0 113.0
person 1421.0 427.0 37.0 80.0
person 1417.0 420.0 52.0 89.0
