person 497.0 601.0 96.0 206.0
person 617.0 596.0 84.0 215.0
person 776.0 616.0 81.0 184.0
person 294.0 1026.0 84.0 54.0
person 987.0 563.0 68.0 194.0
person 1047.0 567.0 65.0 190.0
person 1485.0 496.0 46.0 101.0
person 1155.0 588.0 73.0 182.0
person 1342.0 832.0 102.0 247.0
person 1233.0 834.0 125.0 247.0
person 870.0 558.0 45.0 122.0
person 919.0 525.0 60.0 161.0
person 862.0 574.0 58.0 161.0
person 1083.0 559.0 72.0 155.0
person 983.0 531.0 50.0 146.0
person 1024.0 529.0 65.0 157.0
person 1138.0 553.0 60.0 161.0
person 1527.0 652.0 105.0 222.0
person 1534.0 651.0 74.0 211.0
person 1591.0 654.0 68.0 205.0
person 1347.0 640.0 80.0 200.0
person 1482.0 625.0 86.0 204.0
person 1545.0 623.0 64.0 181.0
person 1693.0 687.0 121.0 202.0
person 1766.0 719.0 73.0 158.0
person 1095.0 824.0 112.0 256.0
person 1592.0 621.0 80.0 187.0
person 170.0 805.0 119.0 265.0
person 294.0 827.0 104.0 254.0
person 170.0 916.0 105.0 165.0
person 299.0 758.0 88.0 221.0
person 409.0 771.0 123.0 240.0
person 1183.0 669.0 77.0 209.0
person 1471.0 680.0 108.0 220.0
person 1319.0 675.0 91.0 226.0
person 1332.0 688.0 70.0 200.0
person 1406.0 690.0 81.0 190.0
person 1550.0 756.0 82.0 143.0
person 1692.0 738.0 102.0 181.0
person 1726.0 699.0 96.0 214.0
person 1027.0 493.0 54.0 115.0
person 962.0 476.0 60.0 137.0
person 799.0 474.0 57.0 138.0
person 1433.0 545.0 70.0 165.0
person 915.0 478.0 44.0 98.0
person 863.0 467.0 54.0 113.0
person 788.0 454.0 57.0 122.0
person 743.0 455.0 57.0 121.0
person 729.0 454.0 42.0 116.0
person 734.0 440.0 46.0 119.0
person 894.0 457.0 49.0 113.0
person 1419.0 422.0 36.0 80.0
person 1422.0 419.0 52.0 89.0
