person 500.0 611.0 102.0 214.0
person 616.0 612.0 86.0 224.0
person 789.0 618.0 70.0 197.0
person 314.0 972.0 130.0 108.0
person 465.0 985.0 161.0 96.0
person 982.0 567.0 75.0 194.0
person 1040.0 570.0 66.0 186.0
person 1503.0 503.0 46.0 101.0
person 1160.0 592.0 70.0 191.0
person 1358.0 801.0 101.0 275.0
person 1245.0 804.0 104.0 268.0
person 863.0 548.0 45.0 122.0
person 921.0 515.0 54.0 158.0
person 842.0 567.0 58.0 155.0
person 1027.0 547.0 66.0 158.0
person 964.0 526.0 50.0 146.0
person 997.0 516.0 60.0 156.0
person 1089.0 546.0 60.0 156.0
person 1360.0 646.0 96.0 222.0
person 1388.0 648.0 82.0 205.0
person 1433.0 649.0 87.0 197.0
person 1207.0 630.0 99.0 193.0
person 1455.0 616.0 80.0 181.0
person 1494.0 612.0 60.0 181.0
person 1549.0 673.0 104.0 200.0
person 1618.0 711.0 73.0 151.0
person 1103.0 792.0 108.0 282.0
person 1548.0 607.0 77.0 185.0
person 1731.0 651.0 88.0 212.0
person 114.0 828.0 118.0 251.0
person 232.0 858.0 106.0 223.0
person 109.0 954.0 106.0 126.0
person 376.0 763.0 89.0 221.0
person 565.0 771.0 144.0 240.0
person 1263.0 686.0 78.0 212.0
person 1593.0 693.0 118.0 223.0
person 1434.0 683.0 89.0 228.0
person 1439.0 690.0 70.0 210.0
person 1501.0 704.0 89.0 187.0
person 1673.0 761.0 82.0 143.0
person 1852.0 744.0 68.0 178.0
person 988.0 483.0 56.0 115.0
person 932.0 468.0 62.0 134.0
person 780.0 470.0 57.0 136.0
person 1514.0 541.0 59.0 151.0
person 865.0 475.0 44.0 98.0
person 828.0 461.0 50.0 110.0
person 737.0 447.0 56.0 122.0
person 836.0 454.0 48.0 118.0
person 1420.0 425.0 36.0 80.0
person 1426.0 418.0 52.0 89.0
