person 455.0 575.0 89.0 194.0
person 572.0 568.0 77.0 208.0
person 640.0 608.0 73.0 183.0
person 996.0 573.0 67.0 203.0
person 1056.0 577.0 61.0 193.0
person 1405.0 504.0 46.0 104.0
person 1127.0 591.0 69.0 193.0
person 1279.0 920.0 122.0 161.0
person 1146.0 913.0 129.0 167.0
person 864.0 589.0 48.0 125.0
person 912.0 546.0 65.0 172.0
person 889.0 601.0 70.0 173.0
person 1249.0 582.0 66.0 158.0
person 1041.0 565.0 51.0 147.0
person 1119.0 555.0 82.0 176.0
person 1304.0 578.0 61.0 161.0
person 1574.0 672.0 79.0 217.0
person 1604.0 663.0 95.0 212.0
person 1604.0 655.0 66.0 203.0
person 1013.0 907.0 117.0 174.0
person 1670.0 661.0 80.0 203.0
person 278.0 769.0 105.0 254.0
person 373.0 787.0 106.0 245.0
person 267.0 857.0 119.0 224.0
person 156.0 758.0 72.0 227.0
person 167.0 765.0 76.0 257.0
person 1005.0 643.0 74.0 203.0
person 1389.0 656.0 88.0 207.0
person 1149.0 670.0 83.0 215.0
person 1189.0 680.0 70.0 194.0
person 1191.0 670.0 74.0 175.0
person 1452.0 737.0 66.0 139.0
person 1419.0 722.0 81.0 183.0
person 1464.0 688.0 78.0 212.0
person 1061.0 519.0 58.0 116.0
person 995.0 501.0 67.0 136.0
person 814.0 499.0 58.0 146.0
person 1246.0 550.0 78.0 175.0
person 971.0 498.0 42.0 106.0
person 906.0 483.0 58.0 116.0
person 845.0 467.0 56.0 131.0
person 783.0 470.0 56.0 122.0
person 751.0 468.0 49.0 121.0
person 858.0 450.0 47.0 119.0
person 800.0 450.0 46.0 122.0
person 774.0 439.0 42.0 133.0
person 745.0 451.0 45.0 122.0
person 932.0 476.0 48.0 113.0
person 1423.0 430.0 37.0 80.0
person 1420.0 421.0 52.0 89.0
