person 484.0 583.0 90.0 206.0
person 601.0 588.0 84.0 204.0
person 732.0 609.0 60.0 195.0
person 987.0 571.0 68.0 197.0
person 1046.0 569.0 61.0 190.0
person 1448.0 496.0 46.0 102.0
person 1129.0 587.0 74.0 183.0
person 1321.0 879.0 115.0 202.0
person 1188.0 871.0 140.0 210.0
person 873.0 568.0 45.0 122.0
person 913.0 535.0 64.0 168.0
person 878.0 588.0 58.0 168.0
person 1161.0 570.0 65.0 158.0
person 996.0 544.0 49.0 146.0
person 1075.0 538.0 67.0 175.0
person 1208.0 568.0 61.0 161.0
person 1637.0 658.0 135.0 238.0
person 1663.0 660.0 90.0 214.0
person 1709.0 666.0 102.0 211.0
person 1468.0 652.0 84.0 203.0
person 1515.0 643.0 111.0 211.0
person 1563.0 635.0 64.0 203.0
person 1061.0 859.0 119.0 221.0
person 1631.0 639.0 80.0 196.0
person 225.0 788.0 109.0 259.0
person 334.0 806.0 104.0 257.0
person 223.0 886.0 106.0 195.0
person 189.0 761.0 89.0 220.0
person 251.0 771.0 115.0 238.0
person 1094.0 663.0 78.0 203.0
person 1411.0 669.0 89.0 220.0
person 1223.0 667.0 85.0 221.0
person 1243.0 680.0 73.0 193.0
person 1304.0 678.0 78.0 185.0
person 1475.0 746.0 73.0 139.0
person 1559.0 730.0 88.0 187.0
person 1569.0 688.0 95.0 215.0
person 1045.0 504.0 53.0 115.0
person 979.0 486.0 69.0 137.0
person 805.0 484.0 57.0 146.0
person 1341.0 544.0 78.0 173.0
person 944.0 487.0 45.0 106.0
person 885.0 467.0 58.0 116.0
person 827.0 460.0 56.0 124.0
person 778.0 464.0 58.0 113.0
person 751.0 460.0 49.0 121.0
person 797.0 447.0 45.0 119.0
person 736.0 440.0 44.0 122.0
person 912.0 468.0 48.0 113.0
person 1421.0 426.0 36.0 80.0
person 1418.0 420.0 52.0 89.0
