person 501.0 618.0 101.0 214.0
person 616.0 618.0 86.0 224.0
person 783.0 624.0 69.0 197.0
person 318.0 962.0 138.0 118.0
person 497.0 973.0 138.0 108.0
person 981.0 569.0 76.0 194.0
person 1037.0 572.0 66.0 185.0
person 1501.0 506.0 47.0 101.0
person 1160.0 595.0 71.0 192.0
person 1361.0 796.0 100.0 275.0
person 1246.0 797.0 108.0 268.0
person 861.0 547.0 45.0 122.0
person 915.0 512.0 57.0 158.0
person 841.0 567.0 58.0 155.0
person 1015.0 545.0 65.0 158.0
person 962.0 524.0 50.0 146.0
person 998.0 516.0 58.0 155.0
person 1077.0 545.0 62.0 154.0
person 1314.0 648.0 87.0 222.0
person 1356.0 647.0 81.0 205.0
person 1397.0 648.0 82.0 194.0
person 1171.0 629.0 99.0 191.0
person 1445.0 614.0 79.0 182.0
person 1479.0 609.0 60.0 180.0
person 1514.0 673.0 101.0 200.0
person 1584.0 711.0 74.0 151.0
person 1773.0 662.0 115.0 215.0
person 1108.0 786.0 108.0 284.0
person 1534.0 605.0 77.0 185.0
person 1695.0 649.0 88.0 212.0
person 101.0 834.0 114.0 245.0
person 214.0 864.0 106.0 217.0
person 97.0 964.0 105.0 116.0
person 403.0 766.0 83.0 221.0
person 615.0 770.0 116.0 243.0
person 1297.0 691.0 77.0 221.0
person 1627.0 694.0 100.0 223.0
person 1458.0 685.0 93.0 229.0
person 1464.0 690.0 75.0 212.0
person 1527.0 704.0 89.0 187.0
person 1704.0 765.0 82.0 143.0
person 976.0 484.0 59.0 115.0
person 924.0 467.0 62.0 133.0
person 775.0 469.0 57.0 136.0
person 1530.0 538.0 58.0 151.0
person 850.0 477.0 46.0 98.0
person 817.0 460.0 49.0 110.0
person 727.0 447.0 56.0 122.0
person 821.0 455.0 48.0 121.0
person 1418.0 427.0 36.0 80.0
person 1427.0 418.0 52.0 89.0
