person 495.0 593.0 92.0 206.0
person 613.0 591.0 84.0 213.0
person 759.0 613.0 68.0 187.0
person 987.0 567.0 68.0 195.0
person 1046.0 568.0 64.0 190.0
person 1469.0 494.0 46.0 101.0
person 1145.0 586.0 74.0 182.0
person 1326.0 851.0 110.0 228.0
person 1220.0 849.0 124.0 232.0
person 873.0 563.0 45.0 122.0
person 919.0 529.0 62.0 164.0
person 870.0 579.0 58.0 167.0
person 1121.0 567.0 64.0 157.0
person 989.0 537.0 49.0 146.0
person 1049.0 532.0 67.0 167.0
person 1171.0 563.0 60.0 161.0
person 1565.0 657.0 134.0 227.0
person 1604.0 653.0 72.0 215.0
person 1637.0 656.0 90.0 209.0
person 1393.0 645.0 112.0 202.0
person 1494.0 634.0 114.0 204.0
person 1553.0 627.0 64.0 192.0
person 1767.0 692.0 117.0 202.0
person 1079.0 838.0 119.0 241.0
person 1610.0 633.0 80.0 189.0
person 198.0 796.0 112.0 265.0
person 310.0 816.0 105.0 264.0
person 198.0 900.0 105.0 181.0
person 247.0 764.0 82.0 220.0
person 333.0 770.0 110.0 244.0
person 1144.0 672.0 78.0 202.0
person 1434.0 676.0 101.0 220.0
person 1271.0 672.0 95.0 222.0
person 1286.0 683.0 72.0 194.0
person 1358.0 685.0 81.0 186.0
person 1506.0 751.0 82.0 141.0
person 1652.0 735.0 74.0 181.0
person 1649.0 696.0 99.0 214.0
person 1037.0 498.0 53.0 115.0
person 972.0 480.0 64.0 137.0
person 801.0 478.0 57.0 146.0
person 1389.0 544.0 77.0 173.0
person 931.0 482.0 45.0 101.0
person 875.0 466.0 58.0 116.0
person 810.0 457.0 56.0 122.0
person 761.0 459.0 58.0 120.0
person 748.0 457.0 44.0 117.0
person 767.0 444.0 46.0 119.0
person 903.0 464.0 48.0 113.0
person 1420.0 424.0 36.0 80.0
person 1420.0 419.0 52.0 89.0
