person 450.0 574.0 89.0 194.0
person 568.0 568.0 76.0 205.0
person 631.0 607.0 73.0 182.0
person 997.0 573.0 67.0 203.0
person 1060.0 578.0 61.0 194.0
person 1402.0 504.0 46.0 104.0
person 1129.0 591.0 69.0 193.0
person 1277.0 925.0 122.0 156.0
person 1142.0 920.0 133.0 160.0
person 862.0 592.0 49.0 126.0
person 911.0 547.0 65.0 173.0
person 893.0 603.0 70.0 174.0
person 1260.0 583.0 66.0 158.0
person 1051.0 567.0 52.0 148.0
person 1129.0 558.0 82.0 176.0
person 1315.0 580.0 61.0 161.0
person 1590.0 673.0 72.0 219.0
person 1621.0 665.0 93.0 211.0
person 1611.0 658.0 66.0 203.0
person 1009.0 914.0 117.0 167.0
person 1680.0 664.0 81.0 203.0
person 284.0 766.0 105.0 257.0
person 378.0 784.0 104.0 245.0
person 274.0 854.0 120.0 227.0
person 157.0 758.0 72.0 227.0
person 167.0 767.0 77.0 258.0
person 994.0 641.0 76.0 203.0
person 1391.0 654.0 88.0 206.0
person 1145.0 668.0 82.0 217.0
person 1186.0 680.0 70.0 194.0
person 1180.0 669.0 70.0 175.0
person 1454.0 735.0 66.0 139.0
person 1399.0 720.0 88.0 183.0
person 1455.0 686.0 77.0 212.0
person 1064.0 522.0 58.0 116.0
person 999.0 504.0 68.0 136.0
person 817.0 501.0 58.0 146.0
person 1234.0 551.0 78.0 175.0
person 977.0 500.0 38.0 106.0
person 909.0 484.0 58.0 116.0
person 848.0 470.0 56.0 131.0
person 786.0 472.0 58.0 122.0
person 751.0 470.0 49.0 122.0
person 864.0 453.0 47.0 119.0
person 807.0 450.0 46.0 122.0
person 782.0 440.0 42.0 133.0
person 753.0 452.0 45.0 122.0
person 934.0 477.0 48.0 113.0
person 1423.0 430.0 37.0 80.0
person 1422.0 422.0 52.0 89.0
