person 500.0 627.0 101.0 214.0
person 616.0 623.0 86.0 224.0
person 780.0 627.0 74.0 196.0
person 317.0 958.0 149.0 123.0
person 517.0 964.0 124.0 117.0
person 980.0 571.0 78.0 194.0
person 1040.0 573.0 65.0 188.0
person 1500.0 509.0 48.0 100.0
person 1161.0 597.0 71.0 193.0
person 1359.0 793.0 100.0 274.0
person 1245.0 790.0 115.0 268.0
person 860.0 547.0 45.0 122.0
person 910.0 510.0 60.0 158.0
person 837.0 565.0 58.0 155.0
person 1005.0 544.0 65.0 158.0
person 961.0 522.0 50.0 146.0
person 998.0 516.0 57.0 154.0
person 1066.0 544.0 63.0 153.0
person 1281.0 645.0 88.0 222.0
person 1326.0 645.0 81.0 206.0
person 1367.0 648.0 81.0 192.0
person 1155.0 626.0 82.0 190.0
person 1432.0 613.0 75.0 185.0
person 1466.0 611.0 60.0 176.0
person 1485.0 673.0 98.0 200.0
person 1559.0 709.0 68.0 151.0
person 1733.0 664.0 117.0 215.0
person 1113.0 781.0 108.0 284.0
person 1521.0 604.0 77.0 185.0
person 1671.0 648.0 89.0 213.0
person 90.0 839.0 112.0 240.0
person 199.0 869.0 106.0 212.0
person 87.0 972.0 105.0 108.0
person 416.0 767.0 91.0 220.0
person 655.0 771.0 119.0 244.0
person 1323.0 698.0 77.0 221.0
person 1663.0 699.0 94.0 223.0
person 1481.0 687.0 96.0 230.0
person 1484.0 691.0 83.0 212.0
person 1550.0 704.0 88.0 187.0
person 1729.0 769.0 82.0 143.0
person 966.0 485.0 62.0 115.0
person 917.0 468.0 62.0 133.0
person 771.0 468.0 57.0 136.0
person 1542.0 534.0 59.0 152.0
person 836.0 478.0 46.0 98.0
person 805.0 460.0 50.0 110.0
person 716.0 448.0 56.0 117.0
person 810.0 458.0 48.0 121.0
person 1416.0 428.0 36.0 80.0
person 1425.0 420.0 52.0 90.0
