person 501.0 620.0 101.0 214.0
person 616.0 619.0 86.0 224.0
person 782.0 624.0 70.0 197.0
person 318.0 961.0 140.0 120.0
person 504.0 971.0 133.0 110.0
person 981.0 569.0 76.0 194.0
person 1038.0 572.0 65.0 186.0
person 1501.0 507.0 47.0 100.0
person 1160.0 595.0 71.0 192.0
person 1361.0 796.0 100.0 274.0
person 1245.0 795.0 110.0 268.0
person 861.0 547.0 45.0 122.0
person 914.0 512.0 58.0 158.0
person 841.0 567.0 58.0 155.0
person 1013.0 545.0 65.0 158.0
person 962.0 523.0 50.0 146.0
person 998.0 516.0 58.0 155.0
person 1075.0 545.0 62.0 154.0
person 1308.0 649.0 87.0 222.0
person 1350.0 646.0 81.0 206.0
person 1391.0 648.0 81.0 193.0
person 1165.0 629.0 99.0 190.0
person 1443.0 614.0 77.0 183.0
person 1476.0 610.0 60.0 178.0
person 1508.0 673.0 100.0 200.0
person 1579.0 710.0 72.0 151.0
person 1765.0 663.0 115.0 215.0
person 1109.0 785.0 108.0 284.0
person 1531.0 605.0 77.0 185.0
person 1689.0 649.0 88.0 212.0
person 99.0 835.0 113.0 244.0
person 211.0 865.0 106.0 216.0
person 95.0 965.0 105.0 115.0
person 406.0 766.0 84.0 221.0
person 625.0 769.0 109.0 244.0
person 1302.0 692.0 77.0 221.0
person 1638.0 695.0 93.0 223.0
person 1463.0 686.0 91.0 229.0
person 1468.0 690.0 77.0 212.0
person 1532.0 704.0 88.0 187.0
person 1709.0 766.0 82.0 143.0
person 974.0 484.0 60.0 115.0
person 923.0 467.0 62.0 133.0
person 774.0 468.0 57.0 136.0
person 1532.0 537.0 59.0 152.0
person 848.0 478.0 46.0 98.0
person 814.0 460.0 50.0 110.0
person 724.0 447.0 56.0 121.0
person 819.0 456.0 48.0 121.0
person 1417.0 427.0 36.0 80.0
person 1426.0 418.0 52.0 89.0
