person 495.0 592.0 92.0 206.0
person 612.0 591.0 84.0 212.0
person 755.0 613.0 69.0 188.0
person 987.0 567.0 68.0 196.0
person 1045.0 568.0 64.0 190.0
person 1467.0 494.0 46.0 101.0
person 1144.0 586.0 74.0 182.0
person 1326.0 854.0 111.0 225.0
person 1219.0 850.0 123.0 231.0
person 873.0 563.0 45.0 122.0
person 919.0 529.0 62.0 165.0
person 870.0 580.0 58.0 167.0
person 1125.0 567.0 64.0 158.0
person 989.0 537.0 50.0 146.0
person 1052.0 532.0 66.0 169.0
person 1174.0 563.0 60.0 161.0
person 1574.0 657.0 131.0 226.0
person 1609.0 653.0 74.0 215.0
person 1644.0 656.0 87.0 210.0
person 1394.0 646.0 116.0 203.0
person 1495.0 635.0 116.0 204.0
person 1553.0 627.0 64.0 194.0
person 1774.0 693.0 116.0 202.0
person 1077.0 839.0 120.0 240.0
person 1612.0 634.0 80.0 189.0
person 200.0 795.0 112.0 265.0
person 312.0 815.0 105.0 263.0
person 201.0 898.0 105.0 183.0
person 240.0 763.0 86.0 220.0
person 321.0 770.0 119.0 244.0
person 1139.0 671.0 78.0 202.0
person 1429.0 676.0 103.0 220.0
person 1266.0 672.0 95.0 221.0
person 1281.0 682.0 73.0 194.0
person 1353.0 685.0 81.0 185.0
person 1503.0 750.0 82.0 141.0
person 1651.0 735.0 60.0 181.0
person 1641.0 695.0 99.0 214.0
person 1037.0 499.0 54.0 115.0
person 973.0 481.0 64.0 137.0
person 801.0 478.0 57.0 146.0
person 1385.0 544.0 77.0 173.0
person 933.0 482.0 44.0 102.0
person 876.0 466.0 58.0 116.0
person 812.0 457.0 56.0 122.0
person 763.0 459.0 58.0 120.0
person 749.0 457.0 44.0 118.0
person 770.0 444.0 46.0 119.0
person 904.0 464.0 48.0 113.0
person 1420.0 424.0 36.0 80.0
person 1420.0 419.0 52.0 89.0
