person 500.0 609.0 102.0 211.0
person 616.0 609.0 86.0 223.0
person 792.0 616.0 69.0 197.0
person 309.0 982.0 127.0 98.0
person 474.0 993.0 145.0 88.0
person 983.0 565.0 73.0 194.0
person 1042.0 568.0 66.0 187.0
person 1502.0 502.0 46.0 100.0
person 1159.0 591.0 70.0 190.0
person 1353.0 804.0 102.0 275.0
person 1241.0 808.0 115.0 268.0
person 864.0 549.0 45.0 122.0
person 921.0 516.0 55.0 158.0
person 843.0 567.0 58.0 155.0
person 1036.0 549.0 66.0 156.0
person 968.0 526.0 50.0 146.0
person 998.0 516.0 61.0 157.0
person 1095.0 547.0 60.0 158.0
person 1366.0 648.0 104.0 221.0
person 1409.0 649.0 82.0 205.0
person 1457.0 650.0 91.0 199.0
person 1231.0 630.0 99.0 195.0
person 1460.0 617.0 80.0 181.0
person 1503.0 616.0 60.0 181.0
person 1572.0 674.0 107.0 201.0
person 1641.0 711.0 72.0 151.0
person 1099.0 797.0 108.0 280.0
person 1553.0 608.0 78.0 186.0
person 1755.0 653.0 88.0 212.0
person 122.0 824.0 121.0 256.0
person 245.0 854.0 105.0 227.0
person 119.0 947.0 106.0 134.0
person 349.0 760.0 105.0 221.0
person 549.0 765.0 118.0 238.0
person 1248.0 683.0 78.0 209.0
person 1577.0 693.0 106.0 223.0
person 1412.0 682.0 85.0 227.0
person 1421.0 691.0 70.0 205.0
person 1482.0 701.0 89.0 188.0
person 1653.0 760.0 82.0 143.0
person 1817.0 744.0 92.0 179.0
person 996.0 483.0 54.0 115.0
person 936.0 469.0 62.0 135.0
person 784.0 471.0 57.0 136.0
person 1503.0 542.0 60.0 151.0
person 875.0 474.0 44.0 98.0
person 834.0 463.0 50.0 110.0
person 745.0 447.0 56.0 122.0
person 846.0 453.0 48.0 116.0
person 1422.0 423.0 36.0 80.0
person 1425.0 418.0 52.0 89.0
