person 476.0 583.0 90.0 200.0
person 594.0 584.0 83.0 204.0
person 691.0 606.0 88.0 187.0
person 988.0 573.0 68.0 198.0
person 1045.0 571.0 60.0 190.0
person 1434.0 499.0 46.0 103.0
person 1123.0 588.0 73.0 186.0
person 1316.0 890.0 110.0 191.0
person 1174.0 881.0 139.0 198.0
person 873.0 570.0 45.0 122.0
person 909.0 538.0 66.0 171.0
person 882.0 592.0 58.0 171.0
person 1183.0 574.0 66.0 158.0
person 1003.0 551.0 49.0 146.0
person 1087.0 544.0 66.0 175.0
person 1230.0 570.0 61.0 161.0
person 1693.0 663.0 107.0 235.0
person 1692.0 667.0 105.0 213.0
person 1740.0 672.0 114.0 208.0
person 1493.0 660.0 93.0 203.0
person 1528.0 650.0 104.0 204.0
person 1574.0 643.0 66.0 203.0
person 1050.0 873.0 117.0 208.0
person 1637.0 646.0 80.0 196.0
person 240.0 784.0 108.0 253.0
person 347.0 799.0 105.0 257.0
person 236.0 880.0 106.0 201.0
person 172.0 765.0 86.0 220.0
person 198.0 773.0 133.0 241.0
person 1065.0 657.0 83.0 203.0
person 1393.0 666.0 88.0 215.0
person 1184.0 669.0 105.0 215.0
person 1222.0 679.0 73.0 193.0
person 1269.0 676.0 82.0 182.0
person 1463.0 744.0 64.0 139.0
person 1511.0 729.0 94.0 190.0
person 1534.0 688.0 90.0 214.0
person 1049.0 508.0 53.0 115.0
person 983.0 490.0 68.0 137.0
person 806.0 489.0 58.0 146.0
person 1314.0 546.0 78.0 174.0
person 950.0 490.0 45.0 106.0
person 892.0 474.0 58.0 116.0
person 829.0 462.0 56.0 128.0
person 782.0 466.0 58.0 113.0
person 751.0 461.0 49.0 121.0
person 811.0 449.0 46.0 119.0
person 751.0 442.0 44.0 122.0
person 733.0 433.0 44.0 134.0
person 914.0 470.0 48.0 113.0
person 1421.0 427.0 37.0 80.0
person 1417.0 420.0 52.0 89.0
