person 495.0 598.0 94.0 206.0
person 615.0 592.0 84.0 215.0
person 771.0 612.0 64.0 187.0
person 987.0 566.0 68.0 195.0
person 1048.0 569.0 64.0 188.0
person 1474.0 495.0 46.0 101.0
person 1148.0 587.0 74.0 181.0
person 1330.0 845.0 107.0 234.0
person 1224.0 845.0 124.0 236.0
person 873.0 562.0 45.0 122.0
person 920.0 527.0 61.0 164.0
person 868.0 577.0 58.0 167.0
person 1111.0 566.0 65.0 156.0
person 987.0 535.0 50.0 146.0
person 1042.0 532.0 66.0 163.0
person 1162.0 560.0 60.0 161.0
person 1546.0 657.0 135.0 226.0
person 1588.0 651.0 69.0 215.0
person 1617.0 654.0 98.0 206.0
person 1386.0 641.0 101.0 202.0
person 1491.0 632.0 105.0 204.0
person 1552.0 626.0 65.0 188.0
person 1746.0 691.0 121.0 202.0
person 1084.0 834.0 117.0 245.0
person 1605.0 631.0 80.0 187.0
person 190.0 798.0 114.0 265.0
person 306.0 819.0 105.0 262.0
person 191.0 904.0 105.0 177.0
person 263.0 763.0 81.0 220.0
person 361.0 769.0 110.0 245.0
person 1154.0 666.0 78.0 206.0
person 1447.0 678.0 97.0 220.0
person 1288.0 673.0 93.0 222.0
person 1298.0 684.0 72.0 196.0
person 1371.0 687.0 81.0 187.0
person 1518.0 752.0 82.0 142.0
person 1659.0 736.0 102.0 182.0
person 1673.0 699.0 98.0 214.0
person 1035.0 497.0 54.0 115.0
person 970.0 479.0 63.0 137.0
person 800.0 477.0 57.0 144.0
person 1402.0 545.0 76.0 173.0
person 928.0 480.0 44.0 99.0
person 872.0 466.0 58.0 116.0
person 804.0 456.0 57.0 122.0
person 756.0 458.0 58.0 121.0
person 745.0 456.0 42.0 116.0
person 758.0 443.0 46.0 119.0
person 900.0 462.0 48.0 113.0
person 1419.0 423.0 37.0 80.0
person 1420.0 419.0 52.0 89.0
