person 461.0 578.0 89.0 194.0
person 581.0 574.0 79.0 208.0
person 660.0 609.0 66.0 182.0
person 994.0 573.0 68.0 202.0
person 1050.0 576.0 60.0 192.0
person 1411.0 504.0 46.0 104.0
person 1124.0 591.0 69.0 193.0
person 1284.0 913.0 122.0 168.0
person 1152.0 901.0 125.0 179.0
person 867.0 583.0 47.0 124.0
person 912.0 543.0 66.0 173.0
person 884.0 599.0 68.0 172.0
person 1230.0 580.0 66.0 158.0
person 1024.0 562.0 50.0 147.0
person 1109.0 552.0 77.0 175.0
person 1284.0 575.0 61.0 161.0
person 1774.0 686.0 105.0 214.0
person 1541.0 669.0 97.0 215.0
person 1578.0 660.0 98.0 211.0
person 1596.0 652.0 66.0 203.0
person 1019.0 897.0 117.0 184.0
person 1658.0 657.0 80.0 200.0
person 267.0 774.0 107.0 251.0
person 366.0 790.0 106.0 248.0
person 258.0 864.0 115.0 217.0
person 155.0 758.0 72.0 227.0
person 171.0 768.0 87.0 254.0
person 1020.0 646.0 79.0 203.0
person 1386.0 658.0 88.0 211.0
person 1156.0 670.0 87.0 215.0
person 1196.0 677.0 70.0 194.0
person 1209.0 674.0 82.0 175.0
person 1450.0 738.0 66.0 139.0
person 1445.0 726.0 77.0 184.0
person 1479.0 688.0 85.0 212.0
person 1058.0 516.0 56.0 116.0
person 990.0 497.0 64.0 136.0
person 811.0 496.0 58.0 146.0
person 1265.0 549.0 78.0 175.0
person 963.0 495.0 46.0 107.0
person 901.0 481.0 58.0 116.0
person 839.0 465.0 56.0 131.0
person 783.0 469.0 56.0 119.0
person 751.0 465.0 49.0 122.0
person 846.0 450.0 46.0 119.0
person 785.0 447.0 46.0 122.0
person 760.0 437.0 42.0 133.0
person 733.0 450.0 45.0 121.0
person 927.0 474.0 48.0 113.0
person 1422.0 429.0 37.0 80.0
person 1418.0 421.0 52.0 89.0
