person 503.0 606.0 96.0 208.0
person 618.0 601.0 84.0 216.0
person 791.0 618.0 83.0 181.0
person 288.0 1004.0 113.0 76.0
person 986.0 562.0 69.0 194.0
person 1047.0 565.0 66.0 189.0
person 1494.0 499.0 46.0 100.0
person 1157.0 589.0 71.0 186.0
person 1340.0 819.0 109.0 260.0
person 1239.0 822.0 121.0 259.0
person 867.0 553.0 45.0 122.0
person 917.0 519.0 61.0 158.0
person 852.0 570.0 58.0 157.0
person 1058.0 553.0 68.0 154.0
person 977.0 527.0 50.0 146.0
person 1011.0 523.0 63.0 157.0
person 1114.0 550.0 60.0 160.0
person 1447.0 651.0 99.0 222.0
person 1467.0 650.0 80.0 207.0
person 1517.0 652.0 84.0 199.0
person 1300.0 629.0 72.0 198.0
person 1472.0 621.0 80.0 183.0
person 1525.0 621.0 62.0 181.0
person 1631.0 679.0 111.0 203.0
person 1696.0 715.0 72.0 157.0
person 1095.0 809.0 109.0 271.0
person 1567.0 612.0 80.0 187.0
person 1835.0 649.0 78.0 217.0
person 145.0 814.0 124.0 265.0
person 269.0 840.0 106.0 241.0
person 145.0 930.0 105.0 151.0
person 327.0 758.0 94.0 221.0
person 477.0 772.0 129.0 239.0
person 1211.0 674.0 77.0 209.0
person 1521.0 690.0 121.0 223.0
person 1365.0 677.0 85.0 230.0
person 1377.0 690.0 70.0 200.0
person 1437.0 695.0 89.0 190.0
person 1600.0 757.0 82.0 143.0
person 1764.0 738.0 92.0 182.0
person 1788.0 700.0 87.0 224.0
person 1011.0 488.0 54.0 115.0
person 948.0 472.0 60.0 137.0
person 793.0 473.0 57.0 136.0
person 1469.0 543.0 62.0 152.0
person 895.0 478.0 44.0 98.0
person 850.0 467.0 49.0 110.0
person 766.0 452.0 56.0 122.0
person 726.0 449.0 51.0 121.0
person 708.0 451.0 42.0 116.0
person 873.0 454.0 48.0 113.0
person 1421.0 422.0 36.0 80.0
person 1423.0 418.0 52.0 89.0
