person 485.0 583.0 90.0 206.0
person 603.0 589.0 84.0 205.0
person 735.0 609.0 66.0 193.0
person 987.0 571.0 68.0 196.0
person 1045.0 569.0 62.0 190.0
person 1452.0 495.0 46.0 102.0
person 1132.0 587.0 74.0 183.0
person 1322.0 876.0 117.0 205.0
person 1195.0 867.0 135.0 214.0
person 873.0 567.0 45.0 122.0
person 914.0 534.0 64.0 168.0
person 877.0 587.0 58.0 167.0
person 1155.0 570.0 64.0 158.0
person 994.0 542.0 49.0 146.0
person 1072.0 536.0 67.0 175.0
person 1201.0 567.0 61.0 161.0
person 1626.0 657.0 134.0 236.0
person 1653.0 659.0 88.0 214.0
person 1697.0 664.0 98.0 211.0
person 1467.0 650.0 80.0 202.0
person 1511.0 642.0 115.0 209.0
person 1559.0 633.0 65.0 203.0
person 1064.0 855.0 119.0 224.0
person 1629.0 638.0 80.0 195.0
person 221.0 789.0 109.0 260.0
person 330.0 808.0 104.0 257.0
person 219.0 888.0 106.0 193.0
person 195.0 761.0 93.0 220.0
person 262.0 772.0 122.0 238.0
person 1103.0 664.0 77.0 203.0
person 1413.0 670.0 92.0 220.0
person 1232.0 667.0 84.0 222.0
person 1250.0 680.0 73.0 193.0
person 1313.0 679.0 78.0 185.0
person 1479.0 746.0 75.0 140.0
person 1570.0 732.0 92.0 184.0
person 1580.0 689.0 97.0 214.0
person 1043.0 503.0 54.0 115.0
person 978.0 485.0 68.0 137.0
person 804.0 483.0 57.0 146.0
person 1348.0 543.0 78.0 174.0
person 942.0 486.0 45.0 106.0
person 883.0 466.0 58.0 116.0
person 827.0 460.0 56.0 122.0
person 777.0 463.0 58.0 113.0
person 751.0 459.0 49.0 121.0
person 793.0 447.0 45.0 119.0
person 731.0 439.0 44.0 122.0
person 911.0 468.0 48.0 113.0
person 1420.0 425.0 37.0 80.0
person 1418.0 420.0 52.0 89.0
