person 500.0 606.0 101.0 208.0
person 617.0 604.0 85.0 219.0
person 796.0 616.0 74.0 188.0
person 297.0 995.0 118.0 85.0
person 487.0 1006.0 122.0 75.0
person 985.0 563.0 70.0 194.0
person 1046.0 566.0 66.0 188.0
person 1497.0 500.0 46.0 100.0
person 1158.0 590.0 71.0 187.0
person 1343.0 813.0 108.0 267.0
person 1239.0 816.0 121.0 263.0
person 866.0 551.0 45.0 122.0
person 919.0 518.0 58.0 158.0
person 848.0 568.0 58.0 156.0
person 1049.0 551.0 66.0 154.0
person 973.0 527.0 50.0 146.0
person 1006.0 520.0 62.0 157.0
person 1105.0 549.0 60.0 160.0
person 1414.0 650.0 101.0 222.0
person 1441.0 650.0 82.0 206.0
person 1493.0 652.0 88.0 199.0
person 1271.0 634.0 90.0 194.0
person 1467.0 619.0 80.0 181.0
person 1517.0 621.0 61.0 181.0
person 1607.0 677.0 110.0 202.0
person 1674.0 713.0 72.0 155.0
person 1095.0 804.0 108.0 277.0
person 1561.0 610.0 79.0 187.0
person 1803.0 650.0 82.0 216.0
person 135.0 818.0 125.0 262.0
person 259.0 845.0 106.0 236.0
person 135.0 936.0 105.0 145.0
person 334.0 759.0 101.0 221.0
person 499.0 770.0 138.0 238.0
person 1231.0 677.0 77.0 209.0
person 1539.0 693.0 109.0 223.0
person 1373.0 679.0 94.0 229.0
person 1395.0 691.0 70.0 200.0
person 1453.0 697.0 90.0 190.0
person 1622.0 758.0 82.0 143.0
person 1785.0 739.0 92.0 181.0
person 1812.0 702.0 82.0 229.0
person 1005.0 486.0 54.0 115.0
person 943.0 471.0 61.0 136.0
person 790.0 472.0 57.0 136.0
person 1484.0 543.0 62.0 151.0
person 887.0 476.0 44.0 98.0
person 844.0 465.0 49.0 110.0
person 757.0 450.0 56.0 122.0
person 719.0 447.0 48.0 121.0
person 861.0 453.0 48.0 113.0
person 1422.0 422.0 36.0 80.0
person 1424.0 418.0 52.0 89.0
