person 467.0 581.0 89.0 194.0
person 587.0 579.0 81.0 206.0
person 681.0 609.0 71.0 181.0
person 991.0 573.0 68.0 200.0
person 1043.0 575.0 60.0 191.0
person 1420.0 503.0 46.0 103.0
person 1123.0 590.0 70.0 191.0
person 1300.0 903.0 115.0 178.0
person 1162.0 891.0 132.0 188.0
person 870.0 576.0 46.0 123.0
person 909.0 541.0 66.0 172.0
person 884.0 596.0 62.0 172.0
person 1207.0 578.0 66.0 158.0
person 1011.0 558.0 49.0 146.0
person 1099.0 549.0 71.0 175.0
person 1259.0 572.0 61.0 161.0
person 1745.0 679.0 96.0 213.0
person 1519.0 665.0 97.0 209.0
person 1560.0 658.0 98.0 204.0
person 1586.0 648.0 66.0 203.0
person 1033.0 886.0 117.0 195.0
person 1645.0 652.0 81.0 197.0
person 255.0 780.0 108.0 247.0
person 358.0 793.0 106.0 254.0
person 248.0 872.0 110.0 209.0
person 166.0 758.0 73.0 222.0
person 180.0 768.0 108.0 248.0
person 1038.0 651.0 85.0 203.0
person 1383.0 662.0 88.0 215.0
person 1165.0 670.0 93.0 214.0
person 1208.0 677.0 71.0 194.0
person 1232.0 678.0 90.0 175.0
person 1448.0 740.0 66.0 139.0
person 1480.0 732.0 70.0 190.0
person 1502.0 688.0 90.0 212.0
person 1054.0 512.0 54.0 115.0
person 987.0 494.0 66.0 136.0
person 809.0 493.0 58.0 146.0
person 1287.0 547.0 78.0 175.0
person 957.0 493.0 45.0 106.0
person 895.0 478.0 58.0 116.0
person 833.0 463.0 56.0 131.0
person 783.0 467.0 58.0 116.0
person 751.0 463.0 49.0 121.0
person 829.0 450.0 46.0 119.0
person 768.0 444.0 45.0 122.0
person 747.0 435.0 43.0 133.0
person 919.0 472.0 48.0 113.0
person 1422.0 428.0 37.0 80.0
person 1416.0 420.0 52.0 89.0
