person 494.0 629.0 104.0 215.0
person 616.0 628.0 87.0 225.0
person 772.0 632.0 69.0 198.0
person 338.0 944.0 149.0 137.0
person 531.0 956.0 116.0 125.0
person 981.0 573.0 80.0 194.0
person 1043.0 575.0 65.0 190.0
person 1498.0 512.0 49.0 100.0
person 1161.0 599.0 72.0 194.0
person 1361.0 787.0 96.0 270.0
person 1253.0 782.0 111.0 268.0
person 858.0 546.0 45.0 122.0
person 908.0 509.0 60.0 158.0
person 832.0 562.0 57.0 155.0
person 997.0 543.0 63.0 158.0
person 960.0 520.0 49.0 146.0
person 999.0 516.0 56.0 154.0
person 1052.0 543.0 66.0 152.0
person 1251.0 645.0 91.0 217.0
person 1290.0 643.0 80.0 206.0
person 1331.0 650.0 81.0 188.0
person 1121.0 625.0 88.0 189.0
person 1416.0 611.0 70.0 188.0
person 1451.0 611.0 60.0 172.0
person 1456.0 671.0 105.0 200.0
person 1527.0 707.0 65.0 152.0
person 1687.0 665.0 118.0 215.0
person 1121.0 776.0 107.0 282.0
person 1505.0 604.0 77.0 185.0
person 1648.0 646.0 90.0 215.0
person 1837.0 691.0 82.0 187.0
person 78.0 847.0 112.0 232.0
person 181.0 876.0 106.0 205.0
person 75.0 981.0 104.0 99.0
person 447.0 768.0 93.0 220.0
person 702.0 771.0 124.0 246.0
person 1351.0 705.0 77.0 224.0
person 1697.0 703.0 95.0 225.0
person 1499.0 695.0 112.0 230.0
person 1510.0 697.0 84.0 212.0
person 1577.0 706.0 91.0 187.0
person 1759.0 770.0 82.0 143.0
person 954.0 485.0 65.0 115.0
person 907.0 469.0 62.0 133.0
person 766.0 466.0 57.0 136.0
person 1556.0 530.0 60.0 152.0
person 820.0 478.0 46.0 98.0
person 791.0 460.0 49.0 110.0
person 703.0 449.0 56.0 111.0
person 796.0 461.0 48.0 121.0
person 1413.0 430.0 36.0 80.0
person 1422.0 423.0 53.0 92.0
