person 495.0 599.0 95.0 206.0
person 615.0 593.0 84.0 215.0
person 771.0 612.0 66.0 187.0
person 987.0 565.0 68.0 196.0
person 1048.0 569.0 65.0 188.0
person 1475.0 495.0 46.0 101.0
person 1149.0 587.0 74.0 181.0
person 1332.0 844.0 106.0 235.0
person 1225.0 843.0 125.0 238.0
person 872.0 561.0 45.0 122.0
person 920.0 527.0 61.0 164.0
person 867.0 576.0 58.0 166.0
person 1108.0 565.0 65.0 156.0
person 987.0 535.0 49.0 146.0
person 1039.0 531.0 66.0 163.0
person 1159.0 559.0 60.0 161.0
person 1545.0 656.0 131.0 226.0
person 1581.0 651.0 70.0 215.0
person 1611.0 654.0 101.0 205.0
person 1381.0 641.0 98.0 202.0
person 1490.0 631.0 102.0 205.0
person 1552.0 625.0 64.0 187.0
person 1739.0 691.0 122.0 202.0
person 1085.0 833.0 117.0 246.0
person 1603.0 630.0 80.0 187.0
person 188.0 799.0 114.0 265.0
person 306.0 820.0 104.0 261.0
person 188.0 906.0 105.0 175.0
person 267.0 762.0 83.0 221.0
person 366.0 770.0 127.0 243.0
person 1157.0 664.0 78.0 207.0
person 1449.0 678.0 99.0 220.0
person 1293.0 673.0 93.0 222.0
person 1303.0 685.0 71.0 196.0
person 1376.0 687.0 81.0 188.0
person 1521.0 753.0 82.0 142.0
person 1662.0 736.0 103.0 182.0
person 1681.0 700.0 97.0 214.0
person 1034.0 496.0 54.0 115.0
person 970.0 478.0 62.0 137.0
person 800.0 477.0 57.0 143.0
person 1406.0 546.0 76.0 173.0
person 927.0 480.0 44.0 98.0
person 872.0 466.0 58.0 116.0
person 802.0 455.0 57.0 122.0
person 755.0 457.0 57.0 121.0
person 743.0 456.0 42.0 116.0
person 755.0 443.0 46.0 119.0
person 899.0 462.0 48.0 113.0
person 1419.0 423.0 36.0 80.0
person 1421.0 419.0 52.0 89.0
