person 453.0 575.0 89.0 194.0
person 571.0 567.0 76.0 208.0
person 637.0 607.0 73.0 183.0
person 996.0 573.0 68.0 203.0
person 1058.0 578.0 60.0 193.0
person 1404.0 504.0 46.0 104.0
person 1128.0 591.0 69.0 193.0
person 1278.0 922.0 122.0 159.0
person 1145.0 915.0 130.0 165.0
person 863.0 590.0 49.0 125.0
person 911.0 546.0 66.0 173.0
person 890.0 602.0 70.0 173.0
person 1253.0 582.0 66.0 158.0
person 1044.0 566.0 51.0 147.0
person 1122.0 556.0 82.0 176.0
person 1308.0 578.0 60.0 161.0
person 1580.0 672.0 76.0 218.0
person 1609.0 664.0 95.0 211.0
person 1606.0 656.0 66.0 203.0
person 1012.0 909.0 117.0 172.0
person 1673.0 662.0 81.0 203.0
person 280.0 768.0 105.0 255.0
person 375.0 786.0 105.0 245.0
person 269.0 856.0 119.0 225.0
person 157.0 758.0 72.0 227.0
person 167.0 766.0 76.0 257.0
person 1001.0 642.0 75.0 203.0
person 1390.0 655.0 88.0 207.0
person 1148.0 669.0 82.0 216.0
person 1188.0 680.0 70.0 194.0
person 1187.0 670.0 73.0 175.0
person 1452.0 736.0 66.0 139.0
person 1412.0 721.0 84.0 183.0
person 1461.0 688.0 77.0 212.0
person 1062.0 520.0 58.0 116.0
person 997.0 502.0 67.0 136.0
person 815.0 500.0 58.0 146.0
person 1242.0 550.0 78.0 176.0
person 973.0 498.0 40.0 107.0
person 907.0 483.0 58.0 116.0
person 846.0 468.0 56.0 131.0
person 784.0 470.0 56.0 122.0
person 751.0 468.0 49.0 122.0
person 860.0 451.0 47.0 119.0
person 802.0 450.0 46.0 122.0
person 777.0 439.0 42.0 133.0
person 748.0 452.0 45.0 121.0
person 933.0 477.0 48.0 113.0
person 1423.0 430.0 37.0 80.0
person 1421.0 421.0 52.0 89.0
