person 461.0 578.0 89.0 194.0
person 579.0 573.0 79.0 208.0
person 655.0 609.0 68.0 182.0
person 994.0 573.0 68.0 202.0
person 1051.0 576.0 61.0 193.0
person 1410.0 504.0 46.0 104.0
person 1125.0 591.0 69.0 193.0
person 1283.0 914.0 122.0 167.0
person 1151.0 903.0 124.0 178.0
person 866.0 584.0 48.0 125.0
person 913.0 544.0 66.0 173.0
person 884.0 599.0 69.0 172.0
person 1234.0 580.0 66.0 158.0
person 1028.0 563.0 50.0 146.0
person 1111.0 553.0 78.0 175.0
person 1288.0 575.0 61.0 161.0
person 1548.0 670.0 93.0 215.0
person 1581.0 661.0 98.0 212.0
person 1597.0 653.0 66.0 203.0
person 1017.0 899.0 117.0 182.0
person 1660.0 657.0 80.0 202.0
person 269.0 773.0 107.0 252.0
person 368.0 789.0 105.0 248.0
person 260.0 863.0 116.0 218.0
person 155.0 758.0 72.0 227.0
person 169.0 766.0 84.0 255.0
person 1017.0 646.0 78.0 203.0
person 1387.0 658.0 88.0 210.0
person 1155.0 670.0 86.0 215.0
person 1195.0 677.0 70.0 194.0
person 1206.0 673.0 80.0 175.0
person 1450.0 738.0 66.0 139.0
person 1441.0 725.0 77.0 184.0
person 1476.0 688.0 84.0 212.0
person 1059.0 517.0 56.0 115.0
person 991.0 498.0 64.0 136.0
person 811.0 497.0 58.0 146.0
person 1261.0 549.0 78.0 175.0
person 965.0 496.0 46.0 107.0
person 902.0 481.0 58.0 116.0
person 840.0 465.0 56.0 131.0
person 783.0 469.0 56.0 120.0
person 751.0 466.0 49.0 121.0
person 848.0 450.0 46.0 119.0
person 788.0 448.0 46.0 122.0
person 762.0 437.0 42.0 133.0
person 735.0 450.0 45.0 121.0
person 928.0 475.0 48.0 113.0
person 1422.0 429.0 38.0 80.0
person 1418.0 421.0 52.0 89.0
