person 498.0 628.0 102.0 214.0
person 616.0 625.0 86.0 224.0
person 778.0 628.0 71.0 197.0
person 324.0 953.0 149.0 128.0
person 522.0 961.0 121.0 120.0
person 979.0 571.0 79.0 194.0
person 1041.0 574.0 65.0 188.0
person 1499.0 510.0 49.0 100.0
person 1161.0 598.0 71.0 193.0
person 1359.0 792.0 100.0 274.0
person 1246.0 787.0 116.0 268.0
person 859.0 546.0 45.0 122.0
person 909.0 510.0 60.0 158.0
person 836.0 564.0 57.0 155.0
person 1001.0 544.0 65.0 158.0
person 961.0 521.0 49.0 146.0
person 998.0 516.0 57.0 154.0
person 1061.0 543.0 64.0 153.0
person 1267.0 641.0 88.0 223.0
person 1314.0 644.0 80.0 206.0
person 1355.0 649.0 81.0 190.0
person 1153.0 625.0 71.0 189.0
person 1427.0 612.0 73.0 187.0
person 1461.0 611.0 60.0 176.0
person 1475.0 672.0 100.0 200.0
person 1549.0 708.0 66.0 152.0
person 1717.0 665.0 117.0 215.0
person 1115.0 779.0 108.0 284.0
person 1516.0 604.0 77.0 185.0
person 1663.0 647.0 89.0 214.0
person 86.0 842.0 112.0 237.0
person 193.0 871.0 106.0 210.0
person 83.0 975.0 104.0 105.0
person 424.0 768.0 93.0 220.0
person 669.0 773.0 129.0 243.0
person 1333.0 701.0 77.0 221.0
person 1668.0 703.0 106.0 223.0
person 1490.0 688.0 104.0 230.0
person 1493.0 692.0 85.0 212.0
person 1559.0 705.0 88.0 187.0
person 1739.0 769.0 82.0 143.0
person 962.0 485.0 63.0 115.0
person 914.0 468.0 62.0 133.0
person 770.0 467.0 57.0 136.0
person 1547.0 533.0 60.0 152.0
person 831.0 478.0 46.0 98.0
person 800.0 460.0 50.0 110.0
person 711.0 448.0 56.0 115.0
person 805.0 459.0 48.0 121.0
person 1415.0 429.0 36.0 80.0
person 1424.0 421.0 52.0 91.0
