person 478.0 583.0 89.0 201.0
person 595.0 585.0 83.0 203.0
person 697.0 606.0 83.0 189.0
person 988.0 573.0 68.0 197.0
person 1046.0 571.0 60.0 190.0
person 1436.0 499.0 46.0 103.0
person 1123.0 588.0 74.0 185.0
person 1317.0 889.0 111.0 192.0
person 1176.0 879.0 139.0 200.0
person 873.0 570.0 45.0 122.0
person 910.0 538.0 65.0 170.0
person 881.0 591.0 58.0 171.0
person 1180.0 574.0 66.0 158.0
person 1002.0 550.0 49.0 146.0
person 1085.0 543.0 66.0 175.0
person 1227.0 570.0 61.0 161.0
person 1687.0 662.0 103.0 234.0
person 1690.0 665.0 101.0 213.0
person 1735.0 671.0 112.0 209.0
person 1486.0 659.0 92.0 204.0
person 1527.0 649.0 103.0 207.0
person 1572.0 642.0 66.0 203.0
person 1052.0 871.0 117.0 210.0
person 1636.0 645.0 80.0 196.0
person 238.0 784.0 108.0 254.0
person 345.0 800.0 105.0 257.0
person 234.0 881.0 106.0 200.0
person 174.0 764.0 86.0 220.0
person 206.0 773.0 130.0 240.0
person 1070.0 658.0 81.0 203.0
person 1395.0 667.0 88.0 215.0
person 1190.0 669.0 102.0 216.0
person 1225.0 680.0 73.0 193.0
person 1274.0 676.0 81.0 182.0
person 1464.0 744.0 66.0 139.0
person 1519.0 729.0 91.0 190.0
person 1539.0 688.0 90.0 214.0
person 1049.0 507.0 53.0 115.0
person 982.0 489.0 69.0 137.0
person 806.0 488.0 58.0 146.0
person 1318.0 545.0 78.0 174.0
person 949.0 490.0 45.0 106.0
person 891.0 473.0 58.0 116.0
person 829.0 461.0 56.0 128.0
person 782.0 466.0 58.0 113.0
person 751.0 461.0 49.0 121.0
person 809.0 449.0 46.0 119.0
person 749.0 442.0 44.0 122.0
person 731.0 433.0 45.0 134.0
person 913.0 470.0 48.0 113.0
person 1421.0 427.0 37.0 80.0
person 1417.0 420.0 52.0 89.0
