person 500.0 611.0 102.0 213.0
person 616.0 611.0 86.0 224.0
person 789.0 617.0 70.0 197.0
person 313.0 975.0 129.0 105.0
person 467.0 987.0 157.0 94.0
person 983.0 567.0 74.0 194.0
person 1040.0 569.0 66.0 187.0
person 1503.0 503.0 46.0 100.0
person 1160.0 592.0 70.0 191.0
person 1357.0 802.0 101.0 275.0
person 1244.0 805.0 107.0 268.0
person 863.0 549.0 45.0 122.0
person 923.0 516.0 53.0 158.0
person 842.0 567.0 58.0 155.0
person 1029.0 547.0 66.0 158.0
person 965.0 526.0 50.0 146.0
person 997.0 516.0 60.0 156.0
person 1091.0 546.0 60.0 157.0
person 1359.0 646.0 99.0 222.0
person 1394.0 648.0 82.0 206.0
person 1439.0 650.0 88.0 197.0
person 1213.0 630.0 99.0 193.0
person 1456.0 616.0 80.0 181.0
person 1496.0 613.0 60.0 181.0
person 1555.0 673.0 105.0 200.0
person 1624.0 711.0 72.0 151.0
person 1102.0 793.0 108.0 282.0
person 1549.0 607.0 78.0 185.0
person 1737.0 652.0 88.0 212.0
person 116.0 827.0 119.0 252.0
person 235.0 857.0 106.0 224.0
person 112.0 953.0 106.0 128.0
person 369.0 763.0 94.0 221.0
person 560.0 770.0 144.0 242.0
person 1257.0 685.0 78.0 211.0
person 1592.0 693.0 118.0 223.0
person 1430.0 683.0 85.0 227.0
person 1434.0 690.0 70.0 209.0
person 1496.0 703.0 89.0 187.0
person 1668.0 760.0 82.0 143.0
person 1840.0 745.0 80.0 178.0
person 990.0 483.0 55.0 115.0
person 933.0 468.0 62.0 134.0
person 781.0 470.0 57.0 136.0
person 1511.0 541.0 59.0 151.0
person 867.0 475.0 45.0 98.0
person 830.0 461.0 50.0 110.0
person 739.0 447.0 56.0 122.0
person 839.0 454.0 48.0 117.0
person 1421.0 424.0 36.0 80.0
person 1425.0 418.0 52.0 89.0
