person 500.0 606.0 102.0 209.0
person 617.0 605.0 85.0 220.0
person 795.0 616.0 73.0 191.0
person 299.0 993.0 120.0 87.0
person 485.0 1004.0 126.0 77.0
person 984.0 564.0 72.0 194.0
person 1045.0 566.0 66.0 188.0
person 1498.0 500.0 46.0 101.0
person 1158.0 590.0 71.0 188.0
person 1345.0 811.0 106.0 269.0
person 1239.0 814.0 121.0 265.0
person 865.0 551.0 45.0 122.0
person 919.0 518.0 58.0 158.0
person 847.0 568.0 58.0 156.0
person 1047.0 551.0 66.0 154.0
person 972.0 527.0 50.0 146.0
person 1004.0 519.0 62.0 157.0
person 1103.0 549.0 60.0 160.0
person 1405.0 649.0 102.0 222.0
person 1435.0 649.0 82.0 206.0
person 1487.0 651.0 88.0 199.0
person 1267.0 636.0 92.0 194.0
person 1466.0 619.0 80.0 181.0
person 1515.0 621.0 61.0 181.0
person 1601.0 677.0 109.0 201.0
person 1668.0 713.0 72.0 154.0
person 1095.0 802.0 108.0 278.0
person 1560.0 610.0 79.0 186.0
person 1795.0 651.0 83.0 214.0
person 133.0 819.0 124.0 261.0
person 257.0 847.0 105.0 234.0
person 133.0 938.0 105.0 143.0
person 336.0 759.0 102.0 221.0
person 507.0 769.0 135.0 238.0
person 1236.0 678.0 77.0 209.0
person 1547.0 693.0 104.0 223.0
person 1375.0 680.0 97.0 229.0
person 1400.0 692.0 70.0 200.0
person 1458.0 698.0 90.0 190.0
person 1627.0 758.0 82.0 143.0
person 1790.0 740.0 92.0 181.0
person 1816.0 701.0 83.0 229.0
person 1003.0 485.0 54.0 115.0
person 942.0 470.0 61.0 136.0
person 789.0 472.0 57.0 136.0
person 1488.0 543.0 62.0 151.0
person 885.0 476.0 44.0 98.0
person 842.0 465.0 50.0 110.0
person 755.0 449.0 56.0 122.0
person 859.0 453.0 48.0 113.0
person 1422.0 422.0 36.0 80.0
person 1424.0 418.0 52.0 89.0
