person 481.0 583.0 89.0 204.0
person 597.0 586.0 83.0 203.0
person 711.0 607.0 72.0 192.0
person 987.0 573.0 68.0 197.0
person 1047.0 570.0 60.0 190.0
person 1440.0 498.0 46.0 102.0
person 1124.0 588.0 74.0 184.0
person 1318.0 885.0 112.0 196.0
person 1179.0 877.0 141.0 203.0
person 873.0 569.0 45.0 122.0
person 911.0 537.0 65.0 170.0
person 880.0 590.0 58.0 170.0
person 1174.0 572.0 65.0 158.0
person 1000.0 548.0 49.0 146.0
person 1082.0 541.0 66.0 175.0
person 1221.0 569.0 61.0 161.0
person 1670.0 660.0 114.0 236.0
person 1683.0 663.0 96.0 213.0
person 1726.0 669.0 109.0 210.0
person 1471.0 657.0 92.0 205.0
person 1524.0 647.0 103.0 211.0
person 1569.0 640.0 65.0 203.0
person 1056.0 867.0 117.0 213.0
person 1634.0 643.0 81.0 196.0
person 234.0 785.0 108.0 256.0
person 341.0 802.0 105.0 257.0
person 230.0 883.0 106.0 198.0
person 178.0 763.0 86.0 220.0
person 221.0 772.0 125.0 240.0
person 1078.0 659.0 80.0 203.0
person 1400.0 667.0 88.0 217.0
person 1201.0 668.0 96.0 218.0
person 1231.0 680.0 73.0 193.0
person 1285.0 676.0 78.0 184.0
person 1468.0 744.0 68.0 140.0
person 1535.0 729.0 85.0 190.0
person 1549.0 688.0 91.0 215.0
person 1047.0 506.0 53.0 115.0
person 981.0 488.0 69.0 137.0
person 806.0 486.0 57.0 146.0
person 1325.0 545.0 78.0 174.0
person 947.0 489.0 45.0 106.0
person 889.0 471.0 58.0 116.0
person 828.0 461.0 56.0 126.0
person 780.0 465.0 58.0 113.0
person 751.0 461.0 49.0 121.0
person 805.0 448.0 46.0 119.0
person 745.0 441.0 44.0 122.0
person 913.0 469.0 48.0 113.0
person 1421.0 426.0 37.0 80.0
person 1417.0 420.0 52.0 89.0
