person 496.0 589.0 90.0 206.0
person 610.0 590.0 84.0 211.0
person 747.0 614.0 72.0 188.0
person 987.0 568.0 68.0 196.0
person 1044.0 568.0 64.0 191.0
person 1464.0 494.0 46.0 101.0
person 1142.0 586.0 74.0 182.0
person 1325.0 859.0 113.0 220.0
person 1217.0 853.0 122.0 228.0
person 873.0 564.0 45.0 122.0
person 918.0 530.0 62.0 166.0
person 872.0 581.0 58.0 167.0
person 1131.0 568.0 65.0 157.0
person 990.0 538.0 50.0 146.0
person 1057.0 533.0 67.0 170.0
person 1180.0 564.0 60.0 161.0
person 1588.0 657.0 130.0 227.0
person 1619.0 655.0 77.0 214.0
person 1656.0 657.0 86.0 211.0
person 1404.0 648.0 115.0 203.0
person 1497.0 637.0 122.0 203.0
person 1553.0 628.0 65.0 197.0
person 1788.0 693.0 113.0 202.0
person 1074.0 841.0 121.0 238.0
person 1616.0 635.0 80.0 190.0
person 205.0 793.0 111.0 265.0
person 316.0 813.0 105.0 262.0
person 206.0 895.0 105.0 186.0
person 226.0 761.0 94.0 221.0
person 298.0 771.0 136.0 243.0
person 1131.0 669.0 78.0 203.0
person 1421.0 675.0 105.0 220.0
person 1255.0 672.0 96.0 221.0
person 1273.0 681.0 73.0 193.0
person 1344.0 684.0 81.0 185.0
person 1495.0 749.0 82.0 140.0
person 1624.0 735.0 80.0 179.0
person 1625.0 693.0 100.0 214.0
person 1039.0 500.0 53.0 115.0
person 974.0 482.0 65.0 137.0
person 802.0 479.0 57.0 146.0
person 1376.0 543.0 78.0 173.0
person 935.0 483.0 45.0 104.0
person 877.0 466.0 58.0 116.0
person 815.0 458.0 57.0 122.0
person 767.0 460.0 58.0 118.0
person 749.0 458.0 46.0 118.0
person 776.0 445.0 46.0 119.0
person 906.0 465.0 48.0 113.0
person 1420.0 424.0 36.0 80.0
person 1419.0 419.0 52.0 89.0
