person 465.0 580.0 89.0 194.0
person 585.0 578.0 81.0 207.0
person 675.0 609.0 66.0 181.0
person 992.0 573.0 68.0 201.0
person 1045.0 575.0 60.0 191.0
person 1416.0 504.0 46.0 104.0
person 1123.0 590.0 69.0 193.0
person 1294.0 906.0 118.0 175.0
person 1159.0 894.0 130.0 186.0
person 869.0 578.0 46.0 124.0
person 910.0 542.0 66.0 172.0
person 884.0 597.0 64.0 172.0
person 1215.0 578.0 66.0 158.0
person 1013.0 560.0 49.0 146.0
person 1102.0 550.0 73.0 175.0
person 1268.0 573.0 61.0 161.0
person 1762.0 682.0 91.0 214.0
person 1525.0 667.0 98.0 210.0
person 1566.0 659.0 98.0 206.0
person 1589.0 650.0 66.0 203.0
person 1028.0 889.0 117.0 192.0
person 1649.0 654.0 81.0 198.0
person 259.0 778.0 107.0 248.0
person 361.0 792.0 105.0 252.0
person 252.0 869.0 111.0 212.0
person 161.0 758.0 73.0 224.0
person 177.0 768.0 100.0 250.0
person 1032.0 649.0 83.0 203.0
person 1384.0 660.0 88.0 214.0
person 1162.0 670.0 91.0 214.0
person 1204.0 676.0 70.0 194.0
person 1224.0 676.0 87.0 175.0
person 1448.0 739.0 66.0 139.0
person 1467.0 730.0 73.0 187.0
person 1493.0 688.0 89.0 212.0
person 1055.0 513.0 55.0 116.0
person 988.0 495.0 65.0 136.0
person 809.0 494.0 58.0 146.0
person 1280.0 548.0 78.0 174.0
person 959.0 494.0 46.0 106.0
person 897.0 480.0 58.0 116.0
person 835.0 464.0 56.0 131.0
person 783.0 468.0 57.0 117.0
person 751.0 464.0 49.0 121.0
person 835.0 450.0 46.0 119.0
person 774.0 445.0 45.0 122.0
person 751.0 435.0 43.0 134.0
person 922.0 473.0 48.0 113.0
person 1422.0 428.0 37.0 80.0
person 1416.0 421.0 52.0 89.0
