person 501.0 615.0 101.0 215.0
person 616.0 616.0 86.0 224.0
person 785.0 622.0 69.0 197.0
person 318.0 964.0 134.0 116.0
person 483.0 977.0 149.0 104.0
person 981.0 568.0 76.0 194.0
person 1037.0 571.0 66.0 185.0
person 1502.0 505.0 47.0 101.0
person 1160.0 594.0 70.0 191.0
person 1362.0 798.0 100.0 275.0
person 1246.0 799.0 105.0 268.0
person 862.0 548.0 45.0 122.0
person 917.0 513.0 56.0 158.0
person 841.0 567.0 58.0 155.0
person 1019.0 546.0 65.0 158.0
person 963.0 524.0 50.0 146.0
person 997.0 516.0 59.0 155.0
person 1082.0 545.0 61.0 155.0
person 1325.0 645.0 88.0 223.0
person 1368.0 648.0 82.0 205.0
person 1409.0 648.0 84.0 195.0
person 1183.0 629.0 99.0 192.0
person 1451.0 615.0 80.0 181.0
person 1484.0 609.0 60.0 180.0
person 1525.0 673.0 102.0 200.0
person 1595.0 711.0 74.0 151.0
person 1789.0 661.0 114.0 215.0
person 1106.0 788.0 108.0 283.0
person 1539.0 606.0 77.0 185.0
person 1707.0 650.0 88.0 212.0
person 105.0 832.0 116.0 247.0
person 220.0 862.0 106.0 219.0
person 101.0 961.0 106.0 119.0
person 398.0 766.0 80.0 221.0
person 595.0 771.0 130.0 241.0
person 1285.0 689.0 78.0 218.0
person 1606.0 693.0 112.0 223.0
person 1449.0 684.0 96.0 229.0
person 1456.0 690.0 72.0 212.0
person 1518.0 704.0 89.0 187.0
person 1694.0 763.0 82.0 143.0
person 980.0 484.0 58.0 115.0
person 928.0 467.0 62.0 133.0
person 776.0 469.0 57.0 136.0
person 1525.0 540.0 58.0 151.0
person 855.0 476.0 45.0 98.0
person 821.0 460.0 50.0 110.0
person 730.0 447.0 56.0 122.0
person 826.0 455.0 48.0 119.0
person 1419.0 426.0 36.0 80.0
person 1426.0 418.0 52.0 89.0
