person 459.0 577.0 89.0 194.0
person 577.0 572.0 79.0 208.0
person 651.0 609.0 70.0 183.0
person 995.0 573.0 68.0 203.0
person 1053.0 577.0 60.0 192.0
person 1409.0 504.0 46.0 104.0
person 1126.0 591.0 69.0 193.0
person 1282.0 916.0 122.0 165.0
person 1149.0 905.0 126.0 175.0
person 865.0 585.0 48.0 125.0
person 912.0 544.0 66.0 173.0
person 885.0 600.0 70.0 172.0
person 1237.0 581.0 66.0 158.0
person 1031.0 563.0 50.0 147.0
person 1112.0 553.0 80.0 175.0
person 1292.0 576.0 61.0 161.0
person 1554.0 670.0 90.0 216.0
person 1586.0 661.0 98.0 212.0
person 1599.0 653.0 66.0 203.0
person 1016.0 901.0 117.0 180.0
person 1662.0 658.0 80.0 202.0
person 271.0 772.0 107.0 252.0
person 369.0 789.0 106.0 246.0
person 262.0 861.0 116.0 220.0
person 155.0 758.0 72.0 227.0
person 168.0 764.0 80.0 256.0
person 1014.0 645.0 77.0 203.0
person 1387.0 657.0 88.0 210.0
person 1153.0 670.0 85.0 215.0
person 1193.0 678.0 70.0 194.0
person 1202.0 672.0 78.0 175.0
person 1450.0 737.0 66.0 139.0
person 1436.0 724.0 78.0 184.0
person 1473.0 688.0 82.0 212.0
person 1059.0 517.0 57.0 116.0
person 992.0 498.0 64.0 136.0
person 811.0 497.0 58.0 146.0
person 1257.0 549.0 78.0 175.0
person 966.0 496.0 45.0 107.0
person 903.0 481.0 58.0 116.0
person 841.0 465.0 56.0 131.0
person 783.0 469.0 56.0 120.0
person 751.0 466.0 49.0 122.0
person 851.0 450.0 46.0 119.0
person 791.0 448.0 46.0 122.0
person 765.0 437.0 42.0 133.0
person 738.0 450.0 45.0 122.0
person 929.0 475.0 48.0 113.0
person 1422.0 429.0 38.0 80.0
person 1419.0 421.0 52.0 89.0
