person 484.0 584.0 90.0 206.0
person 599.0 588.0 84.0 202.0
person 724.0 608.0 62.0 195.0
person 987.0 572.0 68.0 197.0
person 1046.0 569.0 61.0 190.0
person 1444.0 497.0 46.0 102.0
person 1126.0 587.0 74.0 184.0
person 1319.0 882.0 114.0 199.0
person 1183.0 874.0 141.0 206.0
person 873.0 568.0 45.0 122.0
person 912.0 536.0 64.0 169.0
person 879.0 589.0 58.0 169.0
person 1168.0 571.0 65.0 158.0
person 998.0 546.0 49.0 146.0
person 1079.0 540.0 66.0 175.0
person 1214.0 568.0 61.0 161.0
person 1653.0 659.0 125.0 237.0
person 1673.0 662.0 93.0 213.0
person 1717.0 667.0 106.0 211.0
person 1469.0 654.0 88.0 204.0
person 1520.0 645.0 106.0 213.0
person 1566.0 638.0 65.0 203.0
person 1059.0 863.0 118.0 217.0
person 1633.0 641.0 80.0 196.0
person 229.0 786.0 109.0 258.0
person 338.0 804.0 104.0 257.0
person 227.0 885.0 105.0 196.0
person 183.0 762.0 85.0 220.0
person 236.0 772.0 120.0 239.0
person 1086.0 661.0 79.0 203.0
person 1405.0 668.0 89.0 218.0
person 1212.0 668.0 91.0 219.0
person 1237.0 680.0 73.0 193.0
person 1295.0 676.0 77.0 185.0
person 1471.0 745.0 71.0 139.0
person 1549.0 729.0 84.0 189.0
person 1559.0 688.0 93.0 215.0
person 1046.0 505.0 53.0 115.0
person 980.0 487.0 70.0 137.0
person 805.0 485.0 57.0 146.0
person 1333.0 544.0 78.0 174.0
person 945.0 488.0 45.0 106.0
person 887.0 469.0 58.0 116.0
person 828.0 461.0 56.0 125.0
person 779.0 464.0 58.0 113.0
person 751.0 460.0 49.0 121.0
person 801.0 448.0 46.0 119.0
person 740.0 440.0 44.0 122.0
person 912.0 469.0 48.0 113.0
person 1421.0 426.0 36.0 80.0
person 1418.0 420.0 52.0 89.0
