person 462.0 579.0 89.0 194.0
person 583.0 576.0 80.0 208.0
person 664.0 609.0 64.0 181.0
person 993.0 573.0 68.0 202.0
person 1049.0 576.0 60.0 192.0
person 1412.0 504.0 46.0 104.0
person 1124.0 591.0 69.0 193.0
person 1285.0 912.0 122.0 169.0
person 1154.0 899.0 126.0 181.0
person 867.0 582.0 47.0 124.0
person 912.0 543.0 66.0 173.0
person 884.0 598.0 67.0 172.0
person 1226.0 580.0 66.0 158.0
person 1021.0 562.0 50.0 146.0
person 1107.0 552.0 77.0 175.0
person 1280.0 574.0 61.0 161.0
person 1773.0 685.0 100.0 214.0
person 1535.0 669.0 100.0 214.0
person 1575.0 660.0 98.0 210.0
person 1594.0 651.0 66.0 203.0
person 1021.0 895.0 117.0 186.0
person 1656.0 656.0 80.0 200.0
person 265.0 775.0 107.0 250.0
person 365.0 790.0 106.0 250.0
person 257.0 865.0 114.0 216.0
person 155.0 758.0 72.0 227.0
person 172.0 768.0 90.0 253.0
person 1023.0 647.0 80.0 203.0
person 1386.0 659.0 88.0 211.0
person 1158.0 670.0 88.0 215.0
person 1198.0 676.0 70.0 194.0
person 1213.0 674.0 83.0 175.0
person 1449.0 738.0 66.0 139.0
person 1450.0 727.0 76.0 184.0
person 1482.0 688.0 87.0 212.0
person 1057.0 515.0 56.0 116.0
person 989.0 496.0 65.0 137.0
person 810.0 496.0 58.0 146.0
person 1268.0 549.0 78.0 174.0
person 962.0 495.0 46.0 107.0
person 900.0 480.0 58.0 116.0
person 838.0 464.0 56.0 131.0
person 783.0 468.0 57.0 119.0
person 751.0 465.0 49.0 121.0
person 843.0 450.0 46.0 119.0
person 782.0 447.0 46.0 122.0
person 757.0 436.0 43.0 133.0
person 731.0 450.0 45.0 121.0
person 926.0 474.0 48.0 113.0
person 1422.0 429.0 37.0 80.0
person 1417.0 421.0 52.0 89.0
