person 495.0 590.0 91.0 206.0
person 611.0 591.0 84.0 211.0
person 751.0 613.0 70.0 188.0
person 987.0 568.0 68.0 195.0
person 1044.0 568.0 64.0 190.0
person 1466.0 494.0 46.0 101.0
person 1143.0 586.0 74.0 182.0
person 1326.0 857.0 112.0 222.0
person 1218.0 852.0 123.0 229.0
person 873.0 564.0 45.0 122.0
person 918.0 530.0 62.0 165.0
person 871.0 580.0 58.0 167.0
person 1128.0 568.0 64.0 157.0
person 990.0 538.0 49.0 146.0
person 1054.0 533.0 67.0 169.0
person 1177.0 563.0 60.0 161.0
person 1583.0 657.0 129.0 226.0
person 1614.0 654.0 75.0 215.0
person 1651.0 657.0 84.0 211.0
person 1395.0 648.0 120.0 203.0
person 1496.0 636.0 119.0 204.0
person 1553.0 628.0 65.0 195.0
person 1781.0 693.0 114.0 202.0
person 1076.0 840.0 120.0 239.0
person 1614.0 634.0 80.0 190.0
person 203.0 794.0 111.0 265.0
person 314.0 814.0 105.0 263.0
person 203.0 897.0 105.0 184.0
person 233.0 762.0 90.0 221.0
person 310.0 771.0 127.0 243.0
person 1135.0 670.0 78.0 202.0
person 1425.0 675.0 104.0 220.0
person 1260.0 672.0 96.0 221.0
person 1277.0 682.0 73.0 193.0
person 1349.0 685.0 81.0 185.0
person 1499.0 749.0 82.0 141.0
person 1637.0 735.0 70.0 180.0
person 1633.0 694.0 99.0 214.0
person 1038.0 499.0 54.0 115.0
person 973.0 481.0 65.0 137.0
person 801.0 479.0 57.0 146.0
person 1380.0 544.0 78.0 173.0
person 934.0 483.0 44.0 102.0
person 876.0 466.0 58.0 116.0
person 813.0 457.0 57.0 122.0
person 765.0 460.0 58.0 118.0
person 749.0 457.0 45.0 119.0
person 773.0 445.0 46.0 119.0
person 905.0 465.0 48.0 113.0
person 1420.0 424.0 36.0 80.0
person 1420.0 419.0 52.0 89.0
