person 493.0 629.0 105.0 215.0
person 615.0 629.0 88.0 225.0
person 770.0 634.0 69.0 198.0
person 342.0 942.0 149.0 139.0
person 533.0 954.0 115.0 127.0
person 983.0 574.0 80.0 194.0
person 1043.0 575.0 65.0 191.0
person 1497.0 512.0 50.0 101.0
person 1161.0 600.0 72.0 194.0
person 1361.0 786.0 96.0 269.0
person 1254.0 780.0 110.0 268.0
person 858.0 545.0 45.0 122.0
person 908.0 509.0 60.0 158.0
person 831.0 562.0 57.0 155.0
person 996.0 543.0 63.0 157.0
person 959.0 520.0 49.0 146.0
person 999.0 516.0 55.0 153.0
person 1050.0 543.0 66.0 151.0
person 1239.0 646.0 91.0 216.0
person 1284.0 643.0 80.0 206.0
person 1325.0 650.0 81.0 188.0
person 1114.0 625.0 91.0 190.0
person 1413.0 610.0 70.0 187.0
person 1449.0 611.0 59.0 171.0
person 1451.0 671.0 107.0 200.0
person 1522.0 707.0 64.0 152.0
person 1680.0 665.0 118.0 215.0
person 1123.0 775.0 106.0 282.0
person 1502.0 604.0 78.0 185.0
person 1643.0 645.0 90.0 215.0
person 1829.0 690.0 84.0 188.0
person 76.0 848.0 112.0 231.0
person 178.0 878.0 106.0 203.0
person 73.0 983.0 104.0 97.0
person 453.0 768.0 93.0 220.0
person 711.0 769.0 117.0 248.0
person 1355.0 706.0 78.0 225.0
person 1706.0 703.0 89.0 225.0
person 1501.0 697.0 113.0 230.0
person 1514.0 698.0 84.0 212.0
person 1582.0 707.0 92.0 187.0
person 1764.0 771.0 82.0 143.0
person 952.0 486.0 66.0 115.0
person 906.0 469.0 62.0 133.0
person 765.0 466.0 58.0 136.0
person 1557.0 530.0 60.0 152.0
person 818.0 478.0 47.0 98.0
person 789.0 460.0 49.0 110.0
person 701.0 449.0 56.0 110.0
person 794.0 461.0 48.0 121.0
person 1413.0 431.0 36.0 80.0
person 1422.0 424.0 53.0 92.0
