person 450.0 594.0 98.0 187.0
person 1049.0 592.0 66.0 203.0
person 1104.0 600.0 66.0 193.0
person 1390.0 510.0 46.0 104.0
person 1161.0 598.0 61.0 194.0
person 873.0 622.0 53.0 149.0
person 936.0 591.0 71.0 181.0
person 1090.0 641.0 76.0 178.0
person 1465.0 620.0 65.0 163.0
person 1303.0 600.0 56.0 163.0
person 1365.0 588.0 79.0 178.0
person 1535.0 614.0 71.0 180.0
person 409.0 726.0 93.0 248.0
person 485.0 745.0 92.0 221.0
person 448.0 797.0 108.0 243.0
person 206.0 758.0 76.0 226.0
person 213.0 822.0 110.0 258.0
person 866.0 621.0 59.0 185.0
person 1448.0 632.0 76.0 199.0
person 1141.0 671.0 76.0 220.0
person 1220.0 692.0 73.0 198.0
person 939.0 651.0 81.0 166.0
person 1498.0 711.0 61.0 127.0
person 1430.0 686.0 77.0 167.0
person 1577.0 688.0 93.0 233.0
person 1652.0 695.0 80.0 225.0
person 1484.0 659.0 77.0 194.0
person 1136.0 552.0 59.0 143.0
person 1072.0 534.0 72.0 152.0
person 848.0 537.0 64.0 161.0
person 1005.0 556.0 86.0 170.0
person 1025.0 520.0 45.0 113.0
person 977.0 507.0 57.0 137.0
person 925.0 497.0 61.0 130.0
person 825.0 501.0 62.0 125.0
person 771.0 499.0 48.0 125.0
person 976.0 482.0 52.0 124.0
person 930.0 472.0 46.0 122.0
person 891.0 466.0 49.0 138.0
person 853.0 477.0 49.0 125.0
person 779.0 463.0 52.0 126.0
person 864.0 457.0 50.0 116.0
person 993.0 505.0 41.0 116.0
person 829.0 449.0 49.0 133.0
person 1443.0 436.0 37.0 80.0
person 1452.0 426.0 52.0 89.0
