person 1063.0 599.0 66.0 203.0
person 1131.0 611.0 66.0 197.0
person 1400.0 510.0 45.0 104.0
person 1169.0 602.0 62.0 192.0
person 923.0 636.0 53.0 152.0
person 979.0 602.0 70.0 187.0
person 1173.0 654.0 81.0 179.0
person 1537.0 632.0 72.0 175.0
person 1425.0 613.0 57.0 163.0
person 1468.0 603.0 76.0 180.0
person 1601.0 629.0 72.0 182.0
person 452.0 713.0 89.0 237.0
person 530.0 732.0 82.0 218.0
person 495.0 774.0 109.0 239.0
person 284.0 742.0 78.0 227.0
person 219.0 857.0 117.0 223.0
person 836.0 613.0 66.0 181.0
person 1457.0 622.0 66.0 200.0
person 1151.0 672.0 76.0 221.0
person 1223.0 699.0 72.0 200.0
person 868.0 637.0 81.0 169.0
person 1492.0 700.0 58.0 127.0
person 1465.0 670.0 69.0 166.0
person 1536.0 677.0 90.0 228.0
person 1616.0 683.0 80.0 218.0
person 1739.0 713.0 115.0 231.0
person 1511.0 650.0 72.0 193.0
person 1822.0 725.0 90.0 213.0
person 1162.0 565.0 62.0 142.0
person 1103.0 546.0 73.0 158.0
person 853.0 548.0 64.0 161.0
person 950.0 551.0 86.0 169.0
person 1055.0 534.0 47.0 112.0
person 1003.0 520.0 58.0 137.0
person 943.0 504.0 61.0 130.0
person 842.0 511.0 61.0 128.0
person 772.0 504.0 50.0 130.0
person 1008.0 491.0 53.0 125.0
person 964.0 484.0 46.0 122.0
person 925.0 475.0 50.0 140.0
person 890.0 485.0 50.0 130.0
person 795.0 475.0 52.0 125.0
person 925.0 464.0 49.0 116.0
person 798.0 453.0 46.0 111.0
person 1006.0 512.0 42.0 116.0
person 884.0 457.0 49.0 134.0
person 1455.0 438.0 38.0 80.0
person 1463.0 428.0 52.0 89.0
