person 420.0 567.0 88.0 194.0
person 544.0 570.0 76.0 193.0
person 573.0 601.0 86.0 183.0
person 1004.0 576.0 66.0 202.0
person 1071.0 585.0 66.0 196.0
person 1387.0 510.0 46.0 104.0
person 1138.0 591.0 64.0 193.0
person 1265.0 961.0 121.0 120.0
person 1125.0 961.0 132.0 120.0
person 861.0 597.0 50.0 136.0
person 919.0 560.0 65.0 174.0
person 920.0 616.0 70.0 175.0
person 1319.0 594.0 66.0 158.0
person 1111.0 578.0 55.0 149.0
person 1192.0 569.0 82.0 176.0
person 1382.0 590.0 60.0 161.0
person 1647.0 688.0 108.0 217.0
person 1695.0 681.0 107.0 212.0
person 1668.0 673.0 66.0 203.0
person 976.0 949.0 117.0 132.0
person 1737.0 678.0 82.0 202.0
person 315.0 750.0 104.0 259.0
person 408.0 772.0 95.0 245.0
person 324.0 840.0 120.0 241.0
person 163.0 760.0 72.0 227.0
person 166.0 773.0 95.0 257.0
person 937.0 634.0 81.0 200.0
person 1409.0 648.0 78.0 205.0
person 1127.0 668.0 73.0 220.0
person 1179.0 683.0 62.0 194.0
person 1103.0 661.0 73.0 175.0
person 1471.0 727.0 65.0 140.0
person 1368.0 718.0 75.0 171.0
person 1747.0 714.0 125.0 238.0
person 1818.0 714.0 94.0 226.0
person 1425.0 679.0 77.0 208.0
person 1081.0 530.0 57.0 127.0
person 1019.0 512.0 73.0 145.0
person 831.0 512.0 65.0 145.0
person 1171.0 554.0 78.0 176.0
person 987.0 506.0 43.0 112.0
person 930.0 491.0 58.0 116.0
person 867.0 479.0 57.0 131.0
person 796.0 480.0 58.0 122.0
person 758.0 481.0 49.0 122.0
person 901.0 463.0 49.0 118.0
person 851.0 458.0 46.0 122.0
person 817.0 449.0 41.0 133.0
person 787.0 460.0 44.0 124.0
person 739.0 442.0 48.0 116.0
person 951.0 485.0 48.0 115.0
person 1424.0 433.0 38.0 80.0
person 1431.0 423.0 52.0 89.0
