person 432.0 572.0 89.0 194.0
person 553.0 572.0 76.0 193.0
person 591.0 604.0 86.0 182.0
person 1001.0 575.0 67.0 202.0
person 1067.0 583.0 66.0 194.0
person 1391.0 508.0 46.0 104.0
person 1135.0 591.0 66.0 193.0
person 1271.0 949.0 122.0 132.0
person 1129.0 951.0 134.0 129.0
person 860.0 597.0 50.0 128.0
person 918.0 555.0 66.0 174.0
person 909.0 611.0 70.0 175.0
person 1298.0 590.0 66.0 158.0
person 1088.0 574.0 54.0 149.0
person 1168.0 568.0 82.0 176.0
person 1358.0 586.0 61.0 161.0
person 1627.0 683.0 90.0 220.0
person 1659.0 677.0 105.0 211.0
person 1649.0 671.0 66.0 203.0
person 991.0 937.0 117.0 144.0
person 1716.0 674.0 82.0 203.0
person 305.0 755.0 104.0 261.0
person 398.0 776.0 97.0 243.0
person 307.0 846.0 120.0 235.0
person 161.0 759.0 72.0 227.0
person 165.0 770.0 89.0 257.0
person 957.0 637.0 82.0 203.0
person 1400.0 651.0 79.0 205.0
person 1133.0 667.0 77.0 219.0
person 1179.0 683.0 68.0 194.0
person 1129.0 663.0 70.0 175.0
person 1463.0 729.0 66.0 140.0
person 1375.0 718.0 77.0 178.0
person 1776.0 717.0 130.0 236.0
person 1424.0 681.0 78.0 212.0
person 1074.0 527.0 56.0 123.0
person 1012.0 511.0 73.0 140.0
person 826.0 509.0 61.0 145.0
person 1193.0 553.0 78.0 176.0
person 984.0 503.0 40.0 110.0
person 923.0 489.0 58.0 116.0
person 860.0 477.0 57.0 131.0
person 791.0 478.0 58.0 122.0
person 756.0 479.0 50.0 122.0
person 885.0 461.0 50.0 118.0
person 835.0 454.0 45.0 122.0
person 807.0 446.0 41.0 133.0
person 776.0 457.0 44.0 123.0
person 943.0 482.0 49.0 113.0
person 1424.0 432.0 38.0 80.0
person 1427.0 422.0 52.0 89.0
