person 475.0 568.0 83.0 188.0
person 476.0 596.0 96.0 192.0
person 1036.0 591.0 66.0 203.0
person 1092.0 596.0 65.0 191.0
person 1385.0 510.0 46.0 104.0
person 1156.0 597.0 61.0 193.0
person 1127.0 1030.0 90.0 51.0
person 871.0 616.0 53.0 148.0
person 928.0 583.0 71.0 178.0
person 1043.0 633.0 76.0 176.0
person 1427.0 613.0 66.0 158.0
person 1253.0 594.0 56.0 163.0
person 1319.0 582.0 80.0 176.0
person 1501.0 609.0 62.0 165.0
person 1794.0 695.0 94.0 209.0
person 923.0 1013.0 118.0 68.0
person 388.0 731.0 92.0 253.0
person 471.0 748.0 94.0 236.0
person 423.0 806.0 108.0 247.0
person 181.0 756.0 77.0 226.0
person 199.0 815.0 104.0 262.0
person 882.0 622.0 61.0 190.0
person 1447.0 633.0 77.0 195.0
person 1135.0 669.0 76.0 219.0
person 1207.0 689.0 68.0 195.0
person 978.0 651.0 73.0 167.0
person 1499.0 711.0 66.0 128.0
person 1405.0 691.0 77.0 167.0
person 1607.0 695.0 99.0 236.0
person 1666.0 697.0 94.0 227.0
person 1466.0 663.0 78.0 197.0
person 1124.0 545.0 57.0 143.0
person 1062.0 528.0 68.0 151.0
person 846.0 529.0 64.0 159.0
person 1041.0 553.0 86.0 170.0
person 1012.0 513.0 45.0 113.0
person 967.0 502.0 58.0 122.0
person 912.0 490.0 64.0 131.0
person 819.0 496.0 61.0 121.0
person 770.0 493.0 48.0 125.0
person 962.0 475.0 50.0 120.0
person 911.0 470.0 46.0 122.0
person 875.0 462.0 50.0 134.0
person 838.0 472.0 48.0 125.0
person 767.0 461.0 52.0 118.0
person 832.0 454.0 50.0 116.0
person 986.0 502.0 42.0 116.0
person 802.0 444.0 47.0 133.0
person 1438.0 435.0 38.0 80.0
person 1447.0 426.0 52.0 89.0
