person 434.0 592.0 96.0 179.0
person 1054.0 595.0 66.0 203.0
person 1114.0 603.0 66.0 195.0
person 1394.0 510.0 45.0 104.0
person 1165.0 600.0 62.0 193.0
person 894.0 627.0 54.0 149.0
person 953.0 595.0 70.0 184.0
person 1117.0 646.0 78.0 179.0
person 1497.0 625.0 65.0 171.0
person 1347.0 605.0 56.0 163.0
person 1403.0 594.0 78.0 178.0
person 1561.0 620.0 72.0 181.0
person 424.0 723.0 94.0 245.0
person 509.0 738.0 83.0 220.0
person 471.0 791.0 108.0 239.0
person 231.0 757.0 76.0 227.0
person 219.0 836.0 105.0 245.0
person 850.0 620.0 63.0 181.0
person 1448.0 629.0 72.0 200.0
person 1145.0 671.0 76.0 220.0
person 1223.0 694.0 72.0 200.0
person 912.0 646.0 80.0 167.0
person 1494.0 708.0 57.0 127.0
person 1445.0 679.0 74.0 167.0
person 1552.0 682.0 94.0 230.0
person 1633.0 689.0 81.0 220.0
person 1832.0 724.0 82.0 225.0
person 1499.0 657.0 73.0 193.0
person 1144.0 558.0 62.0 142.0
person 1085.0 540.0 72.0 155.0
person 851.0 542.0 64.0 161.0
person 978.0 558.0 86.0 170.0
person 1036.0 526.0 45.0 113.0
person 987.0 515.0 58.0 137.0
person 932.0 501.0 60.0 130.0
person 830.0 504.0 61.0 128.0
person 771.0 503.0 48.0 125.0
person 988.0 486.0 53.0 125.0
person 944.0 477.0 46.0 122.0
person 903.0 470.0 49.0 140.0
person 866.0 480.0 49.0 126.0
person 787.0 465.0 52.0 133.0
person 889.0 459.0 50.0 116.0
person 998.0 508.0 41.0 116.0
person 850.0 453.0 49.0 133.0
person 1447.0 437.0 37.0 80.0
person 1456.0 427.0 52.0 89.0
