person 1079.0 606.0 64.0 208.0
person 1132.0 616.0 69.0 201.0
person 1405.0 509.0 45.0 104.0
person 1158.0 603.0 62.0 190.0
person 942.0 641.0 52.0 160.0
person 1003.0 608.0 68.0 190.0
person 1228.0 659.0 77.0 180.0
person 1574.0 639.0 74.0 175.0
person 1498.0 620.0 58.0 163.0
person 1528.0 609.0 76.0 181.0
person 1636.0 635.0 72.0 188.0
person 472.0 703.0 88.0 230.0
person 551.0 719.0 81.0 220.0
person 527.0 761.0 102.0 235.0
person 323.0 732.0 84.0 217.0
person 206.0 877.0 117.0 204.0
person 835.0 599.0 66.0 180.0
person 1455.0 616.0 66.0 200.0
person 1164.0 673.0 77.0 221.0
person 1236.0 697.0 79.0 200.0
person 826.0 626.0 79.0 169.0
person 1491.0 690.0 57.0 127.0
person 1472.0 664.0 69.0 165.0
person 1524.0 671.0 88.0 218.0
person 1587.0 672.0 88.0 217.0
person 1677.0 703.0 98.0 225.0
person 1509.0 642.0 73.0 194.0
person 1771.0 716.0 96.0 209.0
person 1180.0 567.0 61.0 143.0
person 1122.0 550.0 74.0 158.0
person 860.0 553.0 66.0 167.0
person 918.0 543.0 86.0 169.0
person 1073.0 537.0 49.0 112.0
person 1010.0 523.0 57.0 137.0
person 954.0 504.0 61.0 131.0
person 850.0 513.0 61.0 128.0
person 774.0 506.0 49.0 133.0
person 1025.0 493.0 54.0 125.0
person 980.0 488.0 46.0 122.0
person 943.0 479.0 49.0 140.0
person 905.0 487.0 50.0 131.0
person 797.0 483.0 54.0 125.0
person 957.0 470.0 50.0 116.0
person 828.0 454.0 46.0 130.0
person 1013.0 515.0 42.0 116.0
person 912.0 457.0 49.0 134.0
person 1461.0 439.0 38.0 80.0
person 1470.0 429.0 52.0 89.0
