person 484.0 568.0 85.0 188.0
person 496.0 597.0 90.0 187.0
person 1028.0 590.0 66.0 203.0
person 1085.0 594.0 66.0 190.0
person 1383.0 510.0 46.0 104.0
person 1153.0 596.0 61.0 193.0
person 1277.0 1025.0 79.0 56.0
person 1116.0 1017.0 115.0 64.0
person 871.0 613.0 53.0 148.0
person 925.0 579.0 70.0 177.0
person 1023.0 630.0 74.0 175.0
person 1410.0 610.0 66.0 158.0
person 1230.0 592.0 56.0 160.0
person 1295.0 578.0 81.0 176.0
person 1483.0 606.0 60.0 161.0
person 1781.0 699.0 111.0 221.0
person 1771.0 694.0 93.0 204.0
person 927.0 1000.0 118.0 81.0
person 375.0 734.0 92.0 255.0
person 464.0 750.0 94.0 240.0
person 411.0 811.0 109.0 249.0
person 176.0 759.0 75.0 227.0
person 195.0 806.0 97.0 263.0
person 886.0 623.0 67.0 191.0
person 1447.0 633.0 76.0 192.0
person 1131.0 667.0 76.0 219.0
person 1197.0 688.0 65.0 194.0
person 993.0 654.0 79.0 169.0
person 1494.0 711.0 66.0 128.0
person 1394.0 696.0 78.0 167.0
person 1621.0 697.0 109.0 236.0
person 1672.0 697.0 103.0 227.0
person 1456.0 666.0 78.0 200.0
person 1117.0 542.0 56.0 143.0
person 1057.0 525.0 66.0 151.0
person 845.0 525.0 65.0 156.0
person 1060.0 551.0 85.0 170.0
person 1010.0 511.0 43.0 113.0
person 962.0 502.0 58.0 119.0
person 904.0 488.0 62.0 131.0
person 815.0 493.0 59.0 122.0
person 768.0 491.0 48.0 125.0
person 953.0 473.0 49.0 119.0
person 903.0 468.0 46.0 122.0
person 864.0 460.0 50.0 133.0
person 832.0 470.0 47.0 124.0
person 759.0 460.0 50.0 118.0
person 818.0 452.0 49.0 116.0
person 981.0 501.0 42.0 116.0
person 787.0 444.0 46.0 133.0
person 1436.0 435.0 37.0 80.0
person 1444.0 425.0 52.0 89.0
