person 1067.0 601.0 66.0 204.0
person 1132.0 611.0 66.0 197.0
person 1402.0 510.0 45.0 104.0
person 1169.0 602.0 62.0 192.0
person 929.0 638.0 53.0 154.0
person 987.0 603.0 68.0 188.0
person 1192.0 655.0 81.0 179.0
person 1547.0 633.0 74.0 175.0
person 1447.0 615.0 58.0 163.0
person 1487.0 606.0 76.0 181.0
person 1612.0 631.0 72.0 183.0
person 460.0 710.0 88.0 235.0
person 537.0 728.0 82.0 218.0
person 505.0 770.0 107.0 239.0
person 292.0 739.0 81.0 221.0
person 215.0 864.0 124.0 214.0
person 836.0 609.0 66.0 181.0
person 1459.0 620.0 66.0 200.0
person 1152.0 672.0 77.0 221.0
person 1225.0 699.0 73.0 200.0
person 856.0 635.0 82.0 169.0
person 1491.0 697.0 58.0 127.0
person 1469.0 668.0 69.0 167.0
person 1532.0 676.0 89.0 224.0
person 1610.0 681.0 82.0 217.0
person 1719.0 708.0 103.0 232.0
person 1510.0 647.0 72.0 193.0
person 1798.0 722.0 100.0 210.0
person 1168.0 567.0 62.0 142.0
person 1107.0 547.0 74.0 158.0
person 855.0 550.0 65.0 161.0
person 942.0 548.0 86.0 169.0
person 1059.0 535.0 49.0 112.0
person 1007.0 521.0 58.0 137.0
person 947.0 504.0 61.0 130.0
person 845.0 513.0 61.0 128.0
person 772.0 504.0 50.0 131.0
person 1012.0 491.0 53.0 125.0
person 969.0 486.0 46.0 122.0
person 931.0 476.0 50.0 140.0
person 895.0 485.0 50.0 131.0
person 795.0 478.0 53.0 125.0
person 935.0 466.0 49.0 116.0
person 808.0 453.0 46.0 118.0
person 1008.0 513.0 42.0 116.0
person 893.0 457.0 49.0 134.0
person 1457.0 439.0 38.0 80.0
person 1466.0 429.0 52.0 89.0
