person 443.0 593.0 96.0 179.0
person 1052.0 594.0 66.0 203.0
person 1110.0 602.0 66.0 194.0
person 1392.0 510.0 46.0 104.0
person 1164.0 599.0 61.0 194.0
person 886.0 625.0 54.0 149.0
person 946.0 594.0 70.0 183.0
person 1107.0 644.0 77.0 179.0
person 1485.0 623.0 65.0 168.0
person 1330.0 604.0 56.0 163.0
person 1389.0 592.0 78.0 178.0
person 1552.0 618.0 72.0 181.0
person 418.0 724.0 94.0 246.0
person 500.0 741.0 86.0 220.0
person 462.0 793.0 108.0 240.0
person 222.0 757.0 76.0 227.0
person 218.0 830.0 106.0 250.0
person 856.0 621.0 61.0 182.0
person 1448.0 630.0 73.0 200.0
person 1144.0 671.0 76.0 220.0
person 1222.0 693.0 72.0 199.0
person 922.0 648.0 81.0 167.0
person 1494.0 710.0 57.0 127.0
person 1440.0 682.0 75.0 167.0
person 1561.0 684.0 94.0 231.0
person 1640.0 691.0 81.0 222.0
person 1844.0 733.0 76.0 214.0
person 1493.0 658.0 75.0 193.0
person 1141.0 556.0 61.0 142.0
person 1080.0 538.0 72.0 153.0
person 850.0 540.0 64.0 161.0
person 988.0 557.0 86.0 170.0
person 1032.0 524.0 44.0 113.0
person 983.0 512.0 58.0 137.0
person 930.0 499.0 60.0 130.0
person 828.0 503.0 61.0 128.0
person 771.0 502.0 48.0 125.0
person 983.0 485.0 53.0 125.0
person 938.0 475.0 46.0 122.0
person 899.0 469.0 48.0 140.0
person 861.0 479.0 49.0 125.0
person 784.0 464.0 52.0 131.0
person 880.0 458.0 50.0 116.0
person 996.0 507.0 41.0 116.0
person 842.0 452.0 50.0 133.0
person 1446.0 436.0 37.0 80.0
person 1455.0 427.0 52.0 89.0
