person 468.0 568.0 81.0 188.0
person 465.0 595.0 96.0 189.0
person 1042.0 591.0 66.0 203.0
person 1097.0 598.0 65.0 191.0
person 1387.0 510.0 46.0 104.0
person 1158.0 597.0 61.0 194.0
person 871.0 618.0 53.0 149.0
person 930.0 587.0 71.0 178.0
person 1061.0 636.0 76.0 177.0
person 1441.0 616.0 66.0 158.0
person 1273.0 596.0 56.0 163.0
person 1337.0 584.0 80.0 177.0
person 1515.0 611.0 66.0 171.0
person 1822.0 694.0 82.0 211.0
person 399.0 729.0 92.0 251.0
person 475.0 747.0 94.0 229.0
person 432.0 802.0 108.0 246.0
person 189.0 757.0 76.0 226.0
person 204.0 819.0 107.0 261.0
person 879.0 621.0 57.0 190.0
person 1447.0 633.0 78.0 197.0
person 1139.0 671.0 76.0 220.0
person 1215.0 690.0 71.0 196.0
person 963.0 651.0 75.0 166.0
person 1504.0 711.0 66.0 128.0
person 1415.0 689.0 77.0 167.0
person 1595.0 693.0 93.0 235.0
person 1662.0 697.0 86.0 227.0
person 1474.0 661.0 78.0 195.0
person 1129.0 548.0 58.0 143.0
person 1066.0 531.0 70.0 151.0
person 846.0 533.0 64.0 160.0
person 1027.0 554.0 85.0 170.0
person 1017.0 516.0 45.0 113.0
person 971.0 504.0 57.0 127.0
person 917.0 493.0 63.0 130.0
person 822.0 498.0 62.0 122.0
person 771.0 495.0 48.0 125.0
person 967.0 478.0 52.0 121.0
person 919.0 471.0 46.0 122.0
person 882.0 463.0 50.0 135.0
person 843.0 475.0 49.0 125.0
person 773.0 462.0 52.0 120.0
person 844.0 456.0 50.0 116.0
person 989.0 503.0 42.0 116.0
person 813.0 444.0 48.0 133.0
person 1440.0 436.0 37.0 80.0
person 1449.0 426.0 52.0 89.0
