person 437.0 592.0 96.0 179.0
person 1053.0 594.0 66.0 203.0
person 1113.0 603.0 65.0 194.0
person 1393.0 510.0 46.0 104.0
person 1165.0 599.0 61.0 194.0
person 892.0 627.0 53.0 149.0
person 950.0 595.0 71.0 183.0
person 1114.0 646.0 77.0 179.0
person 1493.0 625.0 65.0 170.0
person 1341.0 605.0 56.0 163.0
person 1398.0 593.0 78.0 179.0
person 1558.0 619.0 72.0 181.0
person 422.0 723.0 94.0 245.0
person 506.0 739.0 84.0 220.0
person 468.0 791.0 108.0 240.0
person 228.0 757.0 76.0 227.0
person 220.0 835.0 103.0 246.0
person 852.0 621.0 62.0 181.0
person 1448.0 629.0 72.0 200.0
person 1145.0 671.0 76.0 220.0
person 1222.0 693.0 72.0 200.0
person 915.0 646.0 80.0 168.0
person 1494.0 709.0 57.0 127.0
person 1443.0 680.0 75.0 167.0
person 1555.0 682.0 94.0 231.0
person 1636.0 690.0 80.0 221.0
person 1836.0 727.0 80.0 221.0
person 1497.0 657.0 74.0 193.0
person 1143.0 557.0 61.0 142.0
person 1083.0 539.0 72.0 155.0
person 851.0 542.0 64.0 161.0
person 982.0 558.0 86.0 170.0
person 1035.0 526.0 44.0 113.0
person 986.0 514.0 58.0 137.0
person 931.0 500.0 61.0 130.0
person 829.0 504.0 61.0 128.0
person 771.0 503.0 48.0 125.0
person 987.0 486.0 53.0 125.0
person 942.0 476.0 46.0 122.0
person 902.0 469.0 48.0 140.0
person 864.0 480.0 49.0 125.0
person 787.0 465.0 52.0 133.0
person 886.0 459.0 50.0 116.0
person 997.0 508.0 41.0 116.0
person 847.0 453.0 50.0 133.0
person 1447.0 437.0 37.0 80.0
person 1456.0 427.0 52.0 89.0
