person 486.0 568.0 85.0 188.0
person 500.0 596.0 90.0 187.0
person 1027.0 590.0 66.0 203.0
person 1084.0 594.0 65.0 189.0
person 1383.0 510.0 46.0 104.0
person 1152.0 595.0 61.0 193.0
person 1276.0 1022.0 83.0 59.0
person 1116.0 1015.0 116.0 66.0
person 871.0 612.0 53.0 148.0
person 925.0 578.0 69.0 177.0
person 1019.0 629.0 74.0 175.0
person 1406.0 610.0 66.0 158.0
person 1226.0 592.0 56.0 158.0
person 1291.0 578.0 81.0 176.0
person 1479.0 606.0 60.0 161.0
person 1776.0 698.0 111.0 221.0
person 1770.0 692.0 88.0 204.0
person 928.0 997.0 118.0 84.0
person 372.0 734.0 93.0 256.0
person 463.0 751.0 93.0 240.0
person 409.0 812.0 109.0 249.0
person 175.0 760.0 75.0 227.0
person 194.0 804.0 96.0 263.0
person 887.0 623.0 68.0 191.0
person 1447.0 633.0 76.0 192.0
person 1130.0 666.0 76.0 220.0
person 1196.0 687.0 64.0 194.0
person 997.0 654.0 80.0 170.0
person 1493.0 711.0 66.0 128.0
person 1392.0 697.0 78.0 167.0
person 1623.0 698.0 112.0 236.0
person 1673.0 697.0 105.0 227.0
person 1454.0 667.0 78.0 200.0
person 1115.0 542.0 56.0 143.0
person 1056.0 525.0 66.0 151.0
person 845.0 525.0 65.0 155.0
person 1063.0 551.0 86.0 170.0
person 1010.0 511.0 42.0 112.0
person 961.0 501.0 58.0 119.0
person 903.0 487.0 61.0 131.0
person 814.0 493.0 59.0 122.0
person 767.0 491.0 48.0 125.0
person 951.0 472.0 49.0 119.0
person 901.0 468.0 46.0 122.0
person 862.0 460.0 50.0 133.0
person 831.0 469.0 47.0 124.0
person 758.0 460.0 49.0 118.0
person 815.0 452.0 49.0 116.0
person 980.0 500.0 42.0 116.0
person 784.0 444.0 45.0 133.0
person 1435.0 435.0 38.0 80.0
person 1444.0 425.0 52.0 89.0
