person 440.0 592.0 96.0 179.0
person 1053.0 594.0 66.0 203.0
person 1111.0 602.0 66.0 195.0
person 1393.0 510.0 45.0 104.0
person 1164.0 599.0 62.0 194.0
person 889.0 626.0 53.0 149.0
person 948.0 594.0 70.0 183.0
person 1111.0 645.0 77.0 179.0
person 1489.0 624.0 65.0 169.0
person 1335.0 604.0 57.0 163.0
person 1393.0 592.0 79.0 179.0
person 1555.0 619.0 72.0 181.0
person 420.0 723.0 94.0 246.0
person 503.0 740.0 85.0 220.0
person 465.0 792.0 108.0 240.0
person 225.0 757.0 76.0 227.0
person 219.0 832.0 104.0 248.0
person 854.0 621.0 61.0 181.0
person 1448.0 630.0 73.0 199.0
person 1144.0 671.0 76.0 220.0
person 1222.0 693.0 72.0 200.0
person 919.0 647.0 80.0 167.0
person 1494.0 709.0 57.0 127.0
person 1441.0 681.0 75.0 167.0
person 1558.0 683.0 94.0 231.0
person 1638.0 691.0 80.0 221.0
person 1840.0 730.0 78.0 217.0
person 1495.0 657.0 74.0 194.0
person 1142.0 556.0 61.0 142.0
person 1082.0 538.0 72.0 154.0
person 850.0 541.0 64.0 161.0
person 985.0 558.0 86.0 170.0
person 1033.0 525.0 45.0 113.0
person 985.0 513.0 57.0 137.0
person 930.0 500.0 61.0 130.0
person 829.0 504.0 61.0 128.0
person 771.0 503.0 48.0 125.0
person 985.0 485.0 53.0 125.0
person 940.0 476.0 46.0 122.0
person 900.0 469.0 48.0 140.0
person 863.0 480.0 49.0 125.0
person 785.0 464.0 52.0 132.0
person 884.0 459.0 50.0 116.0
person 997.0 507.0 41.0 116.0
person 845.0 452.0 49.0 133.0
person 1446.0 436.0 37.0 80.0
person 1455.0 427.0 52.0 89.0
