person 447.0 594.0 97.0 183.0
person 1050.0 593.0 66.0 203.0
person 1106.0 601.0 66.0 193.0
person 1391.0 510.0 46.0 104.0
person 1162.0 599.0 62.0 193.0
person 878.0 623.0 54.0 149.0
person 939.0 593.0 71.0 182.0
person 1098.0 642.0 76.0 179.0
person 1473.0 621.0 65.0 165.0
person 1313.0 602.0 56.0 163.0
person 1375.0 590.0 78.0 178.0
person 1542.0 615.0 72.0 181.0
person 413.0 725.0 93.0 248.0
person 491.0 743.0 90.0 221.0
person 454.0 796.0 108.0 241.0
person 212.0 758.0 76.0 226.0
person 217.0 823.0 110.0 257.0
person 862.0 621.0 60.0 184.0
person 1448.0 631.0 75.0 199.0
person 1142.0 671.0 76.0 220.0
person 1221.0 692.0 72.0 199.0
person 932.0 650.0 82.0 166.0
person 1496.0 711.0 59.0 127.0
person 1435.0 685.0 77.0 167.0
person 1570.0 686.0 94.0 233.0
person 1647.0 693.0 81.0 224.0
person 1867.0 739.0 53.0 212.0
person 1488.0 659.0 76.0 193.0
person 1138.0 554.0 60.0 142.0
person 1075.0 536.0 72.0 152.0
person 849.0 538.0 64.0 161.0
person 999.0 557.0 86.0 170.0
person 1027.0 522.0 45.0 113.0
person 979.0 509.0 57.0 137.0
person 927.0 498.0 60.0 130.0
person 826.0 502.0 62.0 126.0
person 771.0 500.0 48.0 125.0
person 979.0 484.0 53.0 125.0
person 933.0 473.0 46.0 122.0
person 894.0 467.0 49.0 139.0
person 856.0 478.0 49.0 125.0
person 781.0 464.0 52.0 128.0
person 870.0 458.0 50.0 116.0
person 994.0 506.0 42.0 116.0
person 834.0 450.0 50.0 133.0
person 1444.0 436.0 37.0 80.0
person 1453.0 427.0 52.0 89.0
