person 1080.0 609.0 64.0 211.0
person 1127.0 623.0 72.0 204.0
person 1407.0 508.0 46.0 104.0
person 1148.0 604.0 62.0 188.0
person 953.0 643.0 52.0 166.0
person 1024.0 611.0 68.0 194.0
person 1260.0 663.0 75.0 182.0
person 1595.0 643.0 73.0 178.0
person 1548.0 628.0 58.0 163.0
person 1561.0 610.0 76.0 181.0
person 1655.0 639.0 72.0 190.0
person 482.0 698.0 87.0 226.0
person 559.0 713.0 81.0 220.0
person 539.0 756.0 101.0 220.0
person 333.0 729.0 84.0 209.0
person 192.0 890.0 120.0 190.0
person 832.0 594.0 65.0 176.0
person 1449.0 613.0 66.0 200.0
person 1176.0 674.0 77.0 221.0
person 1245.0 696.0 85.0 199.0
person 799.0 624.0 77.0 162.0
person 1491.0 686.0 57.0 127.0
person 1471.0 660.0 68.0 163.0
person 1532.0 663.0 88.0 217.0
person 1577.0 663.0 86.0 218.0
person 1626.0 694.0 109.0 226.0
person 1510.0 637.0 73.0 194.0
person 1733.0 707.0 82.0 205.0
person 1191.0 568.0 61.0 143.0
person 1137.0 553.0 74.0 159.0
person 866.0 556.0 66.0 173.0
person 895.0 539.0 86.0 169.0
person 1083.0 541.0 51.0 112.0
person 1014.0 526.0 57.0 137.0
person 960.0 504.0 62.0 136.0
person 853.0 513.0 61.0 128.0
person 776.0 508.0 49.0 136.0
person 1037.0 494.0 54.0 125.0
person 991.0 490.0 45.0 122.0
person 951.0 481.0 49.0 140.0
person 912.0 488.0 50.0 131.0
person 799.0 483.0 54.0 125.0
person 971.0 470.0 52.0 116.0
person 841.0 458.0 47.0 130.0
person 795.0 449.0 39.0 107.0
person 1018.0 518.0 42.0 116.0
person 927.0 458.0 49.0 134.0
person 1463.0 439.0 38.0 80.0
person 1474.0 430.0 52.0 89.0
