person 411.0 563.0 88.0 194.0
person 539.0 569.0 76.0 193.0
person 561.0 599.0 86.0 185.0
person 1006.0 580.0 66.0 202.0
person 1073.0 586.0 66.0 196.0
person 1385.0 510.0 46.0 104.0
person 1140.0 591.0 63.0 193.0
person 1266.0 975.0 118.0 105.0
person 1123.0 968.0 131.0 113.0
person 862.0 597.0 49.0 143.0
person 916.0 563.0 66.0 174.0
person 927.0 620.0 70.0 175.0
person 1333.0 596.0 66.0 158.0
person 1127.0 580.0 56.0 149.0
person 1208.0 570.0 82.0 176.0
person 1397.0 593.0 61.0 161.0
person 1659.0 689.0 107.0 215.0
person 1719.0 685.0 109.0 212.0
person 1681.0 674.0 66.0 203.0
person 967.0 958.0 117.0 123.0
person 1760.0 679.0 81.0 203.0
person 322.0 746.0 104.0 258.0
person 416.0 768.0 94.0 245.0
person 335.0 836.0 120.0 245.0
person 164.0 760.0 72.0 227.0
person 169.0 775.0 98.0 257.0
person 924.0 633.0 81.0 197.0
person 1418.0 645.0 78.0 206.0
person 1127.0 669.0 73.0 220.0
person 1180.0 684.0 61.0 193.0
person 1087.0 661.0 76.0 174.0
person 1474.0 725.0 66.0 136.0
person 1366.0 715.0 75.0 170.0
person 1728.0 712.0 122.0 240.0
person 1793.0 712.0 99.0 226.0
person 1426.0 678.0 77.0 205.0
person 1086.0 533.0 57.0 131.0
person 1024.0 513.0 73.0 148.0
person 832.0 514.0 66.0 148.0
person 1156.0 555.0 78.0 176.0
person 988.0 509.0 46.0 112.0
person 935.0 493.0 58.0 116.0
person 872.0 481.0 58.0 131.0
person 800.0 482.0 58.0 122.0
person 759.0 482.0 49.0 122.0
person 912.0 464.0 49.0 118.0
person 862.0 460.0 46.0 122.0
person 825.0 450.0 43.0 133.0
person 795.0 462.0 44.0 125.0
person 751.0 444.0 49.0 116.0
person 955.0 487.0 49.0 116.0
person 1425.0 434.0 38.0 80.0
person 1433.0 423.0 52.0 89.0
