person 385.0 560.0 88.0 194.0
person 493.0 568.0 87.0 188.0
person 516.0 592.0 90.0 187.0
person 1021.0 590.0 66.0 202.0
person 1080.0 592.0 65.0 190.0
person 1381.0 510.0 46.0 104.0
person 1150.0 594.0 61.0 193.0
person 1271.0 1012.0 100.0 69.0
person 1118.0 1007.0 119.0 74.0
person 869.0 609.0 52.0 148.0
person 922.0 576.0 69.0 176.0
person 1003.0 627.0 72.0 174.0
person 1392.0 607.0 66.0 158.0
person 1209.0 590.0 57.0 154.0
person 1275.0 576.0 81.0 176.0
person 1463.0 603.0 60.0 161.0
person 1754.0 696.0 112.0 221.0
person 1757.0 688.0 77.0 203.0
person 932.0 987.0 118.0 94.0
person 362.0 737.0 94.0 257.0
person 457.0 755.0 92.0 237.0
person 395.0 816.0 111.0 250.0
person 171.0 763.0 73.0 227.0
person 192.0 798.0 93.0 263.0
person 891.0 625.0 72.0 191.0
person 1444.0 634.0 76.0 193.0
person 1128.0 667.0 77.0 220.0
person 1193.0 687.0 63.0 194.0
person 1009.0 656.0 85.0 172.0
person 1489.0 713.0 66.0 128.0
person 1383.0 700.0 78.0 167.0
person 1635.0 700.0 120.0 236.0
person 1684.0 698.0 108.0 227.0
person 1447.0 669.0 77.0 202.0
person 1109.0 541.0 56.0 143.0
person 1052.0 522.0 64.0 151.0
person 841.0 523.0 65.0 155.0
person 1079.0 550.0 85.0 170.0
person 1009.0 510.0 41.0 112.0
person 957.0 501.0 58.0 116.0
person 896.0 485.0 60.0 131.0
person 811.0 491.0 58.0 122.0
person 765.0 489.0 48.0 125.0
person 943.0 470.0 49.0 119.0
person 894.0 466.0 46.0 122.0
person 854.0 458.0 50.0 133.0
person 826.0 467.0 46.0 124.0
person 751.0 459.0 48.0 118.0
person 803.0 450.0 49.0 116.0
person 976.0 499.0 42.0 116.0
person 771.0 443.0 45.0 133.0
person 1433.0 435.0 38.0 80.0
person 1442.0 425.0 52.0 89.0
