person 473.0 568.0 83.0 188.0
person 473.0 596.0 96.0 191.0
person 1037.0 591.0 66.0 203.0
person 1093.0 596.0 65.0 192.0
person 1386.0 510.0 46.0 104.0
person 1156.0 597.0 61.0 193.0
person 1133.0 1034.0 79.0 47.0
person 871.0 617.0 53.0 148.0
person 929.0 584.0 71.0 178.0
person 1047.0 633.0 76.0 177.0
person 1431.0 614.0 66.0 158.0
person 1258.0 595.0 56.0 163.0
person 1323.0 582.0 80.0 177.0
person 1504.0 610.0 64.0 166.0
person 1801.0 695.0 91.0 209.0
person 922.0 1016.0 118.0 65.0
person 391.0 730.0 92.0 253.0
person 472.0 748.0 94.0 234.0
person 425.0 805.0 109.0 247.0
person 183.0 756.0 76.0 226.0
person 200.0 817.0 105.0 262.0
person 881.0 621.0 60.0 191.0
person 1447.0 633.0 77.0 195.0
person 1136.0 669.0 76.0 220.0
person 1209.0 689.0 69.0 196.0
person 975.0 651.0 72.0 166.0
person 1500.0 711.0 66.0 128.0
person 1407.0 690.0 77.0 167.0
person 1604.0 694.0 97.0 236.0
person 1665.0 697.0 92.0 227.0
person 1468.0 663.0 78.0 196.0
person 1125.0 546.0 57.0 143.0
person 1063.0 529.0 68.0 151.0
person 846.0 530.0 64.0 159.0
person 1038.0 553.0 85.0 170.0
person 1013.0 514.0 45.0 113.0
person 968.0 503.0 58.0 122.0
person 913.0 491.0 64.0 131.0
person 820.0 496.0 61.0 121.0
person 771.0 494.0 48.0 125.0
person 963.0 476.0 51.0 120.0
person 913.0 470.0 46.0 122.0
person 877.0 462.0 50.0 134.0
person 839.0 473.0 48.0 125.0
person 769.0 461.0 52.0 118.0
person 835.0 454.0 50.0 116.0
person 987.0 502.0 42.0 116.0
person 805.0 444.0 47.0 133.0
person 1439.0 435.0 37.0 80.0
person 1447.0 426.0 52.0 89.0
