person 400.0 559.0 88.0 194.0
person 519.0 569.0 82.0 190.0
person 542.0 595.0 86.0 187.0
person 1010.0 586.0 66.0 202.0
person 1076.0 588.0 65.0 194.0
person 1382.0 510.0 46.0 104.0
person 1144.0 591.0 61.0 193.0
person 1267.0 992.0 116.0 88.0
person 1119.0 979.0 128.0 102.0
person 864.0 600.0 50.0 148.0
person 917.0 568.0 66.0 175.0
person 959.0 623.0 70.0 174.0
person 1357.0 601.0 66.0 158.0
person 1160.0 585.0 57.0 149.0
person 1235.0 573.0 82.0 176.0
person 1424.0 597.0 61.0 161.0
person 1702.0 691.0 108.0 213.0
person 1760.0 692.0 110.0 212.0
person 1710.0 681.0 69.0 203.0
person 952.0 969.0 118.0 112.0
person 1801.0 680.0 81.0 206.0
person 337.0 742.0 101.0 257.0
person 433.0 762.0 92.0 242.0
person 358.0 828.0 118.0 249.0
person 166.0 760.0 72.0 227.0
person 179.0 783.0 96.0 260.0
person 908.0 630.0 77.0 194.0
person 1431.0 641.0 78.0 203.0
person 1127.0 669.0 75.0 220.0
person 1185.0 685.0 62.0 193.0
person 1055.0 660.0 82.0 173.0
person 1479.0 720.0 66.0 129.0
person 1365.0 708.0 75.0 169.0
person 1691.0 707.0 120.0 239.0
person 1745.0 708.0 105.0 227.0
person 1432.0 676.0 76.0 202.0
person 1095.0 537.0 56.0 140.0
person 1034.0 516.0 71.0 151.0
person 834.0 518.0 64.0 154.0
person 1125.0 554.0 81.0 174.0
person 996.0 510.0 44.0 112.0
person 943.0 496.0 58.0 116.0
person 882.0 482.0 58.0 131.0
person 804.0 486.0 58.0 122.0
person 761.0 485.0 48.0 124.0
person 925.0 467.0 49.0 118.0
person 876.0 462.0 46.0 122.0
person 839.0 452.0 49.0 133.0
person 808.0 465.0 44.0 124.0
person 772.0 449.0 50.0 116.0
person 964.0 493.0 46.0 116.0
person 734.0 441.0 45.0 133.0
person 1428.0 434.0 38.0 80.0
person 1436.0 424.0 52.0 89.0
