person 383.0 560.0 88.0 194.0
person 491.0 568.0 87.0 188.0
person 512.0 593.0 90.0 187.0
person 1022.0 590.0 66.0 202.0
person 1081.0 593.0 65.0 189.0
person 1381.0 510.0 46.0 104.0
person 1150.0 594.0 61.0 193.0
person 1272.0 1015.0 96.0 66.0
person 1118.0 1009.0 118.0 72.0
person 870.0 610.0 52.0 148.0
person 923.0 576.0 69.0 177.0
person 1007.0 628.0 73.0 174.0
person 1396.0 608.0 66.0 158.0
person 1213.0 591.0 57.0 154.0
person 1279.0 576.0 81.0 176.0
person 1467.0 604.0 60.0 161.0
person 1760.0 696.0 111.0 221.0
person 1762.0 689.0 78.0 202.0
person 931.0 989.0 118.0 92.0
person 364.0 736.0 94.0 257.0
person 458.0 754.0 93.0 238.0
person 399.0 815.0 110.0 250.0
person 172.0 762.0 74.0 227.0
person 192.0 799.0 93.0 263.0
person 890.0 624.0 71.0 191.0
person 1445.0 633.0 76.0 192.0
person 1128.0 667.0 77.0 219.0
person 1193.0 687.0 64.0 194.0
person 1006.0 656.0 83.0 171.0
person 1490.0 712.0 66.0 128.0
person 1385.0 700.0 78.0 167.0
person 1632.0 699.0 118.0 236.0
person 1677.0 697.0 110.0 227.0
person 1449.0 669.0 77.0 202.0
person 1111.0 541.0 56.0 143.0
person 1053.0 523.0 64.0 151.0
person 842.0 523.0 65.0 155.0
person 1075.0 550.0 85.0 170.0
person 1009.0 510.0 41.0 112.0
person 958.0 501.0 58.0 117.0
person 898.0 486.0 60.0 131.0
person 812.0 492.0 58.0 122.0
person 766.0 490.0 48.0 125.0
person 945.0 471.0 49.0 119.0
person 896.0 466.0 46.0 122.0
person 856.0 459.0 50.0 133.0
person 828.0 468.0 46.0 124.0
person 753.0 460.0 48.0 118.0
person 807.0 451.0 48.0 116.0
person 977.0 500.0 42.0 116.0
person 775.0 444.0 45.0 133.0
person 1434.0 435.0 37.0 80.0
person 1442.0 425.0 52.0 89.0
