person 425.0 591.0 96.0 179.0
person 1056.0 596.0 66.0 203.0
person 1118.0 604.0 65.0 196.0
person 1395.0 510.0 45.0 104.0
person 1167.0 600.0 62.0 194.0
person 902.0 629.0 54.0 149.0
person 960.0 597.0 70.0 184.0
person 1127.0 648.0 78.0 179.0
person 1509.0 627.0 65.0 174.0
person 1363.0 607.0 57.0 163.0
person 1417.0 596.0 77.0 179.0
person 1571.0 623.0 72.0 181.0
person 430.0 720.0 93.0 244.0
person 516.0 738.0 82.0 220.0
person 476.0 787.0 108.0 239.0
person 240.0 757.0 76.0 227.0
person 218.0 840.0 110.0 241.0
person 847.0 619.0 63.0 181.0
person 1449.0 628.0 70.0 200.0
person 1147.0 672.0 76.0 220.0
person 1223.0 695.0 72.0 200.0
person 902.0 644.0 79.0 168.0
person 1493.0 706.0 58.0 127.0
person 1450.0 677.0 72.0 166.0
person 1548.0 681.0 93.0 230.0
person 1627.0 688.0 80.0 218.0
person 1817.0 719.0 97.0 229.0
person 1502.0 655.0 73.0 193.0
person 1887.0 732.0 33.0 206.0
person 1148.0 559.0 62.0 142.0
person 1090.0 542.0 72.0 156.0
person 851.0 544.0 64.0 161.0
person 970.0 558.0 86.0 170.0
person 1041.0 529.0 44.0 113.0
person 992.0 519.0 58.0 137.0
person 934.0 502.0 61.0 130.0
person 833.0 506.0 61.0 128.0
person 771.0 503.0 49.0 127.0
person 993.0 487.0 53.0 125.0
person 949.0 479.0 46.0 122.0
person 908.0 471.0 49.0 140.0
person 871.0 481.0 50.0 127.0
person 789.0 467.0 52.0 131.0
person 897.0 460.0 49.0 116.0
person 1000.0 509.0 41.0 116.0
person 857.0 454.0 50.0 134.0
person 1449.0 437.0 37.0 80.0
person 1458.0 427.0 52.0 89.0
