person 396.0 558.0 88.0 194.0
person 511.0 569.0 84.0 189.0
person 535.0 593.0 88.0 187.0
person 1011.0 589.0 66.0 202.0
person 1077.0 590.0 66.0 192.0
person 1381.0 510.0 46.0 104.0
person 1146.0 592.0 61.0 193.0
person 1267.0 997.0 116.0 84.0
person 1119.0 987.0 126.0 94.0
person 866.0 603.0 50.0 148.0
person 918.0 571.0 67.0 175.0
person 974.0 624.0 70.0 173.0
person 1368.0 603.0 66.0 158.0
person 1176.0 587.0 57.0 149.0
person 1247.0 574.0 82.0 176.0
person 1436.0 599.0 60.0 161.0
person 1717.0 692.0 111.0 212.0
person 1778.0 695.0 110.0 212.0
person 1722.0 684.0 72.0 203.0
person 946.0 975.0 118.0 106.0
person 1822.0 679.0 78.0 204.0
person 344.0 740.0 99.0 257.0
person 442.0 760.0 92.0 239.0
person 369.0 824.0 116.0 250.0
person 167.0 762.0 72.0 227.0
person 186.0 789.0 94.0 262.0
person 903.0 628.0 76.0 194.0
person 1435.0 639.0 77.0 200.0
person 1127.0 670.0 76.0 219.0
person 1187.0 686.0 62.0 193.0
person 1039.0 659.0 85.0 173.0
person 1482.0 718.0 66.0 128.0
person 1368.0 703.0 78.0 167.0
person 1674.0 705.0 120.0 238.0
person 1735.0 705.0 97.0 227.0
person 1437.0 674.0 76.0 202.0
person 1099.0 540.0 56.0 143.0
person 1040.0 518.0 68.0 151.0
person 836.0 519.0 64.0 155.0
person 1112.0 553.0 81.0 173.0
person 1000.0 510.0 43.0 112.0
person 948.0 497.0 58.0 116.0
person 886.0 483.0 58.0 131.0
person 806.0 488.0 58.0 122.0
person 762.0 487.0 48.0 124.0
person 930.0 468.0 49.0 118.0
person 882.0 463.0 46.0 122.0
person 845.0 453.0 50.0 133.0
person 813.0 466.0 45.0 124.0
person 782.0 450.0 49.0 116.0
person 968.0 496.0 44.0 116.0
person 745.0 442.0 45.0 133.0
person 1430.0 434.0 38.0 80.0
person 1438.0 424.0 52.0 89.0
