person 403.0 560.0 88.0 194.0
person 525.0 569.0 80.0 191.0
person 546.0 596.0 86.0 187.0
person 1009.0 584.0 66.0 202.0
person 1075.0 588.0 66.0 194.0
person 1383.0 510.0 46.0 104.0
person 1143.0 591.0 61.0 193.0
person 1267.0 988.0 116.0 92.0
person 1120.0 976.0 129.0 105.0
person 863.0 598.0 49.0 148.0
person 916.0 567.0 65.0 174.0
person 949.0 622.0 70.0 174.0
person 1351.0 600.0 66.0 158.0
person 1149.0 584.0 57.0 149.0
person 1227.0 572.0 82.0 176.0
person 1417.0 596.0 60.0 161.0
person 1691.0 691.0 106.0 213.0
person 1748.0 690.0 110.0 212.0
person 1701.0 679.0 69.0 203.0
person 956.0 966.0 118.0 115.0
person 1789.0 680.0 81.0 206.0
person 332.0 743.0 102.0 257.0
person 427.0 763.0 92.0 245.0
person 350.0 830.0 120.0 249.0
person 166.0 760.0 72.0 227.0
person 175.0 779.0 97.0 259.0
person 911.0 631.0 79.0 195.0
person 1429.0 642.0 78.0 205.0
person 1127.0 669.0 74.0 220.0
person 1184.0 685.0 61.0 193.0
person 1065.0 660.0 80.0 173.0
person 1478.0 721.0 65.0 132.0
person 1364.0 710.0 75.0 170.0
person 1702.0 708.0 120.0 240.0
person 1752.0 711.0 110.0 226.0
person 1429.0 677.0 76.0 202.0
person 1092.0 536.0 57.0 137.0
person 1030.0 515.0 73.0 151.0
person 834.0 517.0 64.0 152.0
person 1135.0 554.0 79.0 175.0
person 994.0 510.0 44.0 112.0
person 941.0 495.0 58.0 116.0
person 879.0 482.0 58.0 131.0
person 803.0 485.0 57.0 122.0
person 760.0 484.0 49.0 124.0
person 921.0 466.0 49.0 118.0
person 872.0 461.0 46.0 122.0
person 835.0 452.0 47.0 133.0
person 804.0 464.0 44.0 125.0
person 766.0 448.0 50.0 116.0
person 962.0 491.0 46.0 116.0
person 1427.0 434.0 38.0 80.0
person 1435.0 424.0 52.0 89.0
