person 1080.0 610.0 64.0 211.0
person 1125.0 623.0 72.0 205.0
person 1408.0 508.0 46.0 104.0
person 1147.0 604.0 62.0 188.0
person 955.0 644.0 52.0 166.0
person 1027.0 612.0 68.0 194.0
person 1264.0 664.0 76.0 183.0
person 1596.0 643.0 74.0 179.0
person 1555.0 629.0 58.0 163.0
person 1564.0 609.0 76.0 181.0
person 1657.0 640.0 72.0 190.0
person 483.0 697.0 87.0 227.0
person 560.0 712.0 81.0 221.0
person 541.0 755.0 100.0 220.0
person 335.0 729.0 84.0 208.0
person 190.0 891.0 121.0 189.0
person 832.0 593.0 65.0 175.0
person 1448.0 613.0 66.0 200.0
person 1178.0 674.0 77.0 221.0
person 1247.0 696.0 85.0 199.0
person 796.0 624.0 77.0 161.0
person 1491.0 685.0 57.0 127.0
person 1471.0 660.0 68.0 162.0
person 1533.0 662.0 88.0 217.0
person 1577.0 662.0 85.0 218.0
person 1622.0 693.0 110.0 225.0
person 1511.0 636.0 72.0 194.0
person 1727.0 706.0 85.0 205.0
person 1192.0 568.0 61.0 143.0
person 1139.0 553.0 74.0 160.0
person 868.0 557.0 66.0 173.0
person 890.0 539.0 86.0 169.0
person 1084.0 542.0 51.0 112.0
person 1014.0 527.0 58.0 137.0
person 961.0 504.0 61.0 136.0
person 853.0 514.0 61.0 128.0
person 776.0 508.0 49.0 136.0
person 1038.0 494.0 54.0 125.0
person 991.0 490.0 45.0 123.0
person 952.0 481.0 49.0 140.0
person 913.0 488.0 50.0 131.0
person 800.0 483.0 54.0 125.0
person 972.0 470.0 53.0 116.0
person 842.0 458.0 48.0 130.0
person 798.0 449.0 39.0 107.0
person 1019.0 518.0 42.0 116.0
person 929.0 459.0 49.0 134.0
person 1463.0 439.0 38.0 80.0
person 1475.0 430.0 52.0 89.0
