person 408.0 562.0 88.0 194.0
person 533.0 569.0 78.0 192.0
person 555.0 598.0 85.0 186.0
person 1007.0 582.0 66.0 202.0
person 1074.0 587.0 66.0 195.0
person 1384.0 510.0 46.0 104.0
person 1141.0 591.0 62.0 193.0
person 1266.0 981.0 117.0 99.0
person 1122.0 971.0 130.0 110.0
person 862.0 597.0 49.0 146.0
person 915.0 565.0 65.0 174.0
person 934.0 621.0 70.0 175.0
person 1340.0 598.0 66.0 158.0
person 1135.0 582.0 56.0 149.0
person 1215.0 571.0 82.0 176.0
person 1405.0 594.0 60.0 161.0
person 1676.0 690.0 103.0 214.0
person 1730.0 687.0 110.0 212.0
person 1689.0 676.0 66.0 203.0
person 962.0 961.0 118.0 120.0
person 1771.0 679.0 82.0 205.0
person 325.0 744.0 104.0 258.0
person 420.0 766.0 93.0 245.0
person 341.0 834.0 120.0 247.0
person 165.0 760.0 72.0 227.0
person 171.0 776.0 98.0 258.0
person 918.0 632.0 80.0 196.0
person 1423.0 644.0 78.0 206.0
person 1127.0 669.0 73.0 220.0
person 1181.0 684.0 62.0 193.0
person 1079.0 661.0 77.0 173.0
person 1476.0 723.0 65.0 135.0
person 1365.0 713.0 75.0 170.0
person 1719.0 711.0 120.0 241.0
person 1777.0 712.0 103.0 226.0
person 1427.0 678.0 76.0 203.0
person 1089.0 534.0 56.0 134.0
person 1026.0 514.0 73.0 149.0
person 833.0 515.0 65.0 150.0
person 1149.0 556.0 78.0 176.0
person 990.0 510.0 45.0 112.0
person 937.0 493.0 58.0 116.0
person 874.0 481.0 58.0 131.0
person 801.0 483.0 58.0 122.0
person 759.0 483.0 49.0 123.0
person 916.0 465.0 49.0 118.0
person 866.0 460.0 46.0 122.0
person 829.0 451.0 45.0 133.0
person 799.0 464.0 44.0 125.0
person 757.0 446.0 49.0 116.0
person 958.0 488.0 48.0 116.0
person 1426.0 434.0 38.0 80.0
person 1434.0 423.0 52.0 89.0
