person 470.0 568.0 81.0 188.0
person 468.0 595.0 96.0 190.0
person 1040.0 591.0 66.0 203.0
person 1095.0 597.0 66.0 192.0
person 1387.0 510.0 46.0 104.0
person 1157.0 597.0 61.0 193.0
person 871.0 618.0 53.0 148.0
person 930.0 586.0 71.0 178.0
person 1057.0 635.0 76.0 177.0
person 1438.0 615.0 66.0 158.0
person 1268.0 595.0 56.0 163.0
person 1333.0 584.0 79.0 177.0
person 1511.0 611.0 65.0 169.0
person 1815.0 694.0 85.0 211.0
person 920.0 1021.0 118.0 60.0
person 396.0 729.0 92.0 252.0
person 474.0 747.0 94.0 231.0
person 430.0 803.0 108.0 246.0
person 187.0 757.0 76.0 226.0
person 202.0 819.0 107.0 261.0
person 879.0 621.0 58.0 190.0
person 1447.0 633.0 78.0 196.0
person 1138.0 670.0 76.0 220.0
person 1213.0 690.0 70.0 196.0
person 967.0 651.0 74.0 166.0
person 1502.0 711.0 66.0 128.0
person 1412.0 689.0 77.0 167.0
person 1599.0 694.0 93.0 236.0
person 1663.0 697.0 88.0 227.0
person 1472.0 662.0 78.0 195.0
person 1128.0 547.0 57.0 143.0
person 1065.0 530.0 69.0 151.0
person 846.0 532.0 64.0 160.0
person 1030.0 554.0 86.0 170.0
person 1015.0 515.0 45.0 113.0
person 970.0 503.0 57.0 126.0
person 916.0 492.0 63.0 131.0
person 821.0 497.0 62.0 122.0
person 771.0 495.0 48.0 125.0
person 966.0 477.0 51.0 121.0
person 917.0 471.0 46.0 122.0
person 881.0 463.0 50.0 134.0
person 841.0 474.0 49.0 125.0
person 772.0 462.0 52.0 119.0
person 841.0 455.0 50.0 116.0
person 989.0 503.0 42.0 116.0
person 811.0 444.0 48.0 133.0
person 1440.0 436.0 37.0 80.0
person 1448.0 426.0 52.0 89.0
