person 480.0 568.0 85.0 188.0
person 487.0 597.0 93.0 190.0
person 1031.0 591.0 66.0 202.0
person 1088.0 595.0 65.0 190.0
person 1384.0 510.0 46.0 104.0
person 1154.0 596.0 61.0 193.0
person 1115.0 1021.0 113.0 60.0
person 871.0 614.0 53.0 148.0
person 926.0 581.0 70.0 177.0
person 1031.0 631.0 75.0 175.0
person 1417.0 611.0 66.0 158.0
person 1238.0 593.0 56.0 162.0
person 1305.0 580.0 80.0 176.0
person 1491.0 608.0 60.0 161.0
person 1792.0 700.0 110.0 221.0
person 1773.0 697.0 103.0 206.0
person 926.0 1005.0 118.0 76.0
person 380.0 733.0 92.0 254.0
person 468.0 749.0 94.0 241.0
person 416.0 809.0 109.0 248.0
person 178.0 758.0 76.0 226.0
person 197.0 810.0 100.0 262.0
person 885.0 623.0 64.0 190.0
person 1447.0 633.0 77.0 193.0
person 1133.0 668.0 76.0 219.0
person 1201.0 688.0 66.0 195.0
person 987.0 653.0 77.0 168.0
person 1496.0 711.0 66.0 128.0
person 1398.0 694.0 78.0 167.0
person 1615.0 696.0 106.0 236.0
person 1670.0 697.0 99.0 227.0
person 1460.0 665.0 78.0 199.0
person 1120.0 543.0 56.0 143.0
person 1059.0 526.0 67.0 151.0
person 845.0 527.0 65.0 157.0
person 1052.0 552.0 86.0 170.0
person 1011.0 512.0 44.0 113.0
person 964.0 502.0 58.0 120.0
person 907.0 489.0 63.0 131.0
person 816.0 494.0 61.0 122.0
person 769.0 492.0 48.0 125.0
person 957.0 474.0 49.0 119.0
person 906.0 469.0 46.0 122.0
person 869.0 461.0 50.0 133.0
person 834.0 471.0 48.0 124.0
person 763.0 461.0 50.0 118.0
person 824.0 453.0 49.0 116.0
person 983.0 501.0 42.0 116.0
person 793.0 444.0 46.0 133.0
person 1437.0 435.0 37.0 80.0
person 1445.0 425.0 52.0 89.0
