person 1077.0 605.0 65.0 208.0
person 1132.0 616.0 68.0 199.0
person 1405.0 509.0 45.0 104.0
person 1160.0 603.0 62.0 190.0
person 940.0 641.0 53.0 159.0
person 1001.0 607.0 68.0 190.0
person 1224.0 659.0 77.0 180.0
person 1571.0 638.0 74.0 176.0
person 1492.0 619.0 58.0 163.0
person 1523.0 609.0 76.0 181.0
person 1633.0 635.0 72.0 187.0
person 471.0 704.0 88.0 231.0
person 551.0 720.0 81.0 220.0
person 525.0 762.0 102.0 237.0
person 319.0 732.0 84.0 217.0
person 207.0 874.0 118.0 207.0
person 836.0 600.0 66.0 181.0
person 1456.0 616.0 65.0 200.0
person 1163.0 673.0 77.0 221.0
person 1235.0 698.0 78.0 199.0
person 830.0 627.0 79.0 169.0
person 1491.0 691.0 57.0 127.0
person 1472.0 665.0 69.0 165.0
person 1523.0 673.0 88.0 218.0
person 1590.0 673.0 87.0 217.0
person 1681.0 704.0 103.0 226.0
person 1509.0 642.0 73.0 194.0
person 1774.0 716.0 95.0 209.0
person 1178.0 567.0 62.0 142.0
person 1120.0 550.0 74.0 158.0
person 859.0 552.0 66.0 166.0
person 921.0 544.0 86.0 169.0
person 1071.0 537.0 49.0 112.0
person 1010.0 523.0 57.0 137.0
person 953.0 504.0 61.0 130.0
person 849.0 513.0 61.0 128.0
person 774.0 506.0 49.0 132.0
person 1023.0 493.0 54.0 125.0
person 979.0 488.0 46.0 122.0
person 942.0 479.0 49.0 140.0
person 905.0 487.0 50.0 131.0
person 796.0 483.0 54.0 125.0
person 954.0 469.0 50.0 116.0
person 827.0 454.0 46.0 130.0
person 1013.0 515.0 42.0 116.0
person 911.0 457.0 49.0 134.0
person 1461.0 439.0 38.0 80.0
person 1470.0 429.0 52.0 89.0
