person 439.0 572.0 89.0 194.0
person 559.0 571.0 76.0 197.0
person 606.0 605.0 80.0 181.0
person 1000.0 574.0 67.0 203.0
person 1065.0 581.0 64.0 194.0
person 1395.0 506.0 46.0 104.0
person 1133.0 591.0 67.0 193.0
person 1277.0 943.0 122.0 138.0
person 1134.0 939.0 135.0 141.0
person 860.0 597.0 50.0 127.0
person 915.0 552.0 65.0 173.0
person 902.0 608.0 70.0 175.0
person 1284.0 588.0 66.0 158.0
person 1074.0 571.0 53.0 149.0
person 1153.0 565.0 82.0 176.0
person 1343.0 584.0 60.0 161.0
person 1613.0 679.0 78.0 222.0
person 1655.0 673.0 103.0 211.0
person 1635.0 666.0 66.0 203.0
person 1000.0 929.0 117.0 152.0
person 1703.0 672.0 82.0 203.0
person 299.0 759.0 104.0 262.0
person 393.0 778.0 97.0 241.0
person 295.0 849.0 120.0 232.0
person 160.0 759.0 72.0 227.0
person 168.0 768.0 83.0 257.0
person 970.0 638.0 80.0 203.0
person 1397.0 652.0 82.0 205.0
person 1137.0 666.0 79.0 218.0
person 1180.0 682.0 70.0 194.0
person 1148.0 665.0 70.0 175.0
person 1459.0 731.0 66.0 139.0
person 1381.0 717.0 78.0 184.0
person 1826.0 713.0 88.0 240.0
person 1435.0 683.0 78.0 212.0
person 1070.0 525.0 57.0 121.0
person 1008.0 510.0 72.0 137.0
person 824.0 507.0 58.0 146.0
person 1208.0 553.0 78.0 176.0
person 982.0 502.0 39.0 109.0
person 918.0 488.0 58.0 116.0
person 856.0 475.0 56.0 131.0
person 790.0 476.0 58.0 122.0
person 755.0 477.0 50.0 122.0
person 876.0 459.0 49.0 118.0
person 824.0 452.0 45.0 122.0
person 800.0 444.0 42.0 133.0
person 768.0 455.0 45.0 123.0
person 939.0 480.0 48.0 113.0
person 1423.0 431.0 38.0 80.0
person 1425.0 422.0 52.0 89.0
