person 446.0 593.0 96.0 182.0
person 1051.0 593.0 66.0 203.0
person 1108.0 601.0 65.0 194.0
person 1391.0 510.0 46.0 104.0
person 1163.0 599.0 61.0 193.0
person 881.0 624.0 53.0 149.0
person 941.0 593.0 71.0 182.0
person 1101.0 643.0 76.0 179.0
person 1477.0 622.0 65.0 166.0
person 1319.0 603.0 56.0 163.0
person 1379.0 590.0 79.0 178.0
person 1545.0 616.0 72.0 181.0
person 415.0 725.0 93.0 247.0
person 494.0 742.0 89.0 221.0
person 457.0 795.0 108.0 241.0
person 215.0 758.0 76.0 226.0
person 217.0 825.0 109.0 255.0
person 860.0 621.0 60.0 183.0
person 1448.0 631.0 74.0 199.0
person 1143.0 671.0 76.0 220.0
person 1221.0 692.0 72.0 199.0
person 929.0 649.0 81.0 167.0
person 1495.0 711.0 58.0 127.0
person 1436.0 684.0 77.0 167.0
person 1567.0 686.0 94.0 232.0
person 1645.0 693.0 80.0 223.0
person 1859.0 737.0 61.0 213.0
person 1490.0 658.0 75.0 194.0
person 1139.0 554.0 60.0 143.0
person 1077.0 536.0 72.0 153.0
person 849.0 539.0 64.0 161.0
person 995.0 557.0 86.0 170.0
person 1029.0 523.0 45.0 113.0
person 981.0 510.0 57.0 137.0
person 928.0 498.0 60.0 130.0
person 827.0 502.0 61.0 127.0
person 771.0 501.0 48.0 125.0
person 980.0 484.0 53.0 125.0
person 935.0 474.0 46.0 122.0
person 896.0 468.0 48.0 139.0
person 858.0 478.0 49.0 125.0
person 782.0 464.0 52.0 129.0
person 874.0 458.0 50.0 116.0
person 995.0 506.0 41.0 116.0
person 837.0 451.0 50.0 133.0
person 1445.0 436.0 37.0 80.0
person 1454.0 427.0 52.0 89.0
