person 1071.0 603.0 65.0 205.0
person 1132.0 611.0 67.0 198.0
person 1403.0 509.0 45.0 104.0
person 1166.0 603.0 62.0 190.0
person 933.0 639.0 53.0 156.0
person 992.0 605.0 69.0 189.0
person 1204.0 656.0 80.0 180.0
person 1556.0 635.0 74.0 175.0
person 1464.0 617.0 58.0 163.0
person 1500.0 607.0 76.0 181.0
person 1620.0 633.0 72.0 184.0
person 464.0 708.0 88.0 233.0
person 542.0 725.0 81.0 219.0
person 513.0 767.0 105.0 239.0
person 299.0 737.0 84.0 217.0
person 213.0 862.0 123.0 218.0
person 836.0 605.0 66.0 181.0
person 1460.0 618.0 65.0 200.0
person 1155.0 673.0 77.0 221.0
person 1229.0 699.0 75.0 199.0
person 846.0 632.0 81.0 169.0
person 1491.0 695.0 58.0 127.0
person 1472.0 667.0 69.0 167.0
person 1528.0 675.0 89.0 222.0
person 1602.0 678.0 84.0 217.0
person 1704.0 706.0 105.0 232.0
person 1510.0 645.0 72.0 194.0
person 1789.0 719.0 94.0 209.0
person 1172.0 567.0 61.0 142.0
person 1110.0 548.0 74.0 158.0
person 857.0 551.0 65.0 161.0
person 934.0 546.0 86.0 169.0
person 1064.0 536.0 49.0 112.0
person 1009.0 522.0 58.0 137.0
person 949.0 504.0 61.0 130.0
person 847.0 513.0 61.0 128.0
person 772.0 504.0 50.0 131.0
person 1015.0 492.0 53.0 125.0
person 973.0 487.0 46.0 122.0
person 935.0 477.0 50.0 140.0
person 898.0 486.0 50.0 130.0
person 795.0 481.0 54.0 125.0
person 942.0 467.0 50.0 116.0
person 816.0 453.0 46.0 124.0
person 1010.0 514.0 42.0 116.0
person 899.0 457.0 49.0 134.0
person 1459.0 439.0 38.0 80.0
person 1467.0 429.0 52.0 89.0
