person 413.0 564.0 88.0 194.0
person 540.0 569.0 76.0 193.0
person 565.0 600.0 86.0 184.0
person 1006.0 579.0 66.0 202.0
person 1073.0 586.0 66.0 197.0
person 1386.0 510.0 46.0 104.0
person 1140.0 591.0 63.0 193.0
person 1266.0 971.0 118.0 109.0
person 1123.0 966.0 131.0 115.0
person 862.0 597.0 49.0 141.0
person 917.0 562.0 65.0 174.0
person 925.0 619.0 70.0 175.0
person 1330.0 596.0 66.0 158.0
person 1123.0 580.0 56.0 149.0
person 1204.0 570.0 82.0 176.0
person 1393.0 592.0 61.0 161.0
person 1651.0 689.0 109.0 215.0
person 1713.0 684.0 109.0 212.0
person 1678.0 674.0 66.0 203.0
person 969.0 955.0 117.0 126.0
person 1754.0 678.0 82.0 204.0
person 320.0 747.0 104.0 258.0
person 414.0 769.0 94.0 245.0
person 332.0 837.0 120.0 244.0
person 164.0 760.0 72.0 227.0
person 168.0 775.0 98.0 257.0
person 927.0 633.0 81.0 198.0
person 1416.0 646.0 78.0 205.0
person 1127.0 669.0 72.0 220.0
person 1179.0 684.0 61.0 193.0
person 1091.0 661.0 75.0 174.0
person 1474.0 725.0 65.0 138.0
person 1366.0 716.0 75.0 170.0
person 1733.0 712.0 122.0 240.0
person 1802.0 713.0 96.0 226.0
person 1426.0 679.0 77.0 205.0
person 1085.0 532.0 57.0 130.0
person 1023.0 513.0 72.0 147.0
person 832.0 514.0 66.0 146.0
person 1160.0 555.0 78.0 176.0
person 988.0 508.0 45.0 112.0
person 933.0 492.0 58.0 116.0
person 870.0 480.0 58.0 131.0
person 800.0 482.0 58.0 122.0
person 759.0 482.0 49.0 122.0
person 909.0 464.0 49.0 118.0
person 860.0 460.0 46.0 122.0
person 823.0 450.0 42.0 133.0
person 793.0 462.0 44.0 124.0
person 748.0 444.0 48.0 116.0
person 954.0 486.0 49.0 116.0
person 1425.0 434.0 38.0 80.0
person 1432.0 423.0 52.0 89.0
