person 434.0 572.0 89.0 194.0
person 555.0 573.0 76.0 193.0
person 594.0 605.0 86.0 181.0
person 1001.0 575.0 67.0 202.0
person 1067.0 582.0 65.0 195.0
person 1392.0 508.0 46.0 104.0
person 1135.0 591.0 66.0 193.0
person 1272.0 947.0 122.0 134.0
person 1130.0 948.0 135.0 132.0
person 860.0 597.0 50.0 128.0
person 917.0 555.0 66.0 173.0
person 907.0 610.0 70.0 175.0
person 1295.0 589.0 66.0 158.0
person 1084.0 573.0 54.0 149.0
person 1164.0 568.0 82.0 176.0
person 1354.0 586.0 61.0 161.0
person 1623.0 682.0 87.0 220.0
person 1658.0 676.0 104.0 211.0
person 1645.0 669.0 66.0 203.0
person 993.0 935.0 117.0 146.0
person 1713.0 674.0 82.0 202.0
person 303.0 756.0 104.0 261.0
person 397.0 777.0 97.0 242.0
person 304.0 846.0 120.0 235.0
person 161.0 759.0 72.0 227.0
person 166.0 770.0 87.0 257.0
person 960.0 637.0 81.0 203.0
person 1399.0 651.0 80.0 205.0
person 1134.0 667.0 77.0 218.0
person 1179.0 683.0 69.0 194.0
person 1134.0 664.0 70.0 175.0
person 1462.0 730.0 66.0 139.0
person 1376.0 718.0 77.0 179.0
person 1788.0 716.0 120.0 237.0
person 1426.0 681.0 78.0 212.0
person 1073.0 526.0 56.0 123.0
person 1011.0 511.0 72.0 139.0
person 826.0 508.0 60.0 146.0
person 1196.0 553.0 78.0 176.0
person 984.0 502.0 39.0 111.0
person 921.0 489.0 58.0 116.0
person 859.0 476.0 57.0 131.0
person 791.0 477.0 58.0 122.0
person 756.0 478.0 50.0 122.0
person 882.0 461.0 50.0 118.0
person 832.0 454.0 45.0 122.0
person 805.0 445.0 42.0 133.0
person 774.0 457.0 45.0 123.0
person 942.0 481.0 48.0 114.0
person 1424.0 432.0 37.0 80.0
person 1427.0 422.0 52.0 89.0
