person 399.0 559.0 88.0 194.0
person 517.0 569.0 82.0 190.0
person 539.0 594.0 87.0 187.0
person 1010.0 587.0 66.0 202.0
person 1076.0 589.0 66.0 193.0
person 1382.0 510.0 46.0 104.0
person 1144.0 591.0 61.0 193.0
person 1267.0 994.0 116.0 87.0
person 1119.0 981.0 128.0 100.0
person 865.0 601.0 49.0 148.0
person 917.0 569.0 67.0 175.0
person 964.0 623.0 70.0 174.0
person 1361.0 601.0 66.0 158.0
person 1165.0 586.0 58.0 149.0
person 1239.0 573.0 82.0 176.0
person 1428.0 598.0 61.0 161.0
person 1707.0 692.0 109.0 212.0
person 1766.0 693.0 110.0 212.0
person 1714.0 682.0 70.0 203.0
person 950.0 971.0 118.0 110.0
person 1808.0 680.0 80.0 205.0
person 339.0 741.0 101.0 257.0
person 436.0 761.0 92.0 241.0
person 362.0 827.0 117.0 249.0
person 167.0 761.0 72.0 227.0
person 182.0 785.0 95.0 261.0
person 906.0 629.0 77.0 194.0
person 1433.0 640.0 77.0 202.0
person 1127.0 669.0 76.0 220.0
person 1186.0 686.0 61.0 193.0
person 1050.0 659.0 82.0 173.0
person 1480.0 720.0 66.0 128.0
person 1366.0 706.0 76.0 169.0
person 1685.0 706.0 120.0 239.0
person 1741.0 707.0 103.0 227.0
person 1434.0 675.0 76.0 202.0
person 1096.0 538.0 56.0 141.0
person 1036.0 517.0 70.0 151.0
person 835.0 519.0 64.0 155.0
person 1121.0 553.0 80.0 174.0
person 997.0 510.0 44.0 112.0
person 945.0 496.0 58.0 116.0
person 883.0 482.0 58.0 131.0
person 805.0 487.0 57.0 122.0
person 761.0 486.0 49.0 124.0
person 926.0 467.0 49.0 118.0
person 878.0 462.0 46.0 122.0
person 841.0 452.0 50.0 133.0
person 809.0 465.0 45.0 125.0
person 776.0 450.0 50.0 116.0
person 965.0 494.0 45.0 116.0
person 738.0 441.0 45.0 133.0
person 1429.0 434.0 38.0 80.0
person 1437.0 424.0 52.0 89.0
