person 405.0 561.0 88.0 194.0
person 528.0 569.0 79.0 191.0
person 549.0 597.0 85.0 187.0
person 1008.0 583.0 66.0 202.0
person 1075.0 587.0 65.0 195.0
person 1384.0 510.0 46.0 104.0
person 1142.0 591.0 61.0 193.0
person 1267.0 986.0 116.0 94.0
person 1121.0 974.0 129.0 107.0
person 863.0 597.0 48.0 148.0
person 915.0 566.0 65.0 174.0
person 944.0 622.0 70.0 174.0
person 1347.0 599.0 66.0 158.0
person 1144.0 583.0 57.0 149.0
person 1223.0 572.0 82.0 176.0
person 1413.0 595.0 60.0 161.0
person 1686.0 690.0 105.0 214.0
person 1742.0 689.0 110.0 212.0
person 1697.0 678.0 68.0 203.0
person 958.0 964.0 118.0 117.0
person 1783.0 680.0 81.0 205.0
person 329.0 743.0 103.0 257.0
person 424.0 764.0 93.0 245.0
person 347.0 832.0 120.0 249.0
person 165.0 760.0 72.0 227.0
person 173.0 778.0 98.0 258.0
person 913.0 631.0 79.0 196.0
person 1428.0 643.0 78.0 206.0
person 1127.0 669.0 74.0 220.0
person 1183.0 685.0 61.0 193.0
person 1071.0 661.0 79.0 173.0
person 1477.0 722.0 66.0 132.0
person 1364.0 711.0 75.0 170.0
person 1707.0 709.0 120.0 240.0
person 1760.0 711.0 108.0 226.0
person 1428.0 678.0 76.0 202.0
person 1091.0 535.0 57.0 136.0
person 1029.0 515.0 73.0 151.0
person 833.0 516.0 65.0 152.0
person 1139.0 555.0 79.0 175.0
person 992.0 510.0 45.0 112.0
person 939.0 494.0 58.0 116.0
person 877.0 481.0 58.0 131.0
person 803.0 485.0 57.0 122.0
person 760.0 484.0 49.0 123.0
person 920.0 466.0 49.0 118.0
person 870.0 461.0 46.0 122.0
person 833.0 451.0 46.0 133.0
person 802.0 464.0 44.0 125.0
person 763.0 447.0 50.0 116.0
person 960.0 490.0 48.0 116.0
person 1427.0 434.0 38.0 80.0
person 1435.0 424.0 52.0 89.0
