person 1062.0 599.0 66.0 203.0
person 1130.0 610.0 66.0 197.0
person 1400.0 510.0 45.0 104.0
person 1169.0 602.0 62.0 192.0
person 922.0 635.0 53.0 152.0
person 978.0 601.0 69.0 187.0
person 1168.0 653.0 81.0 179.0
person 1535.0 631.0 71.0 176.0
person 1419.0 612.0 58.0 163.0
person 1463.0 602.0 77.0 181.0
person 1599.0 629.0 72.0 182.0
person 450.0 713.0 90.0 238.0
person 529.0 733.0 82.0 218.0
person 493.0 775.0 110.0 239.0
person 281.0 744.0 78.0 227.0
person 218.0 855.0 118.0 225.0
person 836.0 615.0 66.0 181.0
person 1456.0 622.0 67.0 200.0
person 1150.0 672.0 77.0 221.0
person 1223.0 698.0 72.0 200.0
person 871.0 638.0 81.0 169.0
person 1492.0 700.0 58.0 127.0
person 1464.0 670.0 69.0 166.0
person 1537.0 678.0 90.0 228.0
person 1617.0 683.0 80.0 218.0
person 1744.0 715.0 119.0 230.0
person 1510.0 650.0 72.0 193.0
person 1831.0 725.0 82.0 215.0
person 1161.0 564.0 62.0 142.0
person 1102.0 546.0 73.0 158.0
person 853.0 548.0 64.0 161.0
person 952.0 551.0 86.0 169.0
person 1054.0 534.0 46.0 112.0
person 1002.0 520.0 58.0 137.0
person 942.0 504.0 61.0 130.0
person 841.0 511.0 61.0 128.0
person 772.0 504.0 50.0 130.0
person 1007.0 490.0 53.0 125.0
person 963.0 484.0 46.0 122.0
person 923.0 474.0 50.0 140.0
person 889.0 485.0 50.0 130.0
person 795.0 474.0 52.0 125.0
person 923.0 464.0 49.0 116.0
person 796.0 453.0 46.0 109.0
person 1005.0 512.0 42.0 116.0
person 881.0 457.0 49.0 134.0
person 1454.0 438.0 38.0 80.0
person 1463.0 428.0 52.0 89.0
