person 1062.0 599.0 66.0 203.0
person 1129.0 609.0 66.0 197.0
person 1399.0 510.0 45.0 104.0
person 1169.0 601.0 62.0 193.0
person 920.0 634.0 54.0 152.0
person 976.0 601.0 69.0 186.0
person 1163.0 653.0 80.0 179.0
person 1532.0 631.0 71.0 175.0
person 1414.0 612.0 57.0 163.0
person 1459.0 602.0 76.0 180.0
person 1596.0 628.0 72.0 182.0
person 448.0 714.0 90.0 239.0
person 528.0 733.0 82.0 219.0
person 491.0 776.0 110.0 239.0
person 278.0 746.0 78.0 227.0
person 217.0 853.0 120.0 227.0
person 837.0 615.0 65.0 181.0
person 1455.0 623.0 67.0 200.0
person 1150.0 672.0 76.0 221.0
person 1223.0 698.0 72.0 200.0
person 874.0 638.0 80.0 169.0
person 1492.0 701.0 58.0 127.0
person 1463.0 670.0 69.0 167.0
person 1538.0 678.0 90.0 229.0
person 1618.0 684.0 80.0 218.0
person 1751.0 715.0 122.0 230.0
person 1509.0 651.0 72.0 193.0
person 1841.0 725.0 73.0 217.0
person 1160.0 564.0 62.0 142.0
person 1101.0 545.0 73.0 158.0
person 852.0 548.0 64.0 161.0
person 954.0 552.0 86.0 169.0
person 1052.0 533.0 46.0 113.0
person 1001.0 520.0 58.0 137.0
person 942.0 504.0 61.0 130.0
person 840.0 510.0 61.0 128.0
person 772.0 504.0 50.0 130.0
person 1006.0 490.0 53.0 125.0
person 962.0 483.0 46.0 122.0
person 922.0 474.0 50.0 140.0
person 888.0 485.0 50.0 130.0
person 795.0 474.0 52.0 125.0
person 920.0 463.0 49.0 116.0
person 793.0 453.0 46.0 107.0
person 1005.0 511.0 41.0 116.0
person 879.0 457.0 49.0 134.0
person 1454.0 438.0 37.0 80.0
person 1462.0 428.0 52.0 89.0
