person 426.0 570.0 89.0 194.0
person 549.0 571.0 76.0 193.0
person 582.0 603.0 86.0 182.0
person 1003.0 575.0 66.0 202.0
person 1069.0 584.0 66.0 195.0
person 1388.0 509.0 46.0 104.0
person 1137.0 591.0 65.0 193.0
person 1266.0 953.0 122.0 128.0
person 1126.0 957.0 134.0 124.0
person 861.0 597.0 50.0 132.0
person 921.0 558.0 66.0 174.0
person 914.0 614.0 70.0 175.0
person 1309.0 592.0 66.0 158.0
person 1099.0 576.0 55.0 149.0
person 1180.0 569.0 82.0 176.0
person 1370.0 588.0 60.0 161.0
person 1637.0 685.0 99.0 219.0
person 1677.0 679.0 106.0 211.0
person 1658.0 672.0 66.0 203.0
person 983.0 943.0 117.0 138.0
person 1726.0 676.0 82.0 202.0
person 310.0 752.0 104.0 260.0
person 402.0 774.0 96.0 245.0
person 315.0 843.0 120.0 238.0
person 162.0 759.0 72.0 227.0
person 164.0 772.0 92.0 257.0
person 947.0 635.0 81.0 202.0
person 1403.0 650.0 77.0 205.0
person 1130.0 668.0 75.0 219.0
person 1179.0 683.0 65.0 194.0
person 1116.0 662.0 70.0 175.0
person 1467.0 728.0 66.0 140.0
person 1371.0 720.0 76.0 173.0
person 1761.0 715.0 128.0 237.0
person 1817.0 714.0 99.0 226.0
person 1424.0 680.0 78.0 210.0
person 1077.0 528.0 56.0 126.0
person 1016.0 512.0 72.0 142.0
person 829.0 510.0 63.0 146.0
person 1182.0 554.0 78.0 176.0
person 987.0 504.0 40.0 112.0
person 926.0 490.0 58.0 116.0
person 864.0 478.0 57.0 131.0
person 793.0 479.0 58.0 122.0
person 757.0 480.0 50.0 122.0
person 893.0 462.0 50.0 118.0
person 843.0 456.0 46.0 122.0
person 812.0 447.0 41.0 133.0
person 781.0 459.0 45.0 123.0
person 947.0 483.0 48.0 115.0
person 1424.0 433.0 38.0 80.0
person 1429.0 423.0 52.0 89.0
