person 397.0 558.0 88.0 194.0
person 514.0 569.0 83.0 189.0
person 537.0 594.0 87.0 187.0
person 1011.0 588.0 66.0 202.0
person 1077.0 589.0 65.0 193.0
person 1382.0 510.0 46.0 104.0
person 1145.0 592.0 61.0 193.0
person 1267.0 995.0 116.0 86.0
person 1119.0 984.0 127.0 97.0
person 865.0 602.0 50.0 148.0
person 918.0 570.0 66.0 175.0
person 969.0 623.0 70.0 174.0
person 1364.0 602.0 66.0 158.0
person 1170.0 586.0 58.0 149.0
person 1243.0 573.0 82.0 176.0
person 1432.0 598.0 60.0 161.0
person 1712.0 692.0 110.0 212.0
person 1772.0 694.0 110.0 212.0
person 1718.0 683.0 71.0 203.0
person 948.0 973.0 118.0 108.0
person 1815.0 679.0 79.0 205.0
person 342.0 741.0 99.0 257.0
person 439.0 761.0 92.0 240.0
person 365.0 826.0 117.0 249.0
person 167.0 761.0 72.0 227.0
person 184.0 787.0 94.0 261.0
person 904.0 629.0 77.0 193.0
person 1434.0 639.0 77.0 201.0
person 1127.0 669.0 76.0 220.0
person 1186.0 686.0 62.0 193.0
person 1045.0 659.0 83.0 173.0
person 1481.0 719.0 66.0 128.0
person 1367.0 704.0 77.0 168.0
person 1679.0 705.0 120.0 239.0
person 1738.0 706.0 100.0 227.0
person 1435.0 674.0 76.0 202.0
person 1097.0 539.0 56.0 142.0
person 1038.0 517.0 69.0 151.0
person 835.0 519.0 64.0 155.0
person 1116.0 553.0 81.0 173.0
person 999.0 510.0 43.0 112.0
person 946.0 497.0 58.0 116.0
person 884.0 482.0 58.0 131.0
person 806.0 487.0 57.0 122.0
person 762.0 486.0 48.0 124.0
person 928.0 467.0 49.0 119.0
person 880.0 462.0 46.0 122.0
person 844.0 453.0 50.0 133.0
person 811.0 465.0 45.0 125.0
person 779.0 450.0 49.0 116.0
person 967.0 495.0 44.0 116.0
person 742.0 441.0 45.0 133.0
person 1429.0 434.0 38.0 80.0
person 1437.0 424.0 52.0 89.0
