person 395.0 558.0 88.0 194.0
person 508.0 569.0 85.0 188.0
person 533.0 593.0 88.0 187.0
person 1012.0 590.0 66.0 202.0
person 1078.0 590.0 65.0 192.0
person 1381.0 510.0 46.0 104.0
person 1146.0 592.0 61.0 193.0
person 1267.0 999.0 116.0 82.0
person 1119.0 990.0 125.0 91.0
person 866.0 604.0 51.0 148.0
person 919.0 571.0 67.0 176.0
person 979.0 624.0 70.0 173.0
person 1371.0 603.0 66.0 158.0
person 1181.0 587.0 58.0 149.0
person 1251.0 574.0 82.0 176.0
person 1440.0 599.0 60.0 161.0
person 1723.0 693.0 112.0 211.0
person 1784.0 696.0 110.0 212.0
person 1726.0 685.0 73.0 203.0
person 944.0 976.0 118.0 105.0
person 1829.0 679.0 77.0 203.0
person 347.0 740.0 98.0 257.0
person 445.0 760.0 92.0 237.0
person 373.0 823.0 115.0 250.0
person 167.0 762.0 73.0 227.0
person 189.0 791.0 93.0 263.0
person 901.0 628.0 75.0 193.0
person 1436.0 638.0 77.0 199.0
person 1128.0 671.0 76.0 219.0
person 1188.0 686.0 62.0 193.0
person 1034.0 658.0 85.0 173.0
person 1483.0 717.0 66.0 128.0
person 1370.0 702.0 78.0 167.0
person 1668.0 704.0 120.0 238.0
person 1727.0 704.0 99.0 227.0
person 1438.0 673.0 77.0 202.0
person 1100.0 540.0 56.0 143.0
person 1041.0 519.0 68.0 151.0
person 837.0 520.0 64.0 155.0
person 1107.0 552.0 82.0 173.0
person 1001.0 510.0 43.0 112.0
person 949.0 498.0 58.0 116.0
person 887.0 483.0 58.0 131.0
person 807.0 488.0 58.0 122.0
person 762.0 487.0 48.0 125.0
person 931.0 468.0 49.0 119.0
person 884.0 463.0 46.0 122.0
person 846.0 454.0 50.0 133.0
person 815.0 466.0 45.0 124.0
person 785.0 450.0 49.0 116.0
person 969.0 497.0 43.0 116.0
person 749.0 442.0 45.0 133.0
person 1430.0 434.0 38.0 80.0
person 1438.0 424.0 52.0 89.0
