person 437.0 572.0 89.0 194.0
person 557.0 572.0 76.0 195.0
person 601.0 605.0 83.0 181.0
person 1000.0 574.0 67.0 203.0
person 1066.0 581.0 64.0 195.0
person 1394.0 507.0 46.0 104.0
person 1134.0 591.0 67.0 193.0
person 1275.0 944.0 122.0 137.0
person 1132.0 942.0 136.0 138.0
person 860.0 597.0 50.0 128.0
person 916.0 553.0 65.0 173.0
person 904.0 609.0 70.0 175.0
person 1288.0 588.0 66.0 158.0
person 1078.0 572.0 53.0 148.0
person 1157.0 566.0 82.0 176.0
person 1347.0 585.0 60.0 161.0
person 1617.0 680.0 81.0 222.0
person 1656.0 674.0 104.0 211.0
person 1638.0 667.0 66.0 203.0
person 998.0 931.0 117.0 150.0
person 1706.0 673.0 82.0 202.0
person 300.0 758.0 104.0 261.0
person 394.0 778.0 97.0 241.0
person 298.0 848.0 120.0 233.0
person 160.0 759.0 72.0 227.0
person 167.0 769.0 85.0 257.0
person 967.0 638.0 80.0 203.0
person 1398.0 652.0 81.0 205.0
person 1136.0 666.0 79.0 219.0
person 1180.0 683.0 70.0 194.0
person 1143.0 665.0 70.0 175.0
person 1460.0 731.0 66.0 139.0
person 1379.0 717.0 78.0 182.0
person 1814.0 714.0 98.0 239.0
person 1432.0 682.0 78.0 212.0
person 1071.0 525.0 57.0 122.0
person 1009.0 510.0 72.0 138.0
person 824.0 507.0 59.0 146.0
person 1204.0 553.0 78.0 176.0
person 982.0 502.0 39.0 109.0
person 919.0 488.0 58.0 116.0
person 857.0 475.0 56.0 131.0
person 790.0 476.0 58.0 122.0
person 756.0 478.0 50.0 122.0
person 878.0 460.0 49.0 118.0
person 827.0 453.0 45.0 122.0
person 802.0 444.0 41.0 133.0
person 770.0 456.0 45.0 122.0
person 940.0 480.0 48.0 113.0
person 1424.0 432.0 37.0 80.0
person 1426.0 422.0 52.0 89.0
