person 1066.0 601.0 66.0 203.0
person 1132.0 611.0 66.0 197.0
person 1402.0 510.0 45.0 104.0
person 1169.0 602.0 62.0 192.0
person 928.0 637.0 53.0 154.0
person 985.0 603.0 69.0 188.0
person 1189.0 655.0 81.0 179.0
person 1544.0 633.0 74.0 175.0
person 1442.0 615.0 57.0 163.0
person 1482.0 605.0 76.0 181.0
person 1609.0 631.0 72.0 182.0
person 459.0 711.0 88.0 236.0
person 535.0 729.0 82.0 218.0
person 503.0 771.0 107.0 239.0
person 290.0 739.0 81.0 223.0
person 216.0 862.0 122.0 216.0
person 836.0 610.0 66.0 181.0
person 1459.0 620.0 65.0 200.0
person 1152.0 672.0 77.0 221.0
person 1224.0 699.0 72.0 200.0
person 860.0 636.0 82.0 169.0
person 1491.0 698.0 58.0 127.0
person 1468.0 668.0 69.0 167.0
person 1533.0 676.0 89.0 225.0
person 1613.0 682.0 81.0 218.0
person 1724.0 709.0 106.0 232.0
person 1510.0 648.0 72.0 193.0
person 1800.0 723.0 104.0 210.0
person 1166.0 566.0 62.0 142.0
person 1106.0 547.0 74.0 158.0
person 855.0 549.0 64.0 161.0
person 945.0 549.0 86.0 169.0
person 1058.0 535.0 48.0 112.0
person 1006.0 521.0 58.0 137.0
person 946.0 504.0 61.0 130.0
person 845.0 513.0 61.0 128.0
person 772.0 504.0 50.0 131.0
person 1011.0 491.0 53.0 125.0
person 968.0 485.0 46.0 122.0
person 929.0 476.0 50.0 140.0
person 894.0 485.0 50.0 131.0
person 795.0 478.0 53.0 125.0
person 932.0 465.0 50.0 116.0
person 806.0 453.0 46.0 116.0
person 1008.0 513.0 42.0 116.0
person 890.0 457.0 49.0 134.0
person 1457.0 439.0 37.0 80.0
person 1465.0 428.0 52.0 89.0
