person 1060.0 598.0 66.0 203.0
person 1125.0 607.0 66.0 196.0
person 1398.0 510.0 45.0 104.0
person 1169.0 601.0 62.0 193.0
person 916.0 633.0 53.0 150.0
person 970.0 599.0 70.0 186.0
person 1148.0 652.0 80.0 179.0
person 1526.0 630.0 68.0 176.0
person 1397.0 610.0 57.0 163.0
person 1445.0 600.0 77.0 179.0
person 1588.0 626.0 72.0 182.0
person 442.0 716.0 91.0 240.0
person 526.0 736.0 82.0 221.0
person 486.0 779.0 109.0 239.0
person 268.0 751.0 78.0 227.0
person 215.0 848.0 121.0 233.0
person 840.0 616.0 65.0 181.0
person 1453.0 625.0 68.0 200.0
person 1149.0 672.0 76.0 220.0
person 1223.0 697.0 72.0 200.0
person 883.0 640.0 79.0 169.0
person 1493.0 703.0 57.0 127.0
person 1461.0 672.0 69.0 166.0
person 1542.0 679.0 90.0 230.0
person 1621.0 685.0 80.0 218.0
person 1769.0 717.0 124.0 230.0
person 1507.0 652.0 72.0 193.0
person 1856.0 727.0 60.0 213.0
person 1156.0 562.0 62.0 142.0
person 1098.0 544.0 72.0 158.0
person 851.0 547.0 64.0 161.0
person 959.0 554.0 86.0 169.0
person 1049.0 532.0 45.0 113.0
person 998.0 520.0 58.0 137.0
person 939.0 504.0 61.0 130.0
person 838.0 509.0 61.0 128.0
person 771.0 503.0 50.0 130.0
person 1003.0 490.0 53.0 125.0
person 958.0 482.0 46.0 122.0
person 917.0 473.0 50.0 140.0
person 882.0 483.0 50.0 129.0
person 793.0 471.0 52.0 127.0
person 912.0 462.0 49.0 116.0
person 786.0 453.0 46.0 101.0
person 1003.0 511.0 42.0 116.0
person 872.0 456.0 49.0 134.0
person 1452.0 438.0 38.0 80.0
person 1461.0 428.0 52.0 89.0
