person 479.0 568.0 84.0 188.0
person 483.0 597.0 94.0 191.0
person 1033.0 591.0 66.0 202.0
person 1089.0 595.0 65.0 191.0
person 1385.0 510.0 45.0 104.0
person 1155.0 597.0 61.0 193.0
person 1115.0 1023.0 112.0 58.0
person 871.0 615.0 53.0 148.0
person 927.0 581.0 70.0 178.0
person 1035.0 631.0 75.0 176.0
person 1420.0 612.0 66.0 158.0
person 1243.0 594.0 56.0 163.0
person 1309.0 580.0 81.0 177.0
person 1494.0 608.0 61.0 162.0
person 1797.0 701.0 110.0 221.0
person 1780.0 696.0 100.0 207.0
person 925.0 1008.0 118.0 73.0
person 383.0 732.0 92.0 254.0
person 469.0 748.0 94.0 240.0
person 418.0 808.0 109.0 248.0
person 179.0 757.0 76.0 226.0
person 197.0 811.0 102.0 263.0
person 884.0 622.0 63.0 191.0
person 1447.0 633.0 77.0 194.0
person 1134.0 668.0 76.0 219.0
person 1203.0 688.0 67.0 195.0
person 984.0 652.0 75.0 168.0
person 1497.0 711.0 66.0 128.0
person 1400.0 693.0 78.0 167.0
person 1612.0 696.0 104.0 236.0
person 1669.0 697.0 97.0 227.0
person 1462.0 665.0 78.0 198.0
person 1121.0 544.0 57.0 143.0
person 1060.0 527.0 67.0 151.0
person 845.0 528.0 65.0 157.0
person 1049.0 552.0 85.0 170.0
person 1011.0 512.0 44.0 113.0
person 965.0 502.0 58.0 121.0
person 909.0 489.0 63.0 131.0
person 817.0 495.0 61.0 121.0
person 769.0 492.0 48.0 125.0
person 959.0 474.0 49.0 119.0
person 908.0 470.0 46.0 122.0
person 871.0 461.0 50.0 134.0
person 836.0 471.0 47.0 125.0
person 764.0 461.0 51.0 118.0
person 826.0 453.0 50.0 116.0
person 984.0 501.0 42.0 116.0
person 796.0 444.0 46.0 133.0
person 1437.0 435.0 38.0 80.0
person 1446.0 425.0 52.0 89.0
