person 422.0 568.0 88.0 194.0
person 546.0 570.0 76.0 193.0
person 576.0 602.0 86.0 183.0
person 1004.0 576.0 66.0 202.0
person 1070.0 584.0 66.0 196.0
person 1387.0 510.0 46.0 104.0
person 1138.0 591.0 64.0 193.0
person 1265.0 958.0 121.0 123.0
person 1125.0 960.0 133.0 121.0
person 861.0 597.0 50.0 135.0
person 919.0 559.0 66.0 174.0
person 918.0 615.0 70.0 175.0
person 1316.0 593.0 66.0 158.0
person 1107.0 577.0 55.0 149.0
person 1188.0 569.0 82.0 176.0
person 1378.0 590.0 60.0 161.0
person 1643.0 687.0 105.0 217.0
person 1689.0 681.0 107.0 211.0
person 1665.0 672.0 66.0 203.0
person 979.0 947.0 117.0 134.0
person 1733.0 677.0 82.0 202.0
person 313.0 751.0 104.0 259.0
person 406.0 773.0 95.0 245.0
person 321.0 841.0 120.0 240.0
person 162.0 759.0 72.0 227.0
person 165.0 773.0 94.0 257.0
person 940.0 635.0 82.0 200.0
person 1407.0 648.0 77.0 205.0
person 1128.0 668.0 74.0 220.0
person 1179.0 683.0 63.0 194.0
person 1107.0 661.0 72.0 175.0
person 1470.0 727.0 65.0 140.0
person 1369.0 719.0 75.0 171.0
person 1752.0 714.0 126.0 238.0
person 1818.0 714.0 95.0 226.0
person 1425.0 679.0 77.0 209.0
person 1080.0 529.0 56.0 127.0
person 1018.0 512.0 73.0 144.0
person 830.0 511.0 65.0 146.0
person 1174.0 554.0 78.0 176.0
person 987.0 505.0 42.0 112.0
person 929.0 491.0 58.0 116.0
person 866.0 479.0 57.0 131.0
person 795.0 480.0 58.0 122.0
person 758.0 480.0 49.0 122.0
person 898.0 463.0 50.0 118.0
person 849.0 457.0 45.0 122.0
person 815.0 448.0 41.0 133.0
person 785.0 460.0 45.0 124.0
person 949.0 484.0 49.0 115.0
person 1424.0 433.0 38.0 80.0
person 1430.0 423.0 52.0 89.0
