person 393.0 558.0 88.0 194.0
person 506.0 569.0 85.0 188.0
person 530.0 592.0 89.0 187.0
person 1013.0 590.0 66.0 202.0
person 1078.0 590.0 65.0 192.0
person 1380.0 510.0 46.0 104.0
person 1147.0 593.0 61.0 193.0
person 1267.0 1001.0 116.0 80.0
person 1119.0 993.0 124.0 88.0
person 867.0 604.0 50.0 148.0
person 920.0 572.0 67.0 175.0
person 984.0 625.0 70.0 173.0
person 1375.0 604.0 66.0 158.0
person 1186.0 588.0 58.0 149.0
person 1255.0 574.0 81.0 176.0
person 1444.0 600.0 60.0 161.0
person 1728.0 693.0 112.0 214.0
person 1790.0 697.0 110.0 212.0
person 1731.0 686.0 73.0 203.0
person 942.0 978.0 118.0 103.0
person 1836.0 679.0 72.0 203.0
person 349.0 739.0 98.0 257.0
person 448.0 759.0 92.0 236.0
person 377.0 822.0 114.0 250.0
person 168.0 763.0 72.0 227.0
person 189.0 792.0 93.0 263.0
person 899.0 627.0 75.0 193.0
person 1438.0 637.0 77.0 198.0
person 1128.0 670.0 76.0 219.0
person 1189.0 687.0 62.0 193.0
person 1029.0 658.0 86.0 173.0
person 1484.0 717.0 66.0 128.0
person 1372.0 702.0 78.0 167.0
person 1663.0 703.0 120.0 238.0
person 1720.0 703.0 100.0 227.0
person 1440.0 672.0 76.0 202.0
person 1102.0 540.0 56.0 143.0
person 1043.0 519.0 67.0 151.0
person 838.0 520.0 64.0 155.0
person 1102.0 552.0 83.0 172.0
person 1002.0 510.0 43.0 112.0
person 951.0 498.0 58.0 116.0
person 889.0 483.0 58.0 131.0
person 808.0 489.0 57.0 122.0
person 763.0 488.0 48.0 125.0
person 933.0 468.0 49.0 119.0
person 886.0 463.0 46.0 122.0
person 848.0 455.0 50.0 133.0
person 817.0 466.0 45.0 124.0
person 744.0 459.0 46.0 118.0
person 788.0 450.0 49.0 116.0
person 970.0 498.0 43.0 116.0
person 753.0 442.0 45.0 133.0
person 1431.0 434.0 38.0 80.0
person 1439.0 424.0 52.0 89.0
