person 457.0 595.0 97.0 188.0
person 1046.0 591.0 66.0 203.0
person 1100.0 599.0 66.0 192.0
person 1389.0 510.0 45.0 104.0
person 1159.0 598.0 62.0 193.0
person 871.0 620.0 53.0 149.0
person 933.0 589.0 71.0 179.0
person 1076.0 638.0 76.0 178.0
person 1453.0 618.0 65.0 160.0
person 1288.0 597.0 56.0 163.0
person 1351.0 586.0 80.0 178.0
person 1525.0 613.0 68.0 175.0
person 1843.0 693.0 73.0 213.0
person 404.0 727.0 92.0 250.0
person 478.0 747.0 94.0 223.0
person 440.0 800.0 108.0 244.0
person 197.0 758.0 76.0 226.0
person 209.0 821.0 108.0 259.0
person 872.0 621.0 58.0 187.0
person 1448.0 633.0 78.0 199.0
person 1140.0 671.0 76.0 220.0
person 1219.0 691.0 73.0 197.0
person 951.0 651.0 78.0 166.0
person 1501.0 711.0 63.0 127.0
person 1422.0 687.0 77.0 167.0
person 1586.0 690.0 93.0 235.0
person 1659.0 697.0 81.0 227.0
person 1479.0 660.0 77.0 194.0
person 1133.0 550.0 58.0 143.0
person 1069.0 532.0 71.0 151.0
person 847.0 535.0 64.0 161.0
person 1016.0 556.0 86.0 170.0
person 1021.0 518.0 45.0 113.0
person 974.0 505.0 57.0 132.0
person 921.0 495.0 62.0 130.0
person 823.0 499.0 62.0 124.0
person 771.0 497.0 48.0 125.0
person 972.0 480.0 51.0 123.0
person 924.0 472.0 46.0 122.0
person 887.0 465.0 49.0 136.0
person 848.0 476.0 49.0 125.0
person 776.0 463.0 52.0 123.0
person 854.0 456.0 50.0 116.0
person 991.0 504.0 42.0 116.0
person 821.0 446.0 49.0 133.0
person 1442.0 436.0 37.0 80.0
person 1450.0 426.0 52.0 89.0
