person 482.0 568.0 85.0 188.0
person 491.0 597.0 92.0 188.0
person 1030.0 591.0 66.0 202.0
person 1087.0 594.0 65.0 191.0
person 1384.0 510.0 45.0 104.0
person 1153.0 596.0 61.0 193.0
person 1278.0 1027.0 75.0 54.0
person 1115.0 1019.0 114.0 62.0
person 871.0 613.0 53.0 149.0
person 926.0 580.0 70.0 177.0
person 1027.0 630.0 74.0 176.0
person 1413.0 611.0 66.0 158.0
person 1234.0 593.0 56.0 160.0
person 1300.0 579.0 81.0 176.0
person 1487.0 607.0 60.0 161.0
person 1786.0 700.0 111.0 221.0
person 1772.0 695.0 98.0 205.0
person 926.0 1002.0 118.0 79.0
person 377.0 733.0 93.0 255.0
person 466.0 749.0 94.0 241.0
person 414.0 810.0 108.0 249.0
person 177.0 759.0 75.0 226.0
person 196.0 808.0 98.0 262.0
person 885.0 623.0 66.0 190.0
person 1447.0 633.0 76.0 193.0
person 1132.0 667.0 76.0 220.0
person 1199.0 688.0 65.0 194.0
person 990.0 653.0 78.0 169.0
person 1495.0 711.0 66.0 128.0
person 1396.0 695.0 78.0 167.0
person 1618.0 697.0 107.0 236.0
person 1671.0 697.0 101.0 227.0
person 1458.0 666.0 78.0 199.0
person 1119.0 543.0 56.0 143.0
person 1058.0 526.0 66.0 151.0
person 845.0 526.0 65.0 156.0
person 1056.0 551.0 85.0 170.0
person 1011.0 512.0 43.0 112.0
person 963.0 502.0 58.0 119.0
person 906.0 488.0 62.0 131.0
person 816.0 494.0 59.0 121.0
person 768.0 492.0 48.0 125.0
person 955.0 473.0 49.0 119.0
person 904.0 469.0 46.0 122.0
person 866.0 460.0 50.0 134.0
person 833.0 470.0 47.0 125.0
person 761.0 460.0 50.0 118.0
person 821.0 452.0 49.0 116.0
person 982.0 501.0 42.0 116.0
person 790.0 444.0 46.0 133.0
person 1436.0 435.0 38.0 80.0
person 1445.0 425.0 52.0 89.0
