person 429.0 572.0 89.0 194.0
person 550.0 571.0 76.0 193.0
person 585.0 603.0 86.0 182.0
person 1002.0 575.0 67.0 202.0
person 1069.0 584.0 66.0 195.0
person 1389.0 509.0 46.0 104.0
person 1136.0 591.0 65.0 193.0
person 1268.0 952.0 122.0 129.0
person 1127.0 955.0 134.0 126.0
person 861.0 597.0 50.0 130.0
person 920.0 557.0 66.0 174.0
person 912.0 613.0 70.0 175.0
person 1305.0 591.0 66.0 158.0
person 1095.0 575.0 55.0 149.0
person 1176.0 568.0 82.0 176.0
person 1366.0 588.0 61.0 161.0
person 1633.0 684.0 96.0 219.0
person 1671.0 678.0 105.0 211.0
person 1655.0 671.0 66.0 203.0
person 986.0 941.0 117.0 140.0
person 1723.0 675.0 82.0 203.0
person 308.0 753.0 104.0 260.0
person 401.0 775.0 96.0 244.0
person 312.0 844.0 120.0 237.0
person 161.0 759.0 72.0 227.0
person 164.0 771.0 91.0 257.0
person 950.0 636.0 82.0 202.0
person 1402.0 650.0 77.0 205.0
person 1131.0 667.0 76.0 220.0
person 1179.0 683.0 66.0 194.0
person 1120.0 662.0 70.0 175.0
person 1466.0 729.0 66.0 139.0
person 1372.0 719.0 76.0 175.0
person 1766.0 716.0 128.0 236.0
person 1817.0 714.0 101.0 226.0
person 1424.0 680.0 78.0 211.0
person 1076.0 528.0 56.0 125.0
person 1015.0 511.0 72.0 142.0
person 828.0 510.0 62.0 145.0
person 1185.0 554.0 78.0 176.0
person 986.0 503.0 40.0 112.0
person 925.0 490.0 58.0 116.0
person 862.0 477.0 57.0 131.0
person 792.0 479.0 58.0 122.0
person 757.0 479.0 49.0 122.0
person 890.0 462.0 50.0 118.0
person 840.0 455.0 46.0 122.0
person 810.0 447.0 41.0 133.0
person 780.0 458.0 44.0 124.0
person 946.0 483.0 48.0 114.0
person 1424.0 432.0 38.0 80.0
person 1429.0 423.0 52.0 89.0
