person 409.0 562.0 88.0 194.0
person 536.0 569.0 77.0 192.0
person 558.0 598.0 86.0 186.0
person 1007.0 581.0 66.0 202.0
person 1073.0 586.0 66.0 196.0
person 1385.0 510.0 46.0 104.0
person 1141.0 591.0 62.0 193.0
person 1266.0 978.0 117.0 102.0
person 1122.0 969.0 131.0 112.0
person 862.0 597.0 49.0 144.0
person 916.0 564.0 65.0 174.0
person 929.0 621.0 70.0 175.0
person 1337.0 597.0 66.0 158.0
person 1131.0 581.0 56.0 149.0
person 1212.0 571.0 82.0 176.0
person 1401.0 593.0 60.0 161.0
person 1667.0 689.0 105.0 215.0
person 1725.0 686.0 110.0 212.0
person 1685.0 675.0 66.0 203.0
person 964.0 959.0 118.0 122.0
person 1766.0 679.0 81.0 204.0
person 323.0 745.0 104.0 258.0
person 418.0 767.0 94.0 245.0
person 338.0 835.0 120.0 246.0
person 164.0 760.0 72.0 227.0
person 170.0 776.0 98.0 257.0
person 921.0 632.0 80.0 197.0
person 1421.0 644.0 77.0 206.0
person 1127.0 669.0 73.0 220.0
person 1181.0 684.0 61.0 193.0
person 1083.0 661.0 76.0 173.0
person 1475.0 724.0 65.0 136.0
person 1365.0 714.0 75.0 170.0
person 1723.0 711.0 121.0 241.0
person 1785.0 712.0 101.0 226.0
person 1427.0 678.0 76.0 204.0
person 1087.0 533.0 57.0 133.0
person 1025.0 514.0 73.0 148.0
person 833.0 515.0 65.0 148.0
person 1152.0 555.0 78.0 176.0
person 989.0 510.0 46.0 112.0
person 936.0 493.0 58.0 116.0
person 873.0 481.0 58.0 131.0
person 801.0 483.0 57.0 122.0
person 759.0 482.0 49.0 123.0
person 915.0 465.0 49.0 118.0
person 864.0 460.0 46.0 122.0
person 827.0 451.0 44.0 133.0
person 797.0 463.0 44.0 125.0
person 754.0 445.0 49.0 116.0
person 957.0 488.0 49.0 116.0
person 1425.0 434.0 38.0 80.0
person 1433.0 423.0 52.0 89.0
