person 382.0 561.0 88.0 194.0
person 489.0 568.0 87.0 188.0
person 508.0 594.0 90.0 187.0
person 1024.0 590.0 66.0 203.0
person 1082.0 593.0 65.0 189.0
person 1382.0 510.0 46.0 104.0
person 1151.0 595.0 61.0 193.0
person 1274.0 1017.0 91.0 64.0
person 1117.0 1011.0 118.0 70.0
person 870.0 611.0 53.0 148.0
person 923.0 577.0 69.0 177.0
person 1011.0 628.0 73.0 175.0
person 1399.0 608.0 66.0 158.0
person 1217.0 591.0 57.0 156.0
person 1283.0 577.0 81.0 176.0
person 1471.0 604.0 60.0 161.0
person 1765.0 697.0 111.0 221.0
person 1768.0 690.0 78.0 202.0
person 930.0 992.0 118.0 89.0
person 367.0 736.0 93.0 257.0
person 460.0 753.0 93.0 238.0
person 403.0 814.0 109.0 250.0
person 173.0 762.0 74.0 226.0
person 193.0 801.0 93.0 263.0
person 889.0 624.0 70.0 191.0
person 1447.0 633.0 76.0 191.0
person 1128.0 666.0 77.0 220.0
person 1194.0 687.0 64.0 194.0
person 1003.0 655.0 82.0 171.0
person 1491.0 711.0 66.0 128.0
person 1388.0 700.0 78.0 167.0
person 1629.0 699.0 116.0 236.0
person 1675.0 697.0 109.0 227.0
person 1450.0 668.0 78.0 201.0
person 1112.0 542.0 56.0 143.0
person 1054.0 523.0 65.0 151.0
person 843.0 524.0 65.0 155.0
person 1071.0 550.0 85.0 170.0
person 1009.0 510.0 42.0 112.0
person 959.0 501.0 58.0 118.0
person 899.0 486.0 61.0 131.0
person 812.0 492.0 59.0 122.0
person 766.0 490.0 48.0 125.0
person 947.0 471.0 49.0 119.0
person 898.0 467.0 46.0 122.0
person 858.0 459.0 50.0 133.0
person 829.0 468.0 46.0 124.0
person 755.0 460.0 48.0 118.0
person 809.0 451.0 49.0 116.0
person 978.0 500.0 42.0 116.0
person 778.0 444.0 45.0 133.0
person 1434.0 435.0 38.0 80.0
person 1443.0 425.0 52.0 89.0
