person 1058.0 597.0 66.0 203.0
person 1123.0 606.0 65.0 196.0
person 1397.0 510.0 45.0 104.0
person 1169.0 601.0 62.0 193.0
person 913.0 632.0 54.0 149.0
person 967.0 598.0 69.0 185.0
person 1139.0 651.0 80.0 179.0
person 1521.0 629.0 67.0 176.0
person 1386.0 609.0 57.0 163.0
person 1435.0 598.0 77.0 180.0
person 1583.0 625.0 72.0 182.0
person 438.0 718.0 91.0 241.0
person 525.0 738.0 82.0 222.0
person 482.0 782.0 109.0 239.0
person 258.0 753.0 77.0 227.0
person 216.0 845.0 117.0 236.0
person 842.0 617.0 65.0 181.0
person 1452.0 626.0 68.0 200.0
person 1148.0 672.0 76.0 220.0
person 1223.0 696.0 72.0 200.0
person 889.0 641.0 78.0 169.0
person 1493.0 704.0 57.0 127.0
person 1457.0 673.0 70.0 166.0
person 1544.0 680.0 91.0 230.0
person 1623.0 686.0 80.0 218.0
person 1777.0 719.0 114.0 230.0
person 1505.0 653.0 73.0 193.0
person 1866.0 728.0 51.0 211.0
person 1153.0 561.0 62.0 142.0
person 1096.0 544.0 72.0 158.0
person 851.0 546.0 64.0 161.0
person 963.0 555.0 86.0 170.0
person 1047.0 532.0 44.0 113.0
person 996.0 519.0 58.0 137.0
person 937.0 504.0 61.0 130.0
person 836.0 508.0 61.0 128.0
person 771.0 503.0 50.0 129.0
person 999.0 489.0 53.0 125.0
person 956.0 482.0 46.0 122.0
person 914.0 472.0 50.0 140.0
person 879.0 483.0 49.0 128.0
person 791.0 470.0 52.0 128.0
person 907.0 462.0 49.0 116.0
person 781.0 453.0 46.0 97.0
person 1002.0 510.0 41.0 116.0
person 867.0 455.0 49.0 134.0
person 1451.0 437.0 37.0 80.0
person 1460.0 428.0 52.0 89.0
