person 441.0 572.0 89.0 194.0
person 560.0 571.0 76.0 198.0
person 611.0 605.0 77.0 181.0
person 999.0 574.0 67.0 203.0
person 1065.0 580.0 63.0 195.0
person 1396.0 506.0 46.0 104.0
person 1133.0 591.0 67.0 193.0
person 1277.0 940.0 122.0 141.0
person 1135.0 936.0 136.0 144.0
person 860.0 597.0 50.0 127.0
person 914.0 552.0 65.0 172.0
person 901.0 607.0 70.0 175.0
person 1281.0 587.0 66.0 158.0
person 1071.0 571.0 53.0 148.0
person 1150.0 564.0 82.0 176.0
person 1339.0 583.0 60.0 161.0
person 1610.0 678.0 75.0 223.0
person 1654.0 672.0 103.0 211.0
person 1631.0 665.0 66.0 203.0
person 1003.0 927.0 117.0 154.0
person 1700.0 672.0 82.0 203.0
person 296.0 760.0 105.0 261.0
person 392.0 779.0 97.0 240.0
person 292.0 849.0 120.0 232.0
person 159.0 759.0 72.0 227.0
person 169.0 768.0 82.0 257.0
person 974.0 639.0 79.0 203.0
person 1396.0 652.0 83.0 206.0
person 1138.0 666.0 80.0 218.0
person 1181.0 682.0 70.0 194.0
person 1152.0 666.0 70.0 175.0
person 1458.0 732.0 66.0 139.0
person 1382.0 717.0 80.0 184.0
person 1839.0 712.0 77.0 241.0
person 1438.0 683.0 77.0 212.0
person 1069.0 524.0 57.0 120.0
person 1007.0 510.0 72.0 136.0
person 823.0 506.0 58.0 146.0
person 1211.0 552.0 78.0 176.0
person 981.0 501.0 39.0 109.0
person 917.0 488.0 58.0 116.0
person 855.0 475.0 56.0 131.0
person 789.0 475.0 58.0 122.0
person 754.0 476.0 50.0 122.0
person 874.0 458.0 49.0 118.0
person 822.0 452.0 45.0 122.0
person 798.0 443.0 42.0 133.0
person 766.0 455.0 45.0 122.0
person 938.0 479.0 48.0 113.0
person 1423.0 431.0 38.0 80.0
person 1425.0 422.0 52.0 89.0
