person 464.0 568.0 81.0 188.0
person 460.0 595.0 96.0 188.0
person 1045.0 591.0 66.0 203.0
person 1099.0 598.0 65.0 193.0
person 1388.0 510.0 46.0 104.0
person 1159.0 598.0 61.0 193.0
person 871.0 620.0 53.0 148.0
person 932.0 588.0 71.0 179.0
person 1071.0 637.0 76.0 178.0
person 1449.0 617.0 65.0 159.0
person 1283.0 597.0 56.0 163.0
person 1347.0 586.0 79.0 177.0
person 1521.0 612.0 68.0 174.0
person 1836.0 693.0 76.0 213.0
person 402.0 728.0 92.0 250.0
person 477.0 747.0 94.0 225.0
person 437.0 801.0 108.0 244.0
person 194.0 758.0 76.0 226.0
person 207.0 820.0 108.0 260.0
person 874.0 621.0 58.0 188.0
person 1447.0 633.0 78.0 198.0
person 1139.0 671.0 76.0 220.0
person 1219.0 691.0 73.0 197.0
person 955.0 651.0 77.0 166.0
person 1502.0 711.0 64.0 127.0
person 1420.0 688.0 77.0 167.0
person 1589.0 691.0 93.0 235.0
person 1660.0 697.0 82.0 227.0
person 1477.0 660.0 78.0 194.0
person 1132.0 550.0 58.0 143.0
person 1068.0 532.0 70.0 151.0
person 847.0 534.0 64.0 161.0
person 1019.0 555.0 86.0 170.0
person 1019.0 517.0 45.0 113.0
person 973.0 505.0 57.0 130.0
person 920.0 494.0 62.0 131.0
person 823.0 499.0 62.0 123.0
person 771.0 497.0 48.0 125.0
person 970.0 479.0 52.0 123.0
person 922.0 471.0 46.0 122.0
person 885.0 464.0 50.0 136.0
person 846.0 475.0 49.0 125.0
person 775.0 462.0 52.0 122.0
person 850.0 456.0 50.0 116.0
person 990.0 504.0 42.0 116.0
person 818.0 446.0 49.0 133.0
person 1441.0 436.0 37.0 80.0
person 1450.0 426.0 52.0 89.0
