person 391.0 558.0 88.0 194.0
person 503.0 569.0 86.0 188.0
person 528.0 592.0 89.0 187.0
person 1015.0 590.0 66.0 202.0
person 1078.0 591.0 66.0 191.0
person 1380.0 510.0 46.0 104.0
person 1147.0 593.0 61.0 193.0
person 1267.0 1003.0 116.0 78.0
person 1119.0 996.0 123.0 85.0
person 867.0 605.0 51.0 148.0
person 920.0 573.0 68.0 175.0
person 987.0 625.0 71.0 173.0
person 1378.0 605.0 66.0 158.0
person 1192.0 589.0 58.0 149.0
person 1259.0 575.0 81.0 176.0
person 1448.0 601.0 60.0 161.0
person 1733.0 693.0 112.0 218.0
person 1796.0 698.0 110.0 212.0
person 1736.0 686.0 74.0 203.0
person 940.0 980.0 118.0 101.0
person 1844.0 679.0 66.0 203.0
person 352.0 739.0 97.0 257.0
person 451.0 759.0 92.0 235.0
person 380.0 821.0 114.0 249.0
person 168.0 763.0 73.0 227.0
person 190.0 793.0 93.0 263.0
person 897.0 627.0 75.0 192.0
person 1439.0 637.0 77.0 197.0
person 1128.0 669.0 76.0 220.0
person 1189.0 687.0 63.0 193.0
person 1024.0 658.0 87.0 173.0
person 1485.0 716.0 66.0 128.0
person 1374.0 702.0 78.0 167.0
person 1657.0 702.0 120.0 238.0
person 1713.0 702.0 102.0 227.0
person 1441.0 672.0 77.0 202.0
person 1103.0 540.0 56.0 143.0
person 1045.0 520.0 66.0 151.0
person 838.0 521.0 65.0 155.0
person 1098.0 551.0 82.0 172.0
person 1004.0 510.0 42.0 112.0
person 952.0 499.0 58.0 116.0
person 890.0 483.0 58.0 131.0
person 808.0 489.0 58.0 122.0
person 763.0 488.0 48.0 125.0
person 935.0 469.0 49.0 119.0
person 888.0 464.0 46.0 122.0
person 849.0 455.0 50.0 133.0
person 818.0 466.0 46.0 125.0
person 745.0 459.0 46.0 118.0
person 791.0 450.0 49.0 116.0
person 972.0 499.0 42.0 116.0
person 756.0 442.0 45.0 133.0
person 1431.0 434.0 38.0 80.0
person 1439.0 424.0 52.0 89.0
