person 446.0 572.0 89.0 194.0
person 564.0 569.0 76.0 202.0
person 622.0 605.0 73.0 182.0
person 998.0 574.0 67.0 202.0
person 1063.0 579.0 62.0 194.0
person 1399.0 505.0 46.0 104.0
person 1131.0 591.0 69.0 193.0
person 1277.0 932.0 122.0 149.0
person 1139.0 928.0 137.0 152.0
person 860.0 595.0 50.0 127.0
person 911.0 549.0 65.0 172.0
person 897.0 605.0 70.0 174.0
person 1270.0 585.0 66.0 158.0
person 1061.0 569.0 52.0 148.0
person 1140.0 561.0 82.0 176.0
person 1327.0 582.0 61.0 161.0
person 1600.0 676.0 72.0 221.0
person 1640.0 669.0 97.0 210.0
person 1621.0 661.0 66.0 203.0
person 1006.0 920.0 117.0 161.0
person 1690.0 668.0 81.0 203.0
person 290.0 763.0 105.0 259.0
person 385.0 781.0 100.0 243.0
person 283.0 852.0 120.0 229.0
person 158.0 758.0 72.0 227.0
person 168.0 767.0 79.0 258.0
person 984.0 640.0 77.0 203.0
person 1394.0 653.0 85.0 206.0
person 1141.0 667.0 82.0 217.0
person 1184.0 681.0 70.0 194.0
person 1166.0 667.0 70.0 175.0
person 1456.0 733.0 66.0 139.0
person 1385.0 719.0 89.0 182.0
person 1446.0 685.0 78.0 212.0
person 1066.0 523.0 58.0 118.0
person 1003.0 507.0 70.0 136.0
person 820.0 504.0 58.0 146.0
person 1223.0 552.0 78.0 175.0
person 979.0 500.0 38.0 108.0
person 913.0 486.0 58.0 116.0
person 851.0 472.0 56.0 131.0
person 788.0 474.0 58.0 122.0
person 753.0 473.0 49.0 122.0
person 869.0 455.0 48.0 119.0
person 814.0 451.0 46.0 122.0
person 791.0 442.0 42.0 133.0
person 760.0 453.0 45.0 122.0
person 936.0 478.0 48.0 113.0
person 1423.0 431.0 38.0 80.0
person 1423.0 422.0 52.0 89.0
