person 388.0 559.0 88.0 194.0
person 497.0 569.0 88.0 187.0
person 524.0 591.0 90.0 187.0
person 1018.0 590.0 66.0 202.0
person 1079.0 591.0 65.0 191.0
person 1380.0 510.0 46.0 104.0
person 1149.0 594.0 61.0 193.0
person 1269.0 1007.0 108.0 74.0
person 1119.0 1002.0 121.0 79.0
person 868.0 607.0 52.0 148.0
person 921.0 574.0 68.0 176.0
person 995.0 626.0 72.0 174.0
person 1385.0 606.0 66.0 158.0
person 1200.0 589.0 58.0 152.0
person 1267.0 575.0 81.0 176.0
person 1455.0 602.0 61.0 161.0
person 1744.0 694.0 112.0 221.0
person 1746.0 687.0 76.0 203.0
person 936.0 983.0 118.0 98.0
person 357.0 738.0 95.0 257.0
person 454.0 757.0 92.0 236.0
person 388.0 818.0 112.0 250.0
person 169.0 765.0 73.0 227.0
person 191.0 796.0 93.0 263.0
person 894.0 626.0 73.0 191.0
person 1441.0 635.0 77.0 195.0
person 1128.0 668.0 76.0 220.0
person 1191.0 687.0 63.0 193.0
person 1015.0 657.0 87.0 173.0
person 1487.0 714.0 66.0 128.0
person 1379.0 701.0 78.0 167.0
person 1646.0 701.0 120.0 237.0
person 1698.0 700.0 105.0 227.0
person 1444.0 670.0 77.0 202.0
person 1106.0 541.0 56.0 143.0
person 1049.0 521.0 64.0 151.0
person 840.0 522.0 64.0 155.0
person 1088.0 551.0 84.0 171.0
person 1006.0 510.0 42.0 112.0
person 955.0 500.0 58.0 116.0
person 893.0 484.0 59.0 131.0
person 810.0 490.0 57.0 122.0
person 764.0 489.0 48.0 125.0
person 939.0 469.0 49.0 119.0
person 891.0 465.0 46.0 122.0
person 852.0 457.0 50.0 133.0
person 822.0 467.0 46.0 124.0
person 748.0 459.0 47.0 118.0
person 797.0 450.0 49.0 116.0
person 974.0 499.0 42.0 116.0
person 764.0 443.0 45.0 133.0
person 1432.0 435.0 38.0 80.0
person 1441.0 425.0 52.0 89.0
