person 445.0 572.0 89.0 194.0
person 563.0 570.0 76.0 200.0
person 619.0 605.0 73.0 181.0
person 999.0 574.0 67.0 202.0
person 1064.0 579.0 62.0 195.0
person 1398.0 505.0 46.0 104.0
person 1132.0 591.0 68.0 193.0
person 1277.0 935.0 122.0 146.0
person 1137.0 930.0 137.0 150.0
person 860.0 597.0 50.0 127.0
person 912.0 550.0 65.0 172.0
person 898.0 606.0 70.0 174.0
person 1274.0 586.0 66.0 158.0
person 1064.0 569.0 53.0 148.0
person 1143.0 562.0 82.0 176.0
person 1331.0 582.0 61.0 161.0
person 1603.0 677.0 72.0 222.0
person 1646.0 670.0 100.0 210.0
person 1625.0 662.0 66.0 203.0
person 1005.0 922.0 117.0 159.0
person 1693.0 669.0 82.0 203.0
person 292.0 762.0 105.0 259.0
person 388.0 780.0 98.0 241.0
person 286.0 851.0 120.0 230.0
person 159.0 759.0 72.0 227.0
person 168.0 767.0 80.0 258.0
person 981.0 640.0 78.0 203.0
person 1395.0 653.0 84.0 206.0
person 1140.0 666.0 81.0 218.0
person 1183.0 681.0 70.0 194.0
person 1161.0 667.0 70.0 175.0
person 1457.0 733.0 66.0 139.0
person 1384.0 718.0 86.0 183.0
person 1443.0 684.0 78.0 212.0
person 1067.0 523.0 58.0 119.0
person 1004.0 508.0 71.0 136.0
person 821.0 504.0 58.0 146.0
person 1219.0 552.0 78.0 176.0
person 979.0 501.0 39.0 107.0
person 914.0 486.0 58.0 116.0
person 852.0 473.0 56.0 131.0
person 789.0 474.0 58.0 122.0
person 753.0 474.0 50.0 122.0
person 871.0 456.0 48.0 119.0
person 817.0 451.0 45.0 122.0
person 794.0 442.0 42.0 133.0
person 763.0 454.0 45.0 122.0
person 937.0 479.0 48.0 113.0
person 1423.0 431.0 38.0 80.0
person 1424.0 422.0 52.0 89.0
