person 387.0 560.0 88.0 194.0
person 495.0 569.0 88.0 187.0
person 520.0 591.0 90.0 187.0
person 1019.0 590.0 66.0 202.0
person 1080.0 592.0 65.0 190.0
person 1380.0 510.0 46.0 104.0
person 1149.0 594.0 61.0 193.0
person 1270.0 1010.0 104.0 71.0
person 1119.0 1005.0 120.0 76.0
person 869.0 608.0 51.0 148.0
person 922.0 575.0 68.0 176.0
person 999.0 627.0 72.0 173.0
person 1389.0 606.0 66.0 158.0
person 1204.0 590.0 58.0 152.0
person 1271.0 576.0 81.0 176.0
person 1459.0 603.0 61.0 161.0
person 1749.0 695.0 112.0 221.0
person 1752.0 688.0 76.0 202.0
person 934.0 985.0 118.0 96.0
person 359.0 737.0 95.0 257.0
person 455.0 756.0 93.0 236.0
person 392.0 817.0 111.0 250.0
person 170.0 764.0 73.0 227.0
person 191.0 797.0 93.0 263.0
person 892.0 625.0 73.0 191.0
person 1443.0 635.0 76.0 194.0
person 1128.0 668.0 77.0 219.0
person 1192.0 687.0 63.0 193.0
person 1012.0 657.0 86.0 172.0
person 1488.0 714.0 66.0 128.0
person 1381.0 701.0 78.0 167.0
person 1640.0 700.0 120.0 237.0
person 1691.0 699.0 107.0 227.0
person 1446.0 670.0 76.0 202.0
person 1108.0 541.0 56.0 143.0
person 1051.0 522.0 64.0 151.0
person 841.0 522.0 64.0 155.0
person 1084.0 550.0 84.0 171.0
person 1007.0 510.0 42.0 112.0
person 957.0 501.0 58.0 116.0
person 895.0 485.0 59.0 131.0
person 810.0 491.0 58.0 122.0
person 765.0 489.0 48.0 125.0
person 941.0 470.0 49.0 119.0
person 893.0 465.0 46.0 122.0
person 853.0 457.0 50.0 133.0
person 824.0 467.0 46.0 124.0
person 750.0 459.0 47.0 118.0
person 800.0 450.0 49.0 116.0
person 975.0 499.0 42.0 116.0
person 767.0 443.0 45.0 133.0
person 1433.0 435.0 37.0 80.0
person 1441.0 425.0 52.0 89.0
