person 1069.0 602.0 65.0 204.0
person 1132.0 611.0 66.0 197.0
person 1403.0 510.0 45.0 104.0
person 1169.0 603.0 62.0 191.0
person 931.0 639.0 53.0 154.0
person 988.0 604.0 69.0 188.0
person 1196.0 655.0 81.0 180.0
person 1550.0 634.0 74.0 175.0
person 1453.0 616.0 58.0 163.0
person 1491.0 606.0 76.0 181.0
person 1615.0 632.0 72.0 183.0
person 461.0 709.0 88.0 235.0
person 539.0 727.0 81.0 218.0
person 508.0 769.0 106.0 239.0
person 293.0 738.0 83.0 219.0
person 214.0 863.0 124.0 215.0
person 836.0 608.0 66.0 181.0
person 1460.0 619.0 65.0 200.0
person 1153.0 673.0 77.0 221.0
person 1226.0 699.0 74.0 200.0
person 853.0 634.0 81.0 169.0
person 1491.0 696.0 58.0 127.0
person 1470.0 668.0 69.0 166.0
person 1530.0 675.0 89.0 224.0
person 1607.0 680.0 83.0 217.0
person 1715.0 707.0 99.0 233.0
person 1510.0 647.0 72.0 193.0
person 1795.0 721.0 97.0 209.0
person 1169.0 567.0 62.0 142.0
person 1108.0 548.0 74.0 158.0
person 856.0 550.0 64.0 161.0
person 939.0 547.0 86.0 169.0
person 1061.0 536.0 49.0 112.0
person 1008.0 521.0 58.0 137.0
person 947.0 504.0 61.0 130.0
person 846.0 513.0 61.0 128.0
person 772.0 504.0 50.0 131.0
person 1013.0 492.0 53.0 125.0
person 970.0 486.0 46.0 122.0
person 932.0 477.0 50.0 140.0
person 896.0 486.0 50.0 130.0
person 795.0 479.0 53.0 125.0
person 937.0 466.0 50.0 116.0
person 811.0 453.0 46.0 120.0
person 1009.0 513.0 42.0 116.0
person 895.0 457.0 49.0 134.0
person 1458.0 439.0 38.0 80.0
person 1466.0 429.0 52.0 89.0
