person 415.0 565.0 88.0 194.0
person 541.0 569.0 76.0 193.0
person 567.0 600.0 86.0 184.0
person 1005.0 578.0 66.0 202.0
person 1072.0 585.0 66.0 197.0
person 1386.0 510.0 46.0 104.0
person 1139.0 591.0 63.0 193.0
person 1265.0 968.0 120.0 113.0
person 1124.0 965.0 131.0 116.0
person 862.0 597.0 49.0 140.0
person 918.0 562.0 65.0 174.0
person 923.0 618.0 70.0 175.0
person 1326.0 595.0 66.0 158.0
person 1119.0 579.0 56.0 149.0
person 1200.0 570.0 82.0 176.0
person 1389.0 591.0 61.0 161.0
person 1649.0 688.0 109.0 216.0
person 1707.0 683.0 108.0 212.0
person 1675.0 673.0 66.0 203.0
person 971.0 953.0 117.0 128.0
person 1748.0 678.0 82.0 203.0
person 318.0 748.0 104.0 258.0
person 412.0 770.0 94.0 245.0
person 329.0 838.0 120.0 243.0
person 163.0 760.0 72.0 227.0
person 167.0 774.0 97.0 257.0
person 931.0 633.0 80.0 199.0
person 1414.0 646.0 77.0 206.0
person 1127.0 669.0 72.0 220.0
person 1179.0 684.0 61.0 193.0
person 1095.0 661.0 74.0 174.0
person 1473.0 726.0 65.0 139.0
person 1366.0 717.0 75.0 170.0
person 1738.0 713.0 123.0 239.0
person 1810.0 713.0 94.0 226.0
person 1426.0 679.0 77.0 206.0
person 1084.0 531.0 57.0 129.0
person 1022.0 513.0 72.0 146.0
person 832.0 513.0 66.0 146.0
person 1163.0 555.0 78.0 176.0
person 988.0 507.0 44.0 112.0
person 932.0 492.0 58.0 116.0
person 869.0 480.0 58.0 131.0
person 798.0 481.0 58.0 122.0
person 758.0 481.0 49.0 122.0
person 906.0 464.0 50.0 118.0
person 857.0 459.0 46.0 122.0
person 821.0 450.0 41.0 133.0
person 791.0 461.0 44.0 125.0
person 745.0 443.0 48.0 116.0
person 953.0 486.0 49.0 115.0
person 1424.0 433.0 38.0 80.0
person 1432.0 423.0 52.0 89.0
