person 1057.0 596.0 66.0 203.0
person 1120.0 605.0 66.0 196.0
person 1396.0 510.0 45.0 104.0
person 1168.0 600.0 62.0 194.0
person 907.0 630.0 54.0 149.0
person 963.0 597.0 70.0 185.0
person 1133.0 650.0 79.0 179.0
person 1517.0 629.0 65.0 176.0
person 1375.0 608.0 56.0 163.0
person 1426.0 597.0 77.0 179.0
person 1577.0 624.0 72.0 181.0
person 434.0 719.0 92.0 242.0
person 520.0 738.0 82.0 221.0
person 479.0 784.0 109.0 239.0
person 248.0 755.0 76.0 227.0
person 217.0 843.0 114.0 238.0
person 845.0 618.0 63.0 181.0
person 1451.0 627.0 69.0 200.0
person 1147.0 672.0 76.0 220.0
person 1223.0 695.0 72.0 200.0
person 895.0 642.0 78.0 169.0
person 1493.0 705.0 58.0 127.0
person 1454.0 675.0 71.0 166.0
person 1546.0 680.0 92.0 230.0
person 1625.0 687.0 80.0 218.0
person 1800.0 718.0 106.0 230.0
person 1504.0 654.0 72.0 193.0
person 1876.0 730.0 42.0 208.0
person 1150.0 560.0 62.0 142.0
person 1093.0 543.0 72.0 157.0
person 851.0 545.0 64.0 161.0
person 966.0 557.0 86.0 169.0
person 1044.0 530.0 44.0 113.0
person 994.0 519.0 58.0 137.0
person 936.0 503.0 61.0 130.0
person 834.0 507.0 61.0 128.0
person 771.0 503.0 49.0 128.0
person 996.0 488.0 53.0 125.0
person 952.0 480.0 46.0 122.0
person 911.0 471.0 49.0 140.0
person 875.0 482.0 50.0 128.0
person 790.0 469.0 52.0 129.0
person 902.0 461.0 49.0 116.0
person 776.0 453.0 46.0 94.0
person 1001.0 510.0 41.0 116.0
person 862.0 455.0 49.0 133.0
person 1450.0 437.0 37.0 80.0
person 1459.0 427.0 52.0 89.0
