person 477.0 568.0 83.0 188.0
person 479.0 597.0 96.0 193.0
person 1034.0 591.0 66.0 202.0
person 1090.0 596.0 66.0 190.0
person 1385.0 510.0 46.0 104.0
person 1155.0 597.0 61.0 193.0
person 1121.0 1026.0 101.0 55.0
person 871.0 615.0 53.0 149.0
person 927.0 582.0 71.0 178.0
person 1039.0 632.0 75.0 176.0
person 1424.0 613.0 66.0 158.0
person 1248.0 594.0 56.0 163.0
person 1314.0 581.0 80.0 176.0
person 1497.0 609.0 62.0 163.0
person 1802.0 702.0 110.0 221.0
person 1787.0 696.0 97.0 207.0
person 924.0 1010.0 118.0 71.0
person 385.0 731.0 93.0 254.0
person 470.0 748.0 94.0 238.0
person 421.0 807.0 108.0 248.0
person 180.0 756.0 76.0 226.0
person 198.0 813.0 103.0 262.0
person 883.0 622.0 62.0 190.0
person 1447.0 633.0 77.0 194.0
person 1135.0 669.0 76.0 219.0
person 1205.0 689.0 67.0 195.0
person 981.0 652.0 74.0 167.0
person 1498.0 711.0 66.0 128.0
person 1403.0 692.0 77.0 167.0
person 1610.0 695.0 101.0 236.0
person 1668.0 697.0 95.0 227.0
person 1464.0 664.0 78.0 197.0
person 1122.0 545.0 57.0 143.0
person 1061.0 528.0 68.0 151.0
person 845.0 529.0 65.0 157.0
person 1045.0 553.0 86.0 170.0
person 1012.0 513.0 44.0 113.0
person 966.0 502.0 58.0 121.0
person 911.0 490.0 64.0 131.0
person 818.0 495.0 61.0 121.0
person 770.0 493.0 48.0 125.0
person 961.0 475.0 50.0 119.0
person 909.0 470.0 46.0 122.0
person 873.0 461.0 50.0 134.0
person 837.0 472.0 48.0 124.0
person 766.0 461.0 51.0 118.0
person 829.0 454.0 50.0 116.0
person 985.0 502.0 42.0 116.0
person 799.0 444.0 47.0 133.0
person 1438.0 435.0 37.0 80.0
person 1446.0 425.0 52.0 89.0
