person 1058.0 597.0 66.0 203.0
person 1121.0 606.0 66.0 195.0
person 1397.0 510.0 45.0 104.0
person 1169.0 601.0 62.0 194.0
person 910.0 631.0 54.0 149.0
person 965.0 598.0 70.0 185.0
person 1136.0 650.0 80.0 179.0
person 1519.0 629.0 66.0 176.0
person 1380.0 609.0 57.0 163.0
person 1431.0 598.0 77.0 179.0
person 1580.0 625.0 72.0 181.0
person 436.0 718.0 92.0 242.0
person 522.0 738.0 82.0 221.0
person 481.0 783.0 109.0 239.0
person 253.0 754.0 76.0 227.0
person 216.0 844.0 116.0 237.0
person 844.0 618.0 64.0 181.0
person 1451.0 626.0 69.0 200.0
person 1148.0 672.0 76.0 220.0
person 1223.0 696.0 72.0 200.0
person 892.0 642.0 78.0 169.0
person 1493.0 705.0 58.0 127.0
person 1455.0 674.0 71.0 166.0
person 1545.0 680.0 92.0 230.0
person 1624.0 686.0 80.0 218.0
person 1788.0 718.0 110.0 230.0
person 1504.0 654.0 73.0 193.0
person 1871.0 729.0 47.0 210.0
person 1152.0 561.0 62.0 142.0
person 1095.0 544.0 72.0 158.0
person 851.0 545.0 64.0 161.0
person 964.0 556.0 86.0 170.0
person 1045.0 531.0 44.0 113.0
person 995.0 519.0 58.0 137.0
person 937.0 504.0 61.0 130.0
person 835.0 507.0 61.0 128.0
person 771.0 503.0 49.0 128.0
person 998.0 488.0 53.0 125.0
person 954.0 481.0 46.0 122.0
person 912.0 472.0 50.0 140.0
person 877.0 482.0 49.0 128.0
person 791.0 469.0 52.0 129.0
person 904.0 461.0 50.0 116.0
person 778.0 453.0 46.0 95.0
person 1001.0 510.0 42.0 116.0
person 865.0 455.0 49.0 134.0
person 1450.0 437.0 38.0 80.0
person 1459.0 428.0 52.0 89.0
