person 449.0 594.0 97.0 185.0
person 1049.0 592.0 66.0 203.0
person 1105.0 600.0 66.0 194.0
person 1391.0 510.0 45.0 104.0
person 1162.0 599.0 61.0 193.0
person 876.0 623.0 53.0 149.0
person 937.0 592.0 71.0 181.0
person 1095.0 642.0 76.0 179.0
person 1469.0 621.0 65.0 164.0
person 1308.0 601.0 56.0 163.0
person 1370.0 589.0 79.0 178.0
person 1539.0 615.0 72.0 181.0
person 411.0 726.0 93.0 248.0
person 488.0 744.0 91.0 221.0
person 451.0 796.0 108.0 243.0
person 209.0 758.0 76.0 226.0
person 215.0 822.0 110.0 258.0
person 864.0 621.0 60.0 185.0
person 1448.0 631.0 75.0 200.0
person 1142.0 671.0 76.0 220.0
person 1220.0 692.0 73.0 198.0
person 936.0 651.0 82.0 166.0
person 1497.0 711.0 60.0 127.0
person 1432.0 685.0 77.0 167.0
person 1573.0 687.0 94.0 233.0
person 1649.0 694.0 81.0 224.0
person 1875.0 742.0 45.0 211.0
person 1486.0 659.0 76.0 193.0
person 1137.0 553.0 59.0 142.0
person 1074.0 535.0 72.0 152.0
person 849.0 538.0 64.0 161.0
person 1002.0 556.0 86.0 170.0
person 1026.0 521.0 45.0 113.0
person 978.0 508.0 57.0 137.0
person 927.0 498.0 60.0 130.0
person 826.0 501.0 61.0 126.0
person 771.0 500.0 48.0 125.0
person 977.0 483.0 53.0 124.0
person 932.0 473.0 46.0 122.0
person 893.0 467.0 48.0 138.0
person 854.0 477.0 49.0 125.0
person 780.0 463.0 52.0 127.0
person 867.0 457.0 50.0 116.0
person 994.0 506.0 41.0 116.0
person 832.0 449.0 49.0 133.0
person 1444.0 436.0 37.0 80.0
person 1452.0 426.0 52.0 89.0
