person 443.0 572.0 89.0 194.0
person 561.0 570.0 76.0 199.0
person 616.0 605.0 74.0 181.0
person 999.0 574.0 67.0 203.0
person 1064.0 580.0 63.0 194.0
person 1397.0 506.0 46.0 104.0
person 1132.0 591.0 68.0 193.0
person 1277.0 937.0 122.0 144.0
person 1136.0 933.0 136.0 147.0
person 860.0 597.0 50.0 127.0
person 913.0 551.0 65.0 172.0
person 899.0 607.0 70.0 174.0
person 1277.0 586.0 66.0 158.0
person 1068.0 570.0 52.0 148.0
person 1146.0 563.0 82.0 176.0
person 1335.0 583.0 61.0 161.0
person 1607.0 678.0 72.0 223.0
person 1653.0 672.0 103.0 210.0
person 1628.0 664.0 66.0 203.0
person 1004.0 924.0 117.0 157.0
person 1696.0 670.0 82.0 203.0
person 294.0 761.0 105.0 260.0
person 391.0 780.0 97.0 239.0
person 289.0 850.0 120.0 231.0
person 159.0 759.0 72.0 227.0
person 168.0 767.0 81.0 258.0
person 977.0 639.0 79.0 203.0
person 1395.0 653.0 84.0 205.0
person 1139.0 666.0 81.0 218.0
person 1182.0 682.0 70.0 194.0
person 1157.0 666.0 70.0 175.0
person 1457.0 732.0 66.0 139.0
person 1383.0 718.0 83.0 183.0
person 1852.0 711.0 66.0 242.0
person 1441.0 684.0 77.0 212.0
person 1068.0 524.0 57.0 119.0
person 1005.0 509.0 72.0 136.0
person 822.0 505.0 58.0 146.0
person 1215.0 552.0 78.0 176.0
person 980.0 501.0 39.0 108.0
person 915.0 487.0 58.0 116.0
person 853.0 474.0 56.0 131.0
person 789.0 475.0 58.0 122.0
person 754.0 475.0 50.0 122.0
person 872.0 457.0 49.0 118.0
person 819.0 452.0 45.0 122.0
person 797.0 443.0 42.0 133.0
person 764.0 454.0 45.0 122.0
person 937.0 479.0 48.0 113.0
person 1423.0 431.0 38.0 80.0
person 1424.0 422.0 52.0 89.0
