person 1064.0 600.0 66.0 203.0
person 1132.0 612.0 66.0 197.0
person 1401.0 510.0 45.0 104.0
person 1169.0 602.0 62.0 192.0
person 925.0 636.0 53.0 153.0
person 981.0 602.0 69.0 187.0
person 1178.0 654.0 81.0 179.0
person 1539.0 632.0 73.0 175.0
person 1431.0 613.0 57.0 163.0
person 1473.0 604.0 76.0 180.0
person 1604.0 630.0 72.0 182.0
person 454.0 712.0 89.0 237.0
person 532.0 731.0 82.0 218.0
person 498.0 773.0 108.0 239.0
person 288.0 741.0 78.0 227.0
person 218.0 858.0 118.0 221.0
person 836.0 612.0 66.0 181.0
person 1457.0 621.0 67.0 200.0
person 1151.0 672.0 77.0 221.0
person 1223.0 699.0 72.0 200.0
person 865.0 637.0 82.0 169.0
person 1492.0 699.0 58.0 127.0
person 1466.0 669.0 69.0 167.0
person 1535.0 677.0 89.0 227.0
person 1615.0 682.0 80.0 218.0
person 1734.0 712.0 112.0 231.0
person 1510.0 649.0 72.0 193.0
person 1812.0 725.0 99.0 211.0
person 1164.0 565.0 62.0 142.0
person 1104.0 546.0 73.0 158.0
person 854.0 549.0 64.0 161.0
person 948.0 550.0 86.0 169.0
person 1056.0 534.0 47.0 113.0
person 1004.0 521.0 58.0 137.0
person 944.0 504.0 61.0 130.0
person 843.0 512.0 61.0 128.0
person 772.0 504.0 50.0 130.0
person 1009.0 491.0 53.0 125.0
person 965.0 485.0 46.0 122.0
person 926.0 475.0 50.0 140.0
person 891.0 485.0 50.0 130.0
person 795.0 476.0 52.0 125.0
person 927.0 464.0 50.0 116.0
person 801.0 453.0 46.0 112.0
person 1006.0 512.0 42.0 116.0
person 886.0 457.0 49.0 134.0
person 1455.0 438.0 38.0 80.0
person 1464.0 428.0 52.0 89.0
