person 1070.0 602.0 65.0 205.0
person 1133.0 611.0 66.0 197.0
person 1403.0 509.0 45.0 104.0
person 1167.0 603.0 62.0 190.0
person 932.0 639.0 53.0 155.0
person 990.0 604.0 69.0 189.0
person 1200.0 656.0 80.0 179.0
person 1553.0 634.0 74.0 176.0
person 1459.0 616.0 57.0 163.0
person 1496.0 606.0 76.0 181.0
person 1617.0 632.0 72.0 184.0
person 463.0 708.0 88.0 235.0
person 540.0 726.0 82.0 219.0
person 511.0 768.0 105.0 239.0
person 295.0 738.0 84.0 217.0
person 214.0 863.0 123.0 216.0
person 836.0 606.0 66.0 181.0
person 1461.0 619.0 65.0 200.0
person 1154.0 673.0 77.0 221.0
person 1227.0 699.0 75.0 200.0
person 850.0 633.0 81.0 169.0
person 1491.0 696.0 58.0 127.0
person 1471.0 667.0 69.0 167.0
person 1529.0 675.0 89.0 223.0
person 1605.0 679.0 83.0 217.0
person 1709.0 706.0 102.0 233.0
person 1510.0 646.0 72.0 193.0
person 1793.0 720.0 93.0 209.0
person 1170.0 567.0 62.0 142.0
person 1109.0 548.0 74.0 158.0
person 856.0 550.0 65.0 161.0
person 937.0 547.0 86.0 169.0
person 1062.0 536.0 49.0 112.0
person 1009.0 522.0 58.0 137.0
person 948.0 504.0 61.0 130.0
person 846.0 513.0 61.0 128.0
person 772.0 504.0 50.0 131.0
person 1014.0 492.0 53.0 125.0
person 972.0 487.0 46.0 122.0
person 934.0 477.0 50.0 140.0
person 897.0 486.0 50.0 130.0
person 795.0 480.0 54.0 125.0
person 940.0 467.0 49.0 116.0
person 813.0 453.0 46.0 122.0
person 1009.0 513.0 42.0 116.0
person 897.0 457.0 49.0 134.0
person 1458.0 439.0 38.0 80.0
person 1467.0 429.0 52.0 89.0
