person 430.0 572.0 89.0 194.0
person 552.0 572.0 76.0 193.0
person 588.0 604.0 86.0 182.0
person 1002.0 575.0 66.0 202.0
person 1068.0 583.0 66.0 195.0
person 1390.0 508.0 46.0 104.0
person 1136.0 591.0 65.0 193.0
person 1269.0 950.0 122.0 131.0
person 1128.0 954.0 134.0 127.0
person 861.0 598.0 50.0 128.0
person 919.0 556.0 66.0 174.0
person 911.0 612.0 70.0 175.0
person 1302.0 591.0 66.0 158.0
person 1091.0 574.0 55.0 149.0
person 1172.0 568.0 82.0 176.0
person 1362.0 587.0 61.0 161.0
person 1630.0 683.0 93.0 220.0
person 1665.0 677.0 105.0 211.0
person 1652.0 671.0 66.0 203.0
person 988.0 939.0 117.0 142.0
person 1720.0 675.0 82.0 202.0
person 307.0 754.0 104.0 261.0
person 400.0 775.0 96.0 244.0
person 309.0 845.0 120.0 236.0
person 161.0 759.0 72.0 227.0
person 165.0 771.0 89.0 257.0
person 953.0 636.0 82.0 203.0
person 1401.0 650.0 78.0 205.0
person 1132.0 667.0 76.0 219.0
person 1179.0 683.0 67.0 194.0
person 1125.0 663.0 70.0 175.0
person 1465.0 729.0 65.0 139.0
person 1373.0 719.0 77.0 176.0
person 1771.0 716.0 129.0 236.0
person 1424.0 680.0 78.0 212.0
person 1075.0 527.0 56.0 124.0
person 1013.0 511.0 73.0 141.0
person 827.0 509.0 62.0 146.0
person 1189.0 553.0 78.0 176.0
person 985.0 503.0 40.0 111.0
person 924.0 490.0 58.0 116.0
person 861.0 477.0 57.0 131.0
person 791.0 478.0 58.0 122.0
person 757.0 479.0 49.0 122.0
person 888.0 461.0 49.0 118.0
person 838.0 455.0 45.0 122.0
person 808.0 446.0 42.0 133.0
person 778.0 458.0 44.0 123.0
person 945.0 482.0 48.0 114.0
person 1424.0 432.0 38.0 80.0
person 1428.0 423.0 52.0 89.0
