person 1080.0 606.0 64.0 209.0
person 1132.0 617.0 69.0 201.0
person 1405.0 509.0 46.0 104.0
person 1157.0 603.0 62.0 190.0
person 943.0 641.0 53.0 161.0
person 1005.0 608.0 68.0 191.0
person 1232.0 660.0 76.0 180.0
person 1577.0 639.0 74.0 176.0
person 1504.0 621.0 58.0 163.0
person 1533.0 609.0 76.0 181.0
person 1639.0 636.0 72.0 188.0
person 473.0 702.0 88.0 230.0
person 552.0 718.0 81.0 220.0
person 528.0 761.0 102.0 232.0
person 324.0 731.0 84.0 216.0
person 205.0 880.0 115.0 201.0
person 835.0 598.0 66.0 180.0
person 1454.0 616.0 66.0 200.0
person 1166.0 673.0 77.0 221.0
person 1237.0 697.0 80.0 200.0
person 823.0 625.0 78.0 169.0
person 1491.0 690.0 57.0 127.0
person 1472.0 664.0 69.0 165.0
person 1525.0 670.0 88.0 218.0
person 1585.0 671.0 88.0 217.0
person 1670.0 701.0 99.0 226.0
person 1509.0 641.0 73.0 194.0
person 1766.0 714.0 93.0 209.0
person 1181.0 567.0 61.0 143.0
person 1124.0 551.0 74.0 158.0
person 861.0 553.0 65.0 168.0
person 915.0 543.0 86.0 169.0
person 1074.0 538.0 49.0 112.0
person 1010.0 523.0 57.0 137.0
person 955.0 504.0 61.0 131.0
person 850.0 513.0 61.0 128.0
person 774.0 506.0 50.0 133.0
person 1027.0 493.0 54.0 125.0
person 982.0 488.0 45.0 122.0
person 944.0 479.0 49.0 140.0
person 906.0 487.0 50.0 131.0
person 797.0 483.0 54.0 125.0
person 958.0 470.0 51.0 116.0
person 830.0 455.0 46.0 130.0
person 1014.0 516.0 42.0 116.0
person 914.0 457.0 49.0 134.0
person 1461.0 439.0 38.0 80.0
person 1471.0 429.0 52.0 89.0
