person 1081.0 607.0 64.0 209.0
person 1132.0 618.0 69.0 201.0
person 1405.0 508.0 46.0 104.0
person 1156.0 603.0 62.0 190.0
person 945.0 641.0 52.0 162.0
person 1007.0 609.0 68.0 191.0
person 1236.0 660.0 76.0 181.0
person 1580.0 640.0 74.0 176.0
person 1510.0 622.0 58.0 163.0
person 1537.0 610.0 76.0 181.0
person 1641.0 636.0 72.0 188.0
person 475.0 702.0 88.0 229.0
person 553.0 717.0 81.0 220.0
person 530.0 760.0 102.0 230.0
person 325.0 731.0 84.0 215.0
person 204.0 883.0 114.0 198.0
person 834.0 598.0 66.0 179.0
person 1454.0 615.0 65.0 200.0
person 1167.0 674.0 77.0 221.0
person 1238.0 697.0 81.0 199.0
person 820.0 624.0 78.0 169.0
person 1491.0 689.0 57.0 127.0
person 1472.0 663.0 68.0 165.0
person 1526.0 669.0 88.0 218.0
person 1582.0 670.0 89.0 217.0
person 1663.0 700.0 101.0 226.0
person 1509.0 641.0 73.0 194.0
person 1762.0 713.0 90.0 208.0
person 1182.0 567.0 62.0 143.0
person 1126.0 551.0 74.0 158.0
person 861.0 553.0 66.0 169.0
person 913.0 542.0 86.0 169.0
person 1076.0 538.0 49.0 112.0
person 1011.0 524.0 57.0 137.0
person 955.0 504.0 62.0 132.0
person 851.0 513.0 61.0 128.0
person 774.0 506.0 50.0 134.0
person 1029.0 493.0 54.0 125.0
person 983.0 488.0 45.0 122.0
person 945.0 480.0 49.0 140.0
person 907.0 487.0 50.0 131.0
person 797.0 483.0 54.0 125.0
person 960.0 470.0 51.0 116.0
person 832.0 455.0 46.0 130.0
person 1015.0 516.0 42.0 116.0
person 916.0 457.0 49.0 134.0
person 1462.0 439.0 38.0 80.0
person 1471.0 429.0 52.0 89.0
