person 380.0 561.0 88.0 194.0
person 487.0 568.0 87.0 188.0
person 504.0 595.0 90.0 187.0
person 1025.0 590.0 66.0 203.0
person 1083.0 593.0 65.0 190.0
person 1382.0 510.0 46.0 104.0
person 1152.0 595.0 61.0 193.0
person 1275.0 1020.0 87.0 61.0
person 1117.0 1013.0 116.0 68.0
person 871.0 612.0 53.0 148.0
person 924.0 578.0 69.0 176.0
person 1015.0 629.0 73.0 174.0
person 1403.0 609.0 66.0 158.0
person 1221.0 591.0 57.0 158.0
person 1287.0 577.0 81.0 176.0
person 1475.0 605.0 60.0 161.0
person 1770.0 698.0 111.0 221.0
person 1769.0 691.0 83.0 203.0
person 929.0 994.0 118.0 87.0
person 369.0 735.0 93.0 256.0
person 461.0 752.0 94.0 239.0
person 407.0 813.0 109.0 250.0
person 174.0 761.0 74.0 226.0
person 193.0 802.0 95.0 263.0
person 888.0 624.0 69.0 190.0
person 1447.0 633.0 76.0 191.0
person 1129.0 666.0 77.0 220.0
person 1195.0 687.0 64.0 194.0
person 1000.0 655.0 81.0 170.0
person 1492.0 711.0 66.0 128.0
person 1390.0 698.0 78.0 167.0
person 1626.0 698.0 114.0 236.0
person 1674.0 697.0 107.0 227.0
person 1452.0 667.0 78.0 201.0
person 1114.0 542.0 56.0 143.0
person 1055.0 524.0 65.0 151.0
person 844.0 524.0 65.0 155.0
person 1067.0 550.0 85.0 170.0
person 1010.0 511.0 42.0 112.0
person 960.0 501.0 58.0 118.0
person 901.0 487.0 61.0 131.0
person 813.0 492.0 59.0 122.0
person 767.0 491.0 48.0 125.0
person 949.0 472.0 49.0 119.0
person 899.0 467.0 46.0 122.0
person 860.0 459.0 50.0 133.0
person 830.0 469.0 46.0 124.0
person 756.0 460.0 49.0 118.0
person 812.0 451.0 49.0 116.0
person 979.0 500.0 42.0 116.0
person 781.0 444.0 45.0 133.0
person 1435.0 435.0 37.0 80.0
person 1443.0 425.0 52.0 89.0
