person 1081.0 609.0 64.0 210.0
person 1132.0 622.0 71.0 203.0
person 1407.0 508.0 46.0 104.0
person 1151.0 604.0 62.0 189.0
person 950.0 643.0 52.0 164.0
person 1018.0 610.0 68.0 193.0
person 1252.0 662.0 74.0 181.0
person 1592.0 643.0 74.0 176.0
person 1536.0 626.0 58.0 163.0
person 1554.0 610.0 76.0 181.0
person 1650.0 638.0 72.0 189.0
person 480.0 699.0 87.0 227.0
person 557.0 714.0 81.0 221.0
person 537.0 758.0 101.0 220.0
person 331.0 730.0 84.0 211.0
person 196.0 887.0 118.0 193.0
person 833.0 595.0 65.0 177.0
person 1451.0 614.0 65.0 200.0
person 1173.0 674.0 77.0 221.0
person 1243.0 696.0 83.0 199.0
person 806.0 624.0 77.0 164.0
person 1491.0 687.0 57.0 127.0
person 1471.0 661.0 69.0 163.0
person 1530.0 665.0 88.0 217.0
person 1578.0 665.0 88.0 218.0
person 1637.0 696.0 107.0 226.0
person 1509.0 638.0 73.0 194.0
person 1745.0 709.0 77.0 205.0
person 1188.0 567.0 61.0 143.0
person 1134.0 552.0 74.0 158.0
person 864.0 555.0 66.0 173.0
person 902.0 540.0 86.0 169.0
person 1081.0 539.0 50.0 112.0
person 1013.0 525.0 57.0 137.0
person 958.0 504.0 62.0 134.0
person 853.0 513.0 61.0 128.0
person 775.0 507.0 50.0 135.0
person 1036.0 494.0 54.0 125.0
person 988.0 489.0 45.0 122.0
person 949.0 480.0 49.0 140.0
person 910.0 488.0 50.0 131.0
person 799.0 483.0 54.0 125.0
person 967.0 470.0 52.0 116.0
person 838.0 457.0 46.0 130.0
person 789.0 450.0 38.0 107.0
person 1017.0 517.0 42.0 116.0
person 924.0 458.0 49.0 134.0
person 1463.0 439.0 37.0 80.0
person 1473.0 430.0 52.0 89.0
