person 390.0 559.0 88.0 194.0
person 500.0 569.0 87.0 187.0
person 526.0 591.0 89.0 187.0
person 1016.0 590.0 66.0 202.0
person 1079.0 591.0 65.0 191.0
person 1380.0 511.0 46.0 104.0
person 1148.0 593.0 61.0 193.0
person 1268.0 1005.0 112.0 76.0
person 1119.0 999.0 122.0 82.0
person 868.0 606.0 51.0 148.0
person 921.0 573.0 67.0 176.0
person 991.0 626.0 71.0 173.0
person 1382.0 605.0 66.0 158.0
person 1196.0 589.0 58.0 150.0
person 1263.0 575.0 81.0 176.0
person 1452.0 601.0 60.0 161.0
person 1739.0 694.0 112.0 221.0
person 1802.0 699.0 110.0 212.0
person 1741.0 687.0 75.0 202.0
person 938.0 981.0 118.0 100.0
person 354.0 738.0 96.0 257.0
person 452.0 758.0 92.0 235.0
person 384.0 820.0 113.0 249.0
person 168.0 764.0 73.0 227.0
person 190.0 794.0 93.0 263.0
person 896.0 626.0 73.0 192.0
person 1440.0 636.0 77.0 196.0
person 1128.0 669.0 76.0 219.0
person 1190.0 687.0 63.0 193.0
person 1019.0 658.0 88.0 173.0
person 1486.0 715.0 66.0 128.0
person 1376.0 701.0 78.0 167.0
person 1651.0 702.0 120.0 237.0
person 1706.0 701.0 103.0 227.0
person 1443.0 671.0 76.0 202.0
person 1105.0 540.0 56.0 143.0
person 1047.0 520.0 65.0 151.0
person 839.0 521.0 65.0 155.0
person 1093.0 551.0 83.0 172.0
person 1005.0 510.0 42.0 112.0
person 954.0 499.0 58.0 116.0
person 892.0 484.0 58.0 131.0
person 809.0 490.0 58.0 122.0
person 764.0 488.0 48.0 125.0
person 937.0 469.0 49.0 119.0
person 889.0 464.0 46.0 122.0
person 850.0 456.0 50.0 133.0
person 820.0 467.0 46.0 124.0
person 747.0 459.0 46.0 118.0
person 794.0 450.0 49.0 116.0
person 973.0 499.0 42.0 116.0
person 760.0 443.0 45.0 133.0
person 1432.0 435.0 38.0 80.0
person 1440.0 424.0 52.0 89.0
