person 1083.0 608.0 64.0 209.0
person 1132.0 619.0 70.0 202.0
person 1406.0 508.0 46.0 104.0
person 1154.0 603.0 62.0 190.0
person 946.0 642.0 52.0 162.0
person 1009.0 609.0 68.0 191.0
person 1240.0 661.0 75.0 180.0
person 1583.0 641.0 74.0 175.0
person 1516.0 623.0 58.0 163.0
person 1542.0 610.0 76.0 181.0
person 1643.0 637.0 72.0 188.0
person 476.0 701.0 88.0 228.0
person 554.0 716.0 81.0 221.0
person 532.0 759.0 101.0 228.0
person 327.0 731.0 84.0 214.0
person 202.0 884.0 115.0 196.0
person 834.0 597.0 66.0 179.0
person 1453.0 615.0 65.0 200.0
person 1169.0 674.0 77.0 221.0
person 1239.0 697.0 81.0 199.0
person 816.0 624.0 78.0 167.0
person 1491.0 688.0 57.0 127.0
person 1472.0 663.0 68.0 164.0
person 1527.0 668.0 88.0 218.0
person 1580.0 669.0 90.0 217.0
person 1657.0 699.0 102.0 226.0
person 1509.0 640.0 73.0 194.0
person 1758.0 712.0 86.0 207.0
person 1184.0 567.0 61.0 143.0
person 1128.0 551.0 74.0 158.0
person 862.0 554.0 66.0 170.0
person 910.0 542.0 86.0 169.0
person 1077.0 538.0 49.0 112.0
person 1011.0 524.0 57.0 137.0
person 956.0 504.0 62.0 133.0
person 851.0 513.0 61.0 128.0
person 775.0 507.0 49.0 134.0
person 1031.0 493.0 54.0 125.0
person 984.0 489.0 46.0 122.0
person 946.0 480.0 49.0 140.0
person 908.0 487.0 50.0 131.0
person 798.0 483.0 54.0 125.0
person 962.0 470.0 51.0 116.0
person 833.0 456.0 46.0 130.0
person 780.0 451.0 38.0 107.0
person 1015.0 516.0 42.0 116.0
person 918.0 457.0 49.0 134.0
person 1462.0 439.0 38.0 80.0
person 1472.0 430.0 52.0 89.0
