person 1045.0 629.0 75.0 216.0
person 1092.0 642.0 85.0 215.0
person 1418.0 510.0 48.0 105.0
person 1098.0 615.0 75.0 188.0
person 1004.0 665.0 52.0 160.0
person 1120.0 625.0 92.0 199.0
person 1362.0 672.0 67.0 195.0
person 1639.0 659.0 73.0 176.0
person 1664.0 632.0 58.0 164.0
person 1620.0 618.0 74.0 181.0
person 1704.0 646.0 73.0 200.0
person 521.0 692.0 85.0 228.0
person 584.0 710.0 81.0 201.0
person 588.0 748.0 100.0 215.0
person 365.0 730.0 85.0 199.0
person 108.0 942.0 108.0 138.0
person 834.0 587.0 65.0 170.0
person 1432.0 598.0 65.0 196.0
person 1246.0 672.0 92.0 221.0
person 1310.0 700.0 70.0 202.0
person 740.0 622.0 82.0 160.0
person 1502.0 670.0 58.0 128.0
person 1497.0 645.0 66.0 155.0
person 1590.0 649.0 83.0 218.0
person 1571.0 647.0 79.0 218.0
person 1523.0 669.0 108.0 223.0
person 1536.0 619.0 70.0 194.0
person 1615.0 685.0 96.0 200.0
person 1248.0 578.0 62.0 145.0
person 1203.0 561.0 74.0 173.0
person 893.0 579.0 71.0 178.0
person 789.0 546.0 84.0 169.0
person 1107.0 560.0 48.0 112.0
person 1033.0 544.0 58.0 137.0
person 967.0 516.0 61.0 139.0
person 859.0 530.0 64.0 130.0
person 796.0 527.0 48.0 137.0
person 1068.0 505.0 53.0 125.0
person 1016.0 502.0 54.0 131.0
person 977.0 490.0 49.0 140.0
person 933.0 504.0 50.0 131.0
person 803.0 503.0 54.0 125.0
person 1025.0 488.0 54.0 116.0
person 858.0 473.0 58.0 131.0
person 870.0 463.0 42.0 107.0
person 848.0 470.0 46.0 113.0
person 786.0 456.0 45.0 127.0
person 1030.0 534.0 41.0 116.0
person 984.0 473.0 50.0 134.0
person 1469.0 437.0 37.0 80.0
person 1488.0 432.0 52.0 89.0
