person 1056.0 617.0 71.0 214.0
person 1095.0 631.0 76.0 212.0
person 1401.0 502.0 46.0 104.0
person 1108.0 604.0 70.0 188.0
person 959.0 656.0 52.0 163.0
person 1050.0 615.0 110.0 194.0
person 1318.0 669.0 74.0 190.0
person 1619.0 647.0 73.0 191.0
person 1617.0 627.0 58.0 164.0
person 1599.0 613.0 75.0 181.0
person 1681.0 642.0 72.0 197.0
person 501.0 690.0 86.0 227.0
person 577.0 703.0 82.0 211.0
person 563.0 743.0 100.0 220.0
person 359.0 723.0 85.0 208.0
person 132.0 910.0 129.0 171.0
person 825.0 585.0 65.0 173.0
person 1426.0 600.0 65.0 197.0
person 1208.0 673.0 89.0 221.0
person 1257.0 699.0 85.0 202.0
person 743.0 615.0 82.0 160.0
person 1492.0 676.0 57.0 127.0
person 1467.0 649.0 69.0 158.0
person 1554.0 653.0 90.0 217.0
person 1571.0 650.0 79.0 218.0
person 1555.0 675.0 105.0 222.0
person 1521.0 626.0 70.0 193.0
person 1657.0 690.0 80.0 204.0
person 1211.0 572.0 62.0 143.0
person 1170.0 557.0 74.0 173.0
person 877.0 567.0 67.0 173.0
person 817.0 535.0 84.0 169.0
person 1088.0 548.0 54.0 112.0
person 1013.0 529.0 58.0 137.0
person 955.0 506.0 61.0 139.0
person 848.0 519.0 63.0 130.0
person 785.0 513.0 48.0 137.0
person 1045.0 499.0 54.0 125.0
person 989.0 492.0 53.0 132.0
person 956.0 481.0 50.0 141.0
person 911.0 491.0 49.0 131.0
person 790.0 485.0 54.0 125.0
person 993.0 471.0 53.0 116.0
person 853.0 465.0 58.0 130.0
person 831.0 457.0 41.0 107.0
person 809.0 459.0 50.0 112.0
person 1020.0 524.0 41.0 116.0
person 962.0 466.0 49.0 134.0
person 1467.0 438.0 37.0 80.0
person 1483.0 431.0 52.0 89.0
