person 1053.0 622.0 73.0 215.0
person 1097.0 634.0 77.0 213.0
person 1410.0 508.0 46.0 104.0
person 1104.0 608.0 75.0 188.0
person 977.0 659.0 52.0 162.0
person 1078.0 619.0 103.0 196.0
person 1332.0 669.0 71.0 191.0
person 1627.0 650.0 72.0 189.0
person 1636.0 629.0 58.0 164.0
person 1607.0 615.0 74.0 181.0
person 1687.0 642.0 72.0 200.0
person 509.0 691.0 86.0 227.0
person 581.0 704.0 81.0 207.0
person 573.0 745.0 100.0 218.0
person 363.0 723.0 85.0 208.0
person 122.0 922.0 124.0 159.0
person 827.0 584.0 65.0 173.0
person 1427.0 599.0 65.0 196.0
person 1216.0 673.0 101.0 221.0
person 1281.0 699.0 77.0 202.0
person 740.0 617.0 82.0 160.0
person 1495.0 673.0 58.0 128.0
person 1481.0 647.0 68.0 156.0
person 1560.0 651.0 90.0 217.0
person 1571.0 649.0 79.0 219.0
person 1541.0 668.0 102.0 223.0
person 1527.0 623.0 70.0 193.0
person 1643.0 688.0 84.0 203.0
person 1224.0 574.0 62.0 144.0
person 1183.0 558.0 74.0 173.0
person 885.0 573.0 67.0 174.0
person 804.0 538.0 84.0 169.0
person 1094.0 552.0 52.0 112.0
person 1021.0 535.0 58.0 137.0
person 959.0 510.0 61.0 139.0
person 850.0 523.0 63.0 130.0
person 788.0 516.0 48.0 137.0
person 1056.0 500.0 54.0 125.0
person 999.0 496.0 54.0 131.0
person 967.0 484.0 50.0 140.0
person 924.0 497.0 50.0 130.0
person 795.0 492.0 54.0 125.0
person 1005.0 477.0 53.0 116.0
person 854.0 468.0 58.0 131.0
person 848.0 460.0 41.0 107.0
person 827.0 466.0 50.0 113.0
person 1024.0 528.0 41.0 116.0
person 971.0 468.0 50.0 134.0
person 1468.0 437.0 37.0 80.0
person 1485.0 432.0 52.0 89.0
