person 1055.0 619.0 72.0 215.0
person 1094.0 632.0 77.0 213.0
person 1405.0 505.0 46.0 104.0
person 1106.0 606.0 72.0 188.0
person 968.0 657.0 52.0 163.0
person 1064.0 617.0 106.0 195.0
person 1324.0 669.0 72.0 190.0
person 1623.0 648.0 72.0 193.0
person 1627.0 628.0 58.0 164.0
person 1603.0 614.0 74.0 181.0
person 1684.0 642.0 72.0 198.0
person 505.0 690.0 86.0 227.0
person 580.0 702.0 82.0 210.0
person 568.0 744.0 100.0 219.0
person 361.0 723.0 85.0 208.0
person 127.0 916.0 129.0 165.0
person 825.0 584.0 65.0 173.0
person 1425.0 599.0 65.0 196.0
person 1212.0 673.0 95.0 221.0
person 1269.0 699.0 81.0 202.0
person 740.0 615.0 82.0 160.0
person 1494.0 675.0 57.0 127.0
person 1474.0 648.0 68.0 157.0
person 1557.0 652.0 90.0 217.0
person 1571.0 650.0 79.0 218.0
person 1548.0 672.0 103.0 221.0
person 1524.0 625.0 70.0 193.0
person 1650.0 689.0 82.0 204.0
person 1216.0 573.0 62.0 143.0
person 1177.0 558.0 73.0 173.0
person 881.0 571.0 67.0 173.0
person 809.0 535.0 84.0 169.0
person 1090.0 549.0 53.0 112.0
person 1017.0 532.0 58.0 137.0
person 956.0 508.0 61.0 139.0
person 848.0 521.0 63.0 130.0
person 786.0 514.0 48.0 137.0
person 1050.0 499.0 54.0 125.0
person 994.0 494.0 53.0 131.0
person 964.0 482.0 50.0 140.0
person 917.0 494.0 50.0 130.0
person 793.0 489.0 54.0 125.0
person 998.0 473.0 53.0 116.0
person 854.0 467.0 58.0 130.0
person 839.0 459.0 41.0 107.0
person 818.0 462.0 50.0 113.0
person 1022.0 526.0 41.0 116.0
person 966.0 467.0 50.0 134.0
person 1467.0 437.0 38.0 80.0
person 1484.0 431.0 52.0 89.0
