person 1079.0 610.0 64.0 212.0
person 1123.0 624.0 73.0 205.0
person 1408.0 508.0 46.0 104.0
person 1145.0 604.0 62.0 188.0
person 955.0 644.0 52.0 166.0
person 1030.0 612.0 68.0 194.0
person 1269.0 665.0 76.0 184.0
person 1598.0 644.0 73.0 179.0
person 1561.0 630.0 58.0 163.0
person 1568.0 609.0 76.0 181.0
person 1660.0 640.0 72.0 190.0
person 484.0 696.0 87.0 227.0
person 561.0 711.0 81.0 221.0
person 542.0 754.0 101.0 220.0
person 337.0 728.0 84.0 208.0
person 188.0 892.0 122.0 188.0
person 832.0 592.0 64.0 175.0
person 1448.0 613.0 66.0 200.0
person 1179.0 674.0 77.0 221.0
person 1247.0 696.0 85.0 199.0
person 793.0 624.0 76.0 160.0
person 1491.0 684.0 57.0 127.0
person 1471.0 659.0 68.0 162.0
person 1534.0 661.0 88.0 217.0
person 1576.0 661.0 85.0 218.0
person 1618.0 693.0 111.0 224.0
person 1511.0 636.0 72.0 193.0
person 1721.0 705.0 87.0 205.0
person 1193.0 568.0 61.0 143.0
person 1141.0 553.0 74.0 161.0
person 869.0 558.0 66.0 173.0
person 886.0 539.0 85.0 169.0
person 1085.0 542.0 51.0 112.0
person 1015.0 527.0 57.0 137.0
person 961.0 504.0 62.0 137.0
person 853.0 514.0 61.0 128.0
person 776.0 508.0 49.0 137.0
person 1039.0 494.0 54.0 125.0
person 991.0 490.0 46.0 124.0
person 953.0 481.0 49.0 140.0
person 914.0 488.0 50.0 131.0
person 800.0 483.0 54.0 125.0
person 974.0 470.0 53.0 116.0
person 843.0 459.0 49.0 130.0
person 801.0 448.0 40.0 107.0
person 1019.0 518.0 42.0 116.0
person 931.0 459.0 49.0 134.0
person 1464.0 439.0 37.0 80.0
person 1475.0 430.0 52.0 89.0
