person 1051.0 624.0 73.0 216.0
person 1100.0 636.0 78.0 214.0
person 1415.0 511.0 46.0 104.0
person 1102.0 610.0 76.0 188.0
person 987.0 661.0 52.0 161.0
person 1092.0 621.0 99.0 197.0
person 1342.0 670.0 70.0 192.0
person 1631.0 653.0 72.0 185.0
person 1645.0 630.0 58.0 164.0
person 1611.0 616.0 73.0 181.0
person 1692.0 643.0 73.0 200.0
person 513.0 691.0 86.0 228.0
person 582.0 706.0 81.0 205.0
person 578.0 746.0 100.0 217.0
person 365.0 723.0 85.0 208.0
person 117.0 929.0 119.0 152.0
person 829.0 585.0 65.0 172.0
person 1429.0 598.0 65.0 196.0
person 1221.0 673.0 106.0 221.0
person 1293.0 699.0 73.0 202.0
person 740.0 619.0 82.0 160.0
person 1497.0 672.0 58.0 127.0
person 1487.0 645.0 68.0 156.0
person 1564.0 650.0 90.0 217.0
person 1571.0 648.0 79.0 219.0
person 1534.0 664.0 101.0 225.0
person 1530.0 621.0 70.0 193.0
person 1637.0 687.0 86.0 203.0
person 1232.0 575.0 62.0 144.0
person 1190.0 559.0 74.0 173.0
person 888.0 575.0 68.0 175.0
person 799.0 541.0 84.0 169.0
person 1098.0 554.0 51.0 112.0
person 1025.0 538.0 58.0 137.0
person 962.0 512.0 61.0 139.0
person 852.0 525.0 64.0 130.0
person 791.0 520.0 48.0 137.0
person 1061.0 500.0 54.0 125.0
person 1005.0 498.0 53.0 131.0
person 970.0 486.0 50.0 140.0
person 929.0 500.0 50.0 130.0
person 798.0 496.0 54.0 125.0
person 1011.0 480.0 54.0 116.0
person 855.0 469.0 58.0 131.0
person 856.0 461.0 41.0 107.0
person 836.0 470.0 50.0 113.0
person 779.0 447.0 44.0 127.0
person 1026.0 530.0 41.0 116.0
person 976.0 470.0 50.0 134.0
person 1468.0 437.0 38.0 80.0
person 1486.0 432.0 52.0 89.0
