person 1065.0 613.0 67.0 213.0
person 1107.0 628.0 75.0 209.0
person 1410.0 507.0 47.0 104.0
person 1135.0 604.0 62.0 188.0
person 957.0 651.0 52.0 164.0
person 1049.0 615.0 76.0 197.0
person 1300.0 669.0 79.0 190.0
person 1610.0 646.0 73.0 186.0
person 1594.0 628.0 58.0 164.0
person 1588.0 611.0 75.0 181.0
person 1673.0 642.0 72.0 194.0
person 492.0 691.0 87.0 227.0
person 570.0 706.0 81.0 216.0
person 553.0 746.0 100.0 220.0
person 353.0 724.0 85.0 208.0
person 166.0 904.0 134.0 176.0
person 828.0 588.0 65.0 173.0
person 1435.0 606.0 66.0 197.0
person 1195.0 674.0 78.0 221.0
person 1250.0 697.0 85.0 201.0
person 765.0 620.0 78.0 158.0
person 1491.0 680.0 57.0 127.0
person 1465.0 654.0 69.0 159.0
person 1545.0 656.0 89.0 217.0
person 1572.0 653.0 79.0 218.0
person 1580.0 686.0 109.0 221.0
person 1515.0 631.0 70.0 193.0
person 1689.0 702.0 89.0 202.0
person 1203.0 570.0 62.0 143.0
person 1155.0 555.0 73.0 170.0
person 878.0 564.0 66.0 173.0
person 848.0 539.0 85.0 169.0
person 1091.0 548.0 54.0 112.0
person 1019.0 531.0 58.0 137.0
person 960.0 505.0 61.0 139.0
person 854.0 517.0 60.0 128.0
person 781.0 511.0 48.0 137.0
person 1044.0 495.0 54.0 124.0
person 994.0 493.0 51.0 129.0
person 953.0 481.0 50.0 141.0
person 922.0 493.0 50.0 131.0
person 801.0 487.0 54.0 125.0
person 986.0 471.0 53.0 115.0
person 851.0 461.0 57.0 130.0
person 819.0 452.0 40.0 107.0
person 795.0 457.0 52.0 112.0
person 1023.0 521.0 42.0 116.0
person 948.0 462.0 49.0 134.0
person 1466.0 438.0 37.0 80.0
person 1480.0 431.0 52.0 89.0
