person 1052.0 623.0 73.0 215.0
person 1098.0 635.0 78.0 213.0
person 1412.0 509.0 46.0 104.0
person 1103.0 609.0 77.0 188.0
person 982.0 660.0 52.0 161.0
person 1085.0 620.0 101.0 197.0
person 1337.0 670.0 70.0 191.0
person 1629.0 652.0 72.0 186.0
person 1641.0 630.0 58.0 164.0
person 1609.0 615.0 73.0 181.0
person 1689.0 642.0 73.0 200.0
person 511.0 691.0 86.0 227.0
person 581.0 705.0 82.0 206.0
person 576.0 746.0 100.0 217.0
person 364.0 723.0 85.0 208.0
person 119.0 925.0 122.0 156.0
person 828.0 585.0 65.0 172.0
person 1428.0 599.0 65.0 196.0
person 1218.0 673.0 104.0 221.0
person 1287.0 699.0 75.0 202.0
person 740.0 618.0 82.0 160.0
person 1496.0 672.0 58.0 128.0
person 1484.0 646.0 68.0 156.0
person 1562.0 650.0 90.0 217.0
person 1571.0 649.0 79.0 218.0
person 1537.0 666.0 102.0 224.0
person 1528.0 622.0 70.0 193.0
person 1640.0 687.0 85.0 203.0
person 1228.0 575.0 62.0 144.0
person 1187.0 559.0 73.0 173.0
person 886.0 574.0 68.0 175.0
person 802.0 539.0 84.0 169.0
person 1096.0 553.0 51.0 112.0
person 1023.0 536.0 58.0 137.0
person 960.0 511.0 61.0 139.0
person 851.0 524.0 64.0 130.0
person 789.0 518.0 48.0 137.0
person 1058.0 500.0 54.0 125.0
person 1002.0 497.0 54.0 131.0
person 969.0 485.0 49.0 140.0
person 928.0 499.0 50.0 130.0
person 797.0 494.0 54.0 125.0
person 1008.0 479.0 53.0 116.0
person 854.0 469.0 58.0 130.0
person 852.0 461.0 41.0 107.0
person 831.0 468.0 50.0 113.0
person 1025.0 529.0 41.0 116.0
person 973.0 469.0 50.0 134.0
person 1468.0 437.0 37.0 80.0
person 1485.0 432.0 52.0 89.0
