person 1071.0 612.0 66.0 213.0
person 1113.0 626.0 74.0 208.0
person 1409.0 507.0 47.0 104.0
person 1139.0 604.0 62.0 188.0
person 956.0 648.0 52.0 165.0
person 1045.0 615.0 68.0 196.0
person 1290.0 668.0 80.0 189.0
person 1605.0 645.0 74.0 183.0
person 1583.0 629.0 58.0 164.0
person 1582.0 609.0 76.0 181.0
person 1669.0 642.0 72.0 192.0
person 489.0 693.0 87.0 227.0
person 566.0 708.0 81.0 218.0
person 549.0 749.0 100.0 220.0
person 348.0 726.0 85.0 208.0
person 175.0 899.0 129.0 181.0
person 830.0 589.0 64.0 173.0
person 1440.0 608.0 66.0 199.0
person 1189.0 674.0 77.0 221.0
person 1249.0 697.0 85.0 200.0
person 775.0 622.0 77.0 158.0
person 1491.0 682.0 57.0 127.0
person 1468.0 656.0 69.0 160.0
person 1541.0 657.0 88.0 217.0
person 1574.0 656.0 81.0 218.0
person 1595.0 689.0 112.0 221.0
person 1513.0 633.0 71.0 193.0
person 1691.0 701.0 101.0 206.0
person 1200.0 570.0 61.0 143.0
person 1150.0 554.0 73.0 167.0
person 877.0 562.0 66.0 173.0
person 862.0 539.0 85.0 169.0
person 1090.0 546.0 53.0 112.0
person 1018.0 529.0 57.0 137.0
person 962.0 504.0 62.0 139.0
person 854.0 516.0 60.0 128.0
person 779.0 510.0 49.0 137.0
person 1042.0 494.0 54.0 125.0
person 993.0 492.0 49.0 127.0
person 954.0 481.0 49.0 141.0
person 919.0 491.0 50.0 131.0
person 801.0 485.0 54.0 125.0
person 982.0 471.0 54.0 115.0
person 848.0 460.0 54.0 130.0
person 814.0 449.0 40.0 107.0
person 789.0 456.0 52.0 112.0
person 1022.0 520.0 42.0 116.0
person 941.0 460.0 49.0 134.0
person 1465.0 438.0 37.0 80.0
person 1478.0 431.0 52.0 89.0
