person 1043.0 632.0 75.0 216.0
person 1089.0 645.0 87.0 216.0
person 1417.0 507.0 50.0 105.0
person 1096.0 617.0 74.0 188.0
person 1013.0 668.0 52.0 159.0
person 1134.0 627.0 89.0 200.0
person 1372.0 673.0 66.0 197.0
person 1646.0 655.0 73.0 186.0
person 1673.0 633.0 58.0 164.0
person 1626.0 619.0 75.0 181.0
person 1710.0 647.0 73.0 200.0
person 525.0 692.0 85.0 229.0
person 587.0 711.0 81.0 202.0
person 595.0 747.0 99.0 215.0
person 365.0 734.0 85.0 195.0
person 96.0 948.0 117.0 132.0
person 837.0 588.0 65.0 169.0
person 1434.0 597.0 65.0 196.0
person 1259.0 672.0 84.0 220.0
person 1315.0 701.0 70.0 202.0
person 740.0 624.0 82.0 160.0
person 1506.0 670.0 58.0 128.0
person 1501.0 645.0 65.0 155.0
person 1604.0 649.0 79.0 218.0
person 1571.0 645.0 79.0 218.0
person 1516.0 666.0 110.0 221.0
person 1539.0 619.0 70.0 194.0
person 1605.0 684.0 101.0 199.0
person 1256.0 579.0 62.0 145.0
person 1210.0 562.0 74.0 173.0
person 896.0 581.0 72.0 179.0
person 783.0 547.0 83.0 169.0
person 1111.0 560.0 48.0 112.0
person 1037.0 547.0 58.0 137.0
person 970.0 518.0 61.0 139.0
person 864.0 532.0 64.0 130.0
person 799.0 530.0 48.0 137.0
person 1070.0 507.0 54.0 125.0
person 1019.0 503.0 54.0 131.0
person 981.0 492.0 49.0 140.0
person 936.0 507.0 49.0 131.0
person 805.0 505.0 54.0 125.0
person 1028.0 488.0 54.0 116.0
person 862.0 475.0 58.0 131.0
person 875.0 464.0 44.0 107.0
person 854.0 471.0 44.0 113.0
person 790.0 461.0 45.0 127.0
person 1032.0 536.0 41.0 116.0
person 988.0 474.0 50.0 134.0
person 1470.0 437.0 37.0 80.0
person 1489.0 432.0 52.0 89.0
