person 1048.0 627.0 74.0 216.0
person 1096.0 639.0 81.0 214.0
person 1420.0 514.0 46.0 104.0
person 1100.0 612.0 75.0 188.0
person 995.0 663.0 52.0 160.0
person 1106.0 623.0 96.0 198.0
person 1352.0 671.0 69.0 194.0
person 1635.0 656.0 72.0 180.0
person 1655.0 631.0 58.0 164.0
person 1615.0 617.0 73.0 181.0
person 1698.0 644.0 73.0 200.0
person 517.0 691.0 85.0 228.0
person 583.0 708.0 81.0 203.0
person 583.0 747.0 100.0 216.0
person 365.0 726.0 85.0 204.0
person 112.0 935.0 114.0 145.0
person 832.0 586.0 65.0 171.0
person 1431.0 598.0 65.0 196.0
person 1233.0 672.0 99.0 221.0
person 1305.0 699.0 70.0 202.0
person 740.0 620.0 82.0 160.0
person 1499.0 670.0 58.0 128.0
person 1493.0 645.0 67.0 155.0
person 1577.0 649.0 86.0 218.0
person 1571.0 648.0 79.0 219.0
person 1528.0 665.0 103.0 225.0
person 1533.0 620.0 70.0 193.0
person 1626.0 686.0 91.0 201.0
person 1240.0 577.0 62.0 144.0
person 1196.0 560.0 74.0 173.0
person 891.0 577.0 69.0 176.0
person 794.0 543.0 84.0 169.0
person 1102.0 557.0 50.0 112.0
person 1029.0 541.0 58.0 137.0
person 965.0 514.0 61.0 139.0
person 855.0 528.0 64.0 130.0
person 793.0 523.0 48.0 137.0
person 1065.0 502.0 54.0 125.0
person 1010.0 500.0 54.0 131.0
person 974.0 488.0 49.0 140.0
person 931.0 502.0 50.0 131.0
person 801.0 499.0 54.0 125.0
person 1018.0 484.0 54.0 116.0
person 855.0 471.0 58.0 131.0
person 865.0 463.0 41.0 107.0
person 842.0 470.0 48.0 113.0
person 782.0 451.0 45.0 127.0
person 1028.0 532.0 41.0 116.0
person 980.0 471.0 50.0 134.0
person 1469.0 437.0 37.0 80.0
person 1487.0 432.0 52.0 89.0
