person 1039.0 636.0 76.0 217.0
person 1084.0 650.0 92.0 217.0
person 1415.0 503.0 53.0 105.0
person 1093.0 621.0 73.0 188.0
person 1027.0 672.0 52.0 158.0
person 1155.0 630.0 84.0 202.0
person 1387.0 675.0 65.0 199.0
person 1657.0 651.0 73.0 200.0
person 1688.0 635.0 58.0 164.0
person 1635.0 621.0 76.0 181.0
person 1719.0 650.0 73.0 200.0
person 531.0 693.0 85.0 229.0
person 595.0 711.0 80.0 209.0
person 609.0 743.0 97.0 214.0
person 365.0 740.0 85.0 188.0
person 80.0 957.0 130.0 124.0
person 841.0 590.0 65.0 167.0
person 1437.0 597.0 65.0 196.0
person 1279.0 672.0 73.0 220.0
person 1324.0 704.0 70.0 202.0
person 739.0 625.0 81.0 161.0
person 1512.0 670.0 58.0 128.0
person 1507.0 646.0 64.0 155.0
person 1624.0 649.0 74.0 218.0
person 1572.0 642.0 78.0 218.0
person 1507.0 663.0 112.0 217.0
person 1544.0 619.0 70.0 194.0
person 1589.0 683.0 109.0 197.0
person 1268.0 581.0 62.0 146.0
person 1221.0 563.0 74.0 173.0
person 901.0 584.0 73.0 181.0
person 771.0 546.0 81.0 169.0
person 1119.0 560.0 48.0 112.0
person 1037.0 547.0 58.0 137.0
person 975.0 522.0 61.0 139.0
person 871.0 536.0 64.0 130.0
person 803.0 536.0 48.0 137.0
person 1075.0 512.0 53.0 125.0
person 1025.0 505.0 54.0 131.0
person 988.0 495.0 50.0 140.0
person 940.0 510.0 50.0 133.0
person 805.0 505.0 54.0 125.0
person 1033.0 488.0 54.0 116.0
person 868.0 478.0 58.0 131.0
person 884.0 465.0 46.0 107.0
person 863.0 472.0 41.0 113.0
person 796.0 468.0 46.0 127.0
person 1035.0 540.0 41.0 116.0
person 995.0 477.0 49.0 134.0
person 1471.0 437.0 37.0 80.0
person 1491.0 433.0 52.0 89.0
