person 1041.0 633.0 76.0 217.0
person 1087.0 646.0 89.0 217.0
person 1416.0 506.0 51.0 104.0
person 1095.0 618.0 73.0 188.0
person 1018.0 669.0 52.0 159.0
person 1141.0 628.0 87.0 201.0
person 1377.0 674.0 66.0 197.0
person 1649.0 654.0 73.0 190.0
person 1678.0 634.0 58.0 164.0
person 1629.0 619.0 75.0 181.0
person 1713.0 648.0 73.0 200.0
person 527.0 692.0 85.0 229.0
person 590.0 711.0 80.0 204.0
person 600.0 746.0 98.0 214.0
person 365.0 736.0 85.0 192.0
person 91.0 951.0 121.0 130.0
person 838.0 589.0 65.0 168.0
person 1435.0 597.0 65.0 196.0
person 1266.0 672.0 80.0 220.0
person 1318.0 702.0 70.0 202.0
person 739.0 624.0 82.0 160.0
person 1508.0 670.0 58.0 128.0
person 1503.0 645.0 65.0 155.0
person 1610.0 649.0 78.0 218.0
person 1571.0 644.0 79.0 218.0
person 1513.0 665.0 110.0 219.0
person 1540.0 619.0 70.0 194.0
person 1599.0 683.0 104.0 199.0
person 1260.0 579.0 62.0 146.0
person 1214.0 562.0 74.0 173.0
person 898.0 582.0 72.0 179.0
person 779.0 547.0 82.0 169.0
person 1114.0 560.0 48.0 112.0
person 1037.0 547.0 58.0 137.0
person 972.0 519.0 61.0 139.0
person 866.0 533.0 64.0 130.0
person 800.0 532.0 48.0 137.0
person 1072.0 509.0 53.0 125.0
person 1021.0 503.0 54.0 131.0
person 983.0 493.0 50.0 140.0
person 937.0 508.0 50.0 132.0
person 805.0 505.0 54.0 125.0
person 1029.0 488.0 54.0 116.0
person 864.0 476.0 58.0 131.0
person 878.0 464.0 45.0 107.0
person 857.0 471.0 43.0 113.0
person 792.0 463.0 45.0 127.0
person 1033.0 537.0 41.0 116.0
person 990.0 475.0 50.0 134.0
person 1470.0 437.0 37.0 80.0
person 1489.0 432.0 52.0 89.0
