person 1055.0 621.0 73.0 215.0
person 1095.0 633.0 78.0 213.0
person 1408.0 506.0 46.0 104.0
person 1105.0 607.0 74.0 188.0
person 973.0 658.0 52.0 162.0
person 1071.0 618.0 105.0 196.0
person 1327.0 669.0 72.0 190.0
person 1625.0 649.0 72.0 191.0
person 1631.0 629.0 58.0 164.0
person 1605.0 614.0 74.0 181.0
person 1685.0 642.0 72.0 199.0
person 507.0 691.0 86.0 227.0
person 580.0 703.0 82.0 208.0
person 571.0 745.0 100.0 218.0
person 362.0 723.0 85.0 208.0
person 124.0 919.0 127.0 162.0
person 826.0 584.0 65.0 173.0
person 1426.0 599.0 65.0 196.0
person 1214.0 673.0 98.0 221.0
person 1275.0 699.0 79.0 202.0
person 740.0 616.0 82.0 160.0
person 1495.0 674.0 57.0 127.0
person 1477.0 647.0 69.0 157.0
person 1559.0 651.0 90.0 217.0
person 1571.0 649.0 79.0 219.0
person 1544.0 670.0 103.0 222.0
person 1525.0 624.0 70.0 193.0
person 1647.0 688.0 83.0 204.0
person 1220.0 574.0 62.0 143.0
person 1180.0 558.0 74.0 173.0
person 884.0 573.0 66.0 173.0
person 807.0 536.0 84.0 169.0
person 1092.0 550.0 52.0 112.0
person 1019.0 533.0 58.0 137.0
person 957.0 509.0 61.0 139.0
person 849.0 522.0 63.0 130.0
person 787.0 515.0 48.0 137.0
person 1053.0 500.0 54.0 125.0
person 997.0 495.0 53.0 131.0
person 965.0 483.0 50.0 140.0
person 921.0 495.0 49.0 131.0
person 794.0 491.0 54.0 125.0
person 1001.0 475.0 53.0 116.0
person 854.0 467.0 58.0 131.0
person 843.0 459.0 41.0 107.0
person 822.0 464.0 50.0 113.0
person 1023.0 527.0 41.0 116.0
person 969.0 468.0 49.0 134.0
person 1468.0 437.0 37.0 80.0
person 1484.0 432.0 52.0 89.0
