person 1075.0 611.0 65.0 213.0
person 1117.0 625.0 73.0 207.0
person 1409.0 507.0 46.0 104.0
person 1142.0 604.0 62.0 188.0
person 956.0 647.0 52.0 165.0
person 1039.0 614.0 68.0 195.0
person 1282.0 667.0 78.0 187.0
person 1602.0 644.0 74.0 182.0
person 1575.0 630.0 58.0 164.0
person 1579.0 609.0 76.0 181.0
person 1667.0 642.0 72.0 191.0
person 487.0 695.0 87.0 226.0
person 564.0 709.0 81.0 220.0
person 546.0 751.0 101.0 220.0
person 344.0 727.0 84.0 208.0
person 181.0 896.0 125.0 184.0
person 831.0 591.0 64.0 173.0
person 1443.0 610.0 66.0 199.0
person 1185.0 674.0 77.0 221.0
person 1248.0 696.0 85.0 200.0
person 783.0 624.0 76.0 157.0
person 1491.0 683.0 57.0 127.0
person 1471.0 658.0 68.0 161.0
person 1538.0 658.0 88.0 217.0
person 1575.0 658.0 82.0 218.0
person 1605.0 691.0 114.0 221.0
person 1512.0 634.0 72.0 193.0
person 1703.0 702.0 95.0 206.0
person 1197.0 569.0 61.0 143.0
person 1146.0 554.0 74.0 164.0
person 874.0 560.0 66.0 173.0
person 872.0 539.0 85.0 169.0
person 1088.0 545.0 52.0 112.0
person 1017.0 528.0 57.0 137.0
person 964.0 504.0 62.0 139.0
person 854.0 515.0 60.0 128.0
person 778.0 509.0 49.0 137.0
person 1040.0 494.0 54.0 125.0
person 992.0 491.0 48.0 126.0
person 954.0 481.0 49.0 141.0
person 917.0 489.0 50.0 131.0
person 801.0 483.0 54.0 125.0
person 980.0 471.0 54.0 115.0
person 846.0 460.0 52.0 130.0
person 811.0 448.0 40.0 107.0
person 1021.0 519.0 42.0 116.0
person 937.0 459.0 49.0 134.0
person 1464.0 438.0 38.0 80.0
person 1477.0 430.0 52.0 89.0
