person 1067.0 613.0 67.0 213.0
person 1109.0 627.0 74.0 209.0
person 1410.0 507.0 47.0 104.0
person 1136.0 604.0 62.0 188.0
person 957.0 650.0 52.0 164.0
person 1051.0 616.0 68.0 197.0
person 1297.0 669.0 80.0 190.0
person 1609.0 645.0 72.0 186.0
person 1590.0 629.0 58.0 164.0
person 1586.0 610.0 75.0 181.0
person 1672.0 642.0 72.0 193.0
person 491.0 692.0 87.0 226.0
person 569.0 707.0 81.0 217.0
person 552.0 747.0 100.0 220.0
person 353.0 725.0 85.0 208.0
person 169.0 902.0 132.0 178.0
person 829.0 588.0 64.0 173.0
person 1437.0 606.0 65.0 199.0
person 1193.0 674.0 78.0 221.0
person 1249.0 697.0 86.0 201.0
person 768.0 621.0 78.0 158.0
person 1491.0 680.0 57.0 127.0
person 1466.0 654.0 69.0 160.0
person 1544.0 656.0 88.0 217.0
person 1573.0 654.0 79.0 218.0
person 1585.0 687.0 110.0 221.0
person 1514.0 631.0 71.0 194.0
person 1689.0 701.0 93.0 204.0
person 1202.0 570.0 62.0 143.0
person 1153.0 555.0 74.0 168.0
person 880.0 564.0 66.0 173.0
person 853.0 539.0 85.0 169.0
person 1092.0 548.0 54.0 112.0
person 1019.0 530.0 58.0 137.0
person 961.0 505.0 61.0 139.0
person 854.0 516.0 60.0 128.0
person 780.0 511.0 49.0 137.0
person 1043.0 494.0 54.0 125.0
person 994.0 492.0 50.0 129.0
person 954.0 481.0 49.0 141.0
person 921.0 492.0 50.0 131.0
person 801.0 486.0 54.0 125.0
person 985.0 471.0 53.0 115.0
person 850.0 461.0 56.0 130.0
person 817.0 451.0 40.0 107.0
person 793.0 456.0 52.0 112.0
person 1024.0 521.0 42.0 116.0
person 945.0 461.0 50.0 134.0
person 1465.0 438.0 38.0 80.0
person 1479.0 431.0 52.0 89.0
