person 1057.0 615.0 70.0 214.0
person 1099.0 630.0 76.0 211.0
person 1405.0 504.0 46.0 104.0
person 1120.0 604.0 66.0 188.0
person 958.0 654.0 52.0 163.0
person 1044.0 614.0 105.0 194.0
person 1312.0 669.0 76.0 190.0
person 1616.0 647.0 73.0 189.0
person 1609.0 627.0 58.0 164.0
person 1596.0 612.0 74.0 181.0
person 1679.0 642.0 72.0 196.0
person 497.0 690.0 86.0 226.0
person 575.0 704.0 81.0 213.0
person 559.0 743.0 100.0 220.0
person 357.0 724.0 85.0 208.0
person 142.0 906.0 130.0 174.0
person 826.0 586.0 65.0 173.0
person 1429.0 602.0 65.0 197.0
person 1204.0 673.0 83.0 221.0
person 1251.0 698.0 86.0 202.0
person 750.0 617.0 81.0 159.0
person 1491.0 678.0 57.0 127.0
person 1461.0 651.0 69.0 158.0
person 1551.0 654.0 89.0 217.0
person 1571.0 651.0 79.0 218.0
person 1563.0 679.0 106.0 222.0
person 1518.0 628.0 70.0 193.0
person 1664.0 691.0 78.0 205.0
person 1209.0 572.0 61.0 143.0
person 1164.0 556.0 73.0 173.0
person 873.0 564.0 67.0 173.0
person 829.0 537.0 84.0 169.0
person 1089.0 548.0 54.0 112.0
person 1017.0 530.0 58.0 137.0
person 957.0 506.0 61.0 139.0
person 851.0 518.0 62.0 129.0
person 783.0 513.0 49.0 137.0
person 1040.0 499.0 54.0 125.0
person 993.0 493.0 53.0 131.0
person 953.0 481.0 50.0 141.0
person 918.0 493.0 49.0 131.0
person 793.0 485.0 54.0 125.0
person 991.0 471.0 53.0 116.0
person 852.0 464.0 58.0 130.0
person 825.0 456.0 41.0 107.0
person 804.0 458.0 51.0 112.0
person 1019.0 522.0 42.0 116.0
person 957.0 465.0 50.0 134.0
person 1466.0 438.0 38.0 80.0
person 1482.0 431.0 52.0 89.0
