person 1077.0 611.0 64.0 212.0
person 1119.0 625.0 73.0 206.0
person 1408.0 507.0 47.0 104.0
person 1143.0 604.0 62.0 188.0
person 955.0 646.0 52.0 165.0
person 1036.0 613.0 68.0 195.0
person 1277.0 666.0 78.0 186.0
person 1601.0 644.0 73.0 181.0
person 1571.0 630.0 58.0 164.0
person 1575.0 609.0 76.0 181.0
person 1664.0 641.0 72.0 191.0
person 486.0 695.0 87.0 227.0
person 563.0 710.0 81.0 221.0
person 545.0 752.0 100.0 220.0
person 341.0 727.0 85.0 208.0
person 184.0 895.0 124.0 185.0
person 831.0 591.0 64.0 174.0
person 1444.0 611.0 66.0 199.0
person 1183.0 674.0 77.0 221.0
person 1248.0 696.0 85.0 200.0
person 786.0 624.0 76.0 158.0
person 1491.0 683.0 57.0 127.0
person 1471.0 658.0 68.0 161.0
person 1536.0 659.0 88.0 217.0
person 1575.0 659.0 83.0 218.0
person 1609.0 691.0 113.0 222.0
person 1512.0 635.0 72.0 193.0
person 1709.0 703.0 93.0 206.0
person 1196.0 569.0 61.0 143.0
person 1144.0 554.0 74.0 163.0
person 872.0 559.0 66.0 173.0
person 876.0 539.0 86.0 169.0
person 1087.0 544.0 52.0 112.0
person 1016.0 528.0 58.0 137.0
person 963.0 504.0 62.0 138.0
person 853.0 515.0 61.0 128.0
person 777.0 509.0 49.0 137.0
person 1040.0 494.0 54.0 125.0
person 992.0 491.0 47.0 125.0
person 955.0 482.0 49.0 140.0
person 916.0 489.0 50.0 131.0
person 801.0 483.0 54.0 125.0
person 978.0 470.0 53.0 116.0
person 845.0 459.0 51.0 130.0
person 807.0 448.0 40.0 107.0
person 1021.0 519.0 42.0 116.0
person 935.0 459.0 49.0 134.0
person 1464.0 438.0 38.0 80.0
person 1476.0 430.0 52.0 89.0
