person 1044.0 631.0 75.0 216.0
person 1091.0 643.0 85.0 216.0
person 1417.0 509.0 49.0 104.0
person 1097.0 616.0 74.0 188.0
person 1009.0 667.0 52.0 159.0
person 1127.0 626.0 91.0 200.0
person 1367.0 673.0 67.0 196.0
person 1642.0 657.0 73.0 181.0
person 1669.0 633.0 58.0 164.0
person 1623.0 618.0 74.0 181.0
person 1707.0 647.0 73.0 200.0
person 523.0 692.0 85.0 228.0
person 585.0 711.0 81.0 200.0
person 591.0 749.0 100.0 215.0
person 365.0 732.0 85.0 197.0
person 102.0 945.0 112.0 135.0
person 836.0 588.0 65.0 169.0
person 1433.0 597.0 65.0 196.0
person 1253.0 672.0 87.0 220.0
person 1313.0 701.0 70.0 202.0
person 740.0 623.0 82.0 160.0
person 1504.0 670.0 58.0 128.0
person 1499.0 645.0 66.0 155.0
person 1597.0 649.0 81.0 218.0
person 1571.0 646.0 79.0 218.0
person 1519.0 667.0 109.0 222.0
person 1537.0 619.0 70.0 194.0
person 1610.0 684.0 99.0 200.0
person 1252.0 578.0 62.0 145.0
person 1207.0 561.0 74.0 173.0
person 895.0 580.0 71.0 178.0
person 787.0 548.0 84.0 169.0
person 1109.0 560.0 48.0 112.0
person 1035.0 545.0 58.0 137.0
person 969.0 517.0 61.0 139.0
person 861.0 531.0 64.0 130.0
person 797.0 529.0 48.0 137.0
person 1069.0 506.0 54.0 125.0
person 1017.0 502.0 54.0 131.0
person 979.0 492.0 49.0 140.0
person 935.0 506.0 49.0 131.0
person 805.0 505.0 54.0 125.0
person 1026.0 488.0 54.0 116.0
person 860.0 474.0 58.0 131.0
person 873.0 463.0 43.0 107.0
person 851.0 471.0 45.0 113.0
person 788.0 458.0 45.0 127.0
person 1031.0 535.0 41.0 116.0
person 986.0 473.0 50.0 134.0
person 1470.0 437.0 37.0 80.0
person 1488.0 432.0 52.0 89.0
