person 1073.0 612.0 65.0 212.0
person 1115.0 626.0 74.0 207.0
person 1409.0 507.0 47.0 104.0
person 1140.0 604.0 62.0 188.0
person 956.0 648.0 52.0 165.0
person 1042.0 614.0 68.0 196.0
person 1286.0 667.0 79.0 188.0
person 1604.0 645.0 73.0 182.0
person 1579.0 630.0 58.0 164.0
person 1580.0 609.0 76.0 181.0
person 1668.0 642.0 72.0 191.0
person 488.0 694.0 87.0 226.0
person 565.0 708.0 81.0 220.0
person 548.0 750.0 100.0 220.0
person 346.0 726.0 84.0 208.0
person 178.0 898.0 127.0 182.0
person 830.0 590.0 64.0 173.0
person 1441.0 609.0 66.0 199.0
person 1187.0 674.0 77.0 221.0
person 1248.0 697.0 86.0 200.0
person 779.0 623.0 76.0 157.0
person 1491.0 682.0 57.0 127.0
person 1469.0 657.0 69.0 160.0
person 1539.0 658.0 88.0 217.0
person 1574.0 657.0 82.0 218.0
person 1600.0 690.0 113.0 221.0
person 1513.0 633.0 71.0 194.0
person 1697.0 701.0 98.0 206.0
person 1198.0 569.0 62.0 143.0
person 1148.0 554.0 74.0 166.0
person 875.0 561.0 66.0 173.0
person 867.0 539.0 85.0 169.0
person 1089.0 545.0 53.0 112.0
person 1017.0 529.0 58.0 137.0
person 963.0 504.0 62.0 139.0
person 854.0 515.0 60.0 128.0
person 778.0 510.0 49.0 137.0
person 1041.0 494.0 54.0 125.0
person 993.0 491.0 48.0 127.0
person 954.0 481.0 49.0 141.0
person 918.0 490.0 50.0 131.0
person 801.0 484.0 54.0 125.0
person 981.0 471.0 54.0 115.0
person 847.0 460.0 53.0 130.0
person 812.0 448.0 40.0 107.0
person 787.0 456.0 53.0 112.0
person 1022.0 520.0 42.0 116.0
person 939.0 460.0 49.0 134.0
person 1465.0 438.0 37.0 80.0
person 1477.0 430.0 52.0 89.0
