person 1061.0 614.0 68.0 213.0
person 1103.0 629.0 75.0 210.0
person 1409.0 506.0 46.0 104.0
person 1133.0 605.0 62.0 187.0
person 957.0 652.0 52.0 164.0
person 1047.0 615.0 90.0 195.0
person 1306.0 669.0 77.0 190.0
person 1613.0 646.0 73.0 188.0
person 1601.0 628.0 58.0 164.0
person 1592.0 611.0 75.0 181.0
person 1676.0 642.0 72.0 195.0
person 494.0 690.0 87.0 226.0
person 572.0 705.0 82.0 215.0
person 556.0 744.0 100.0 220.0
person 355.0 724.0 85.0 208.0
person 156.0 906.0 134.0 174.0
person 827.0 587.0 65.0 173.0
person 1432.0 604.0 66.0 197.0
person 1200.0 674.0 78.0 221.0
person 1250.0 698.0 86.0 201.0
person 757.0 618.0 80.0 159.0
person 1491.0 679.0 57.0 127.0
person 1463.0 652.0 69.0 159.0
person 1548.0 655.0 89.0 217.0
person 1571.0 651.0 79.0 218.0
person 1571.0 683.0 107.0 222.0
person 1516.0 630.0 70.0 193.0
person 1676.0 696.0 84.0 204.0
person 1206.0 571.0 62.0 143.0
person 1159.0 555.0 73.0 172.0
person 875.0 564.0 67.0 173.0
person 839.0 539.0 84.0 169.0
person 1090.0 548.0 54.0 112.0
person 1021.0 532.0 58.0 137.0
person 958.0 505.0 62.0 139.0
person 855.0 518.0 60.0 128.0
person 782.0 512.0 49.0 137.0
person 1042.0 497.0 54.0 124.0
person 995.0 493.0 52.0 131.0
person 953.0 481.0 50.0 141.0
person 925.0 495.0 50.0 131.0
person 801.0 489.0 54.0 125.0
person 988.0 471.0 54.0 116.0
person 852.0 462.0 58.0 130.0
person 822.0 454.0 40.0 107.0
person 800.0 457.0 51.0 112.0
person 1021.0 522.0 42.0 116.0
person 952.0 463.0 50.0 134.0
person 1466.0 438.0 37.0 80.0
person 1481.0 431.0 52.0 89.0
