person 1063.0 613.0 68.0 214.0
person 1105.0 628.0 75.0 210.0
person 1411.0 507.0 47.0 104.0
person 1134.0 604.0 62.0 188.0
person 957.0 652.0 52.0 164.0
person 1048.0 615.0 83.0 196.0
person 1303.0 669.0 78.0 190.0
person 1612.0 646.0 72.0 187.0
person 1598.0 628.0 58.0 164.0
person 1590.0 611.0 75.0 181.0
person 1675.0 642.0 72.0 194.0
person 493.0 691.0 87.0 226.0
person 571.0 706.0 82.0 215.0
person 554.0 745.0 101.0 220.0
person 354.0 724.0 85.0 208.0
person 164.0 906.0 135.0 174.0
person 828.0 587.0 64.0 173.0
person 1434.0 605.0 65.0 197.0
person 1197.0 674.0 78.0 221.0
person 1250.0 698.0 86.0 201.0
person 761.0 619.0 79.0 159.0
person 1491.0 679.0 57.0 127.0
person 1464.0 653.0 69.0 159.0
person 1547.0 655.0 89.0 217.0
person 1572.0 652.0 78.0 218.0
person 1575.0 685.0 108.0 222.0
person 1515.0 630.0 70.0 193.0
person 1682.0 699.0 87.0 203.0
person 1205.0 571.0 61.0 143.0
person 1157.0 555.0 73.0 171.0
person 877.0 564.0 66.0 173.0
person 844.0 539.0 84.0 169.0
person 1091.0 548.0 54.0 112.0
person 1020.0 531.0 58.0 137.0
person 959.0 505.0 62.0 139.0
person 854.0 517.0 60.0 128.0
person 782.0 512.0 48.0 137.0
person 1043.0 496.0 54.0 124.0
person 995.0 493.0 51.0 130.0
person 953.0 481.0 50.0 141.0
person 923.0 494.0 50.0 131.0
person 801.0 488.0 54.0 125.0
person 987.0 471.0 54.0 116.0
person 852.0 462.0 58.0 130.0
person 820.0 453.0 41.0 107.0
person 798.0 457.0 51.0 112.0
person 1022.0 521.0 42.0 116.0
person 950.0 463.0 49.0 134.0
person 1466.0 438.0 37.0 80.0
person 1480.0 431.0 52.0 89.0
