person 1040.0 634.0 76.0 217.0
person 1085.0 648.0 91.0 217.0
person 1415.0 504.0 52.0 105.0
person 1094.0 619.0 73.0 188.0
person 1022.0 670.0 52.0 159.0
person 1148.0 629.0 85.0 201.0
person 1382.0 674.0 65.0 198.0
person 1653.0 652.0 73.0 195.0
person 1683.0 634.0 58.0 164.0
person 1632.0 620.0 75.0 181.0
person 1716.0 649.0 73.0 200.0
person 529.0 692.0 85.0 229.0
person 592.0 711.0 80.0 206.0
person 604.0 744.0 98.0 214.0
person 365.0 738.0 85.0 190.0
person 85.0 954.0 126.0 127.0
person 839.0 589.0 65.0 168.0
person 1436.0 597.0 65.0 196.0
person 1272.0 672.0 77.0 220.0
person 1321.0 703.0 70.0 202.0
person 739.0 624.0 81.0 161.0
person 1510.0 670.0 58.0 128.0
person 1505.0 645.0 64.0 155.0
person 1617.0 649.0 76.0 218.0
person 1571.0 643.0 79.0 218.0
person 1510.0 664.0 111.0 218.0
person 1542.0 619.0 70.0 194.0
person 1594.0 683.0 106.0 198.0
person 1264.0 580.0 62.0 146.0
person 1217.0 562.0 74.0 173.0
person 899.0 583.0 73.0 180.0
person 775.0 546.0 81.0 169.0
person 1116.0 560.0 48.0 112.0
person 1037.0 547.0 58.0 137.0
person 973.0 520.0 61.0 139.0
person 868.0 534.0 64.0 130.0
person 801.0 534.0 48.0 137.0
person 1073.0 510.0 53.0 125.0
person 1023.0 504.0 54.0 131.0
person 985.0 494.0 50.0 140.0
person 938.0 509.0 50.0 132.0
person 805.0 505.0 54.0 125.0
person 1031.0 488.0 54.0 116.0
person 866.0 477.0 58.0 131.0
person 881.0 464.0 45.0 107.0
person 860.0 471.0 42.0 113.0
person 794.0 465.0 45.0 127.0
person 1034.0 538.0 41.0 116.0
person 992.0 476.0 50.0 134.0
person 1470.0 437.0 37.0 80.0
person 1490.0 432.0 52.0 89.0
