person 1 449 808 116 269
person 1 338 813 128 266
person 1 744 786 98 227
person 1 660 773 110 241
person 1 843 597 71 183
person 1 962 631 80 176
person 1 1446 559 61 97
person 1 1430 681 92 234
person 1 1095 691 77 213
person 1 1162 690 76 198
person 1 1539 670 81 193
person 1 970 510 60 135
person 1 1571 830 110 217
person 1 804 545 51 140
person 1 1114 584 62 144
person 1 1059 487 47 120
person 1 910 532 62 134
person 1 1275 482 50 99
person 1 895 606 68 170
person 1 1521 564 54 100
person 1 856 534 61 141
person 1 1063 655 73 187
person 1 1194 615 64 174
person 1 1245 648 58 171
person 1 1840 785 79 233
person 1 1066 590 60 147
person 1 1022 679 60 126
person 1 1012 592 61 147
