person 1 751 747 96 218
person 1 808 567 81 182
person 1 414 810 120 265
person 1 279 809 134 268
person 1 664 736 100 236
person 1 1024 657 82 210
person 1 1438 540 62 99
person 1 1108 655 81 202
person 1 1484 686 99 222
person 1 1134 581 66 178
person 1 1057 468 48 122
person 1 944 603 72 169
person 1 1517 549 53 104
person 1 946 480 55 138
person 1 1375 661 86 196
person 1 1251 468 56 99
person 1 1792 854 97 225
person 1 890 504 62 139
person 1 1100 552 60 144
person 1 1719 808 105 226
person 1 980 558 66 150
person 1 837 507 61 139
person 1 889 571 65 167
person 1 1241 658 82 197
person 1 792 521 52 133
person 1 1199 586 58 164
person 1 1290 466 49 89
person 1 1001 644 54 139
