person 1 722 808 111 241
person 1 388 758 123 257
person 1 614 791 107 264
person 1 507 760 109 269
person 1 1184 695 87 232
person 1 989 640 88 181
person 1 1409 695 85 223
person 1 868 597 91 198
person 1 1580 782 128 228
person 1 1445 547 59 94
person 1 1291 811 107 218
person 1 806 542 53 140
person 1 1054 473 48 120
person 1 1147 660 76 200
person 1 1524 552 53 98
person 1 1561 667 82 200
person 1 1007 511 61 144
person 1 925 603 84 181
person 1 1102 588 63 167
person 1 882 509 59 124
person 1 1 992 40 87
person 1 734 463 52 125
person 1 1049 588 63 159
person 1 1185 579 60 163
person 1 794 482 50 117
person 1 1216 600 53 157
person 1 56 1044 66 35
person 1 830 520 52 120
