person 1 1483 769 118 231
person 1 708 812 114 241
person 1 590 803 116 259
person 1 403 732 120 252
person 1 514 736 107 265
person 1 1417 699 85 220
person 1 886 602 86 193
person 1 1441 530 62 98
person 1 1174 787 116 231
person 1 1010 649 87 181
person 1 1571 658 83 208
person 1 753 453 59 139
person 1 1109 580 70 173
person 1 1045 458 47 121
person 1 1014 502 63 140
person 1 807 535 53 142
person 1 1519 533 54 100
person 1 882 497 63 139
person 1 1 972 49 106
person 1 831 469 53 122
person 1 1059 586 66 160
person 1 1297 700 78 220
person 1 51 1019 85 58
person 1 1192 656 88 206
person 1 965 525 64 144
person 1 1077 675 63 149
person 1 935 600 73 185
