person 1 379 769 123 267
person 1 497 771 109 274
person 1 1647 783 115 233
person 1 636 792 101 254
person 1 722 804 107 238
person 1 1446 550 61 93
person 1 873 609 71 183
person 1 978 645 87 175
person 1 1172 699 85 221
person 1 1004 514 60 137
person 1 1357 828 110 210
person 1 1119 658 83 205
person 1 1524 553 54 100
person 1 808 549 53 134
person 1 1560 672 78 202
person 1 915 605 81 184
person 1 1056 477 48 122
person 1 580 760 89 226
person 1 1249 700 83 211
person 1 777 485 52 115
person 1 947 533 62 139
person 1 1097 593 65 159
person 1 1161 585 59 156
person 1 897 539 61 131
person 1 1218 605 55 162
person 1 1042 599 61 148
person 1 832 529 49 118
person 1 1392 701 89 210
