person 1 465 806 117 270
person 1 734 802 101 228
person 1 850 602 84 187
person 1 651 788 107 242
person 1 346 800 130 274
person 1 1505 828 105 221
person 1 966 645 82 176
person 1 1443 561 61 95
person 1 1128 697 78 216
person 1 1388 681 98 229
person 1 1188 698 79 201
person 1 1793 789 108 230
person 1 799 547 56 145
person 1 1056 487 48 122
person 1 1550 680 79 192
person 1 1080 653 74 204
person 1 1519 566 54 98
person 1 984 524 55 133
person 1 1284 481 52 103
person 1 523 784 97 235
person 1 1327 700 87 209
person 1 1508 661 76 185
person 1 923 539 60 137
person 1 867 536 63 140
person 1 1216 620 65 179
person 1 898 610 67 170
person 1 1119 583 61 157
person 1 1242 636 60 186
person 1 1017 597 61 154
person 1 1081 596 59 150
person 1 1039 683 58 136
