person 1 328 806 128 273
person 1 443 814 120 263
person 1 663 768 102 238
person 1 751 777 98 222
person 1 1614 828 130 219
person 1 836 589 73 183
person 1 1071 680 79 215
person 1 1446 555 61 97
person 1 957 632 80 168
person 1 1147 679 75 207
person 1 1112 574 64 150
person 1 895 595 66 169
person 1 1175 606 68 174
person 1 969 506 58 135
person 1 1059 483 47 121
person 1 1457 682 96 229
person 1 1266 479 54 100
person 1 905 520 61 139
person 1 1520 562 54 99
person 1 849 524 61 142
person 1 804 539 51 134
person 1 1521 667 86 189
person 1 1247 636 61 184
person 1 1053 579 70 148
person 1 999 581 62 147
