person 1 628 791 106 256
person 1 382 765 123 263
person 1 499 769 110 266
person 1 721 807 108 238
person 1 871 608 77 187
person 1 978 645 89 176
person 1 1635 784 108 229
person 1 1179 698 82 223
person 1 1445 550 62 93
person 1 1526 554 53 100
person 1 1129 658 79 207
person 1 1346 824 99 209
person 1 1004 513 61 136
person 1 1057 476 47 120
person 1 1564 668 78 202
person 1 917 606 77 184
person 1 807 549 53 133
person 1 1099 590 65 163
person 1 781 484 53 115
person 1 897 538 61 135
person 1 1399 696 85 210
person 1 1255 697 86 218
person 1 581 757 88 231
person 1 1215 603 56 160
person 1 1165 583 58 160
person 1 948 534 62 139
person 1 0 1006 41 73
person 1 829 525 54 114
person 1 1047 597 60 147
person 1 1059 685 62 132
