person 1 665 776 102 238
person 1 340 808 130 272
person 1 749 789 99 224
person 1 1091 693 80 216
person 1 454 812 120 263
person 1 844 595 70 182
person 1 1615 834 125 219
person 1 1166 690 75 206
person 1 1451 560 60 95
person 1 963 638 80 168
person 1 1062 487 47 122
person 1 1118 581 64 150
person 1 974 515 60 133
person 1 1273 483 53 100
person 1 1193 612 67 172
person 1 1523 564 54 104
person 1 897 604 66 171
person 1 1446 688 91 223
person 1 1533 677 81 186
person 1 857 527 61 143
person 1 1250 642 59 181
person 1 913 528 60 138
person 1 809 545 50 137
person 1 1065 588 68 147
person 1 1008 590 63 144
