person 1 362 808 123 267
person 1 213 810 139 268
person 1 807 535 71 164
person 1 756 696 96 215
person 1 669 687 97 227
person 1 1038 611 83 199
person 1 1436 514 60 98
person 1 1446 636 82 208
person 1 1560 675 102 236
person 1 1181 615 72 197
person 1 964 612 76 201
person 1 1667 829 106 248
person 1 1049 437 49 126
person 1 1505 515 54 100
person 1 1092 544 77 177
person 1 1240 441 68 107
person 1 937 557 80 174
person 1 1638 669 86 216
person 1 870 536 63 161
person 1 746 471 51 104
person 1 894 454 59 130
person 1 818 467 56 134
person 1 789 491 52 127
person 1 1014 516 64 145
person 1 1072 512 58 143
