person 1 1443 549 63 97
person 1 818 586 87 178
person 1 664 756 102 239
person 1 317 815 131 265
person 1 753 771 101 221
person 1 1059 664 79 221
person 1 1134 676 81 209
person 1 433 812 115 267
person 1 1464 674 95 235
person 1 953 621 75 167
person 1 1683 831 91 210
person 1 1161 600 66 173
person 1 1060 482 47 117
person 1 1265 476 55 101
person 1 1263 680 81 207
person 1 1517 558 53 103
person 1 963 509 57 130
person 1 901 519 60 135
person 1 1109 575 61 152
person 1 848 526 60 131
person 1 1839 859 80 222
person 1 896 594 64 168
person 1 1053 576 64 146
person 1 797 541 53 139
person 1 995 585 66 137
person 1 1209 603 57 171
