person 1 667 716 96 227
person 1 251 802 132 273
person 1 755 722 96 213
person 1 1507 676 102 232
person 1 1439 526 60 98
person 1 400 805 119 269
person 1 1208 633 78 190
person 1 1721 844 109 238
person 1 805 543 69 175
person 1 998 635 74 209
person 1 1065 632 87 197
person 1 1053 454 49 126
person 1 1582 675 82 220
person 1 934 579 81 170
person 1 883 559 65 159
person 1 1404 645 84 203
person 1 1512 533 55 101
person 1 881 486 66 135
person 1 1113 569 67 186
person 1 1261 452 65 108
person 1 1232 454 57 102
person 1 789 506 53 130
person 1 829 493 56 135
person 1 921 469 54 129
person 1 1092 528 63 156
person 1 1197 584 60 166
person 1 811 460 50 120
person 1 769 488 49 108
person 1 1030 538 60 142
person 1 1839 776 75 245
