person 1 390 751 123 259
person 1 725 805 110 240
person 1 510 757 110 268
person 1 610 787 108 265
person 1 1193 691 83 234
person 1 875 597 87 195
person 1 1586 777 119 232
person 1 1409 691 85 223
person 1 1446 543 60 94
person 1 808 540 54 142
person 1 991 640 90 181
person 1 1264 805 109 226
person 1 1009 507 61 142
person 1 1561 662 82 201
person 1 929 599 83 185
person 1 1152 660 77 201
person 1 1525 548 53 99
person 1 1054 470 48 121
person 1 1107 585 64 164
person 1 0 986 43 88
person 1 886 506 58 124
person 1 1054 588 62 158
person 1 796 480 51 118
person 1 1193 579 60 164
person 1 733 458 52 126
person 1 1221 597 55 158
person 1 832 518 50 116
person 1 958 527 64 146
person 1 60 1040 61 34
