person 1 720 802 106 239
person 1 379 765 124 267
person 1 629 793 106 250
person 1 503 764 107 275
person 1 1619 782 123 227
person 1 1331 816 110 218
person 1 1445 544 60 93
person 1 1178 701 83 216
person 1 980 642 86 173
person 1 1259 691 84 217
person 1 807 550 53 134
person 1 1522 551 54 96
person 1 1128 655 83 203
person 1 1006 511 59 138
person 1 875 611 72 181
person 1 1054 473 47 121
person 1 916 606 81 182
person 1 1563 670 80 199
person 1 583 750 90 234
person 1 775 479 50 115
person 1 948 530 62 141
person 1 1100 593 63 160
person 1 1167 584 61 155
person 1 900 536 61 133
person 1 1218 600 56 165
person 1 829 527 48 115
person 1 1044 594 60 150
person 1 1308 474 52 99
