person 1 636 794 108 247
person 1 723 803 106 236
person 1 377 773 125 267
person 1 494 780 109 277
person 1 1373 819 104 218
person 1 1657 787 124 230
person 1 1246 700 84 215
person 1 977 648 85 175
person 1 1170 703 83 215
person 1 1447 551 61 93
person 1 808 552 53 135
person 1 1525 556 53 99
person 1 873 612 71 181
person 1 1005 513 59 139
person 1 1058 478 48 122
person 1 914 608 79 181
person 1 1557 675 79 200
person 1 1114 665 82 194
person 1 773 485 51 118
person 1 944 534 62 140
person 1 580 757 86 236
person 1 1155 589 58 153
person 1 895 540 60 134
person 1 1096 595 63 156
person 1 1041 599 62 153
person 1 1218 611 58 158
person 1 1312 477 50 98
