person 1 377 774 125 267
person 1 724 804 106 236
person 1 639 794 108 247
person 1 494 780 110 275
person 1 1665 793 127 229
person 1 978 648 85 178
person 1 872 611 74 182
person 1 1241 705 87 210
person 1 1377 818 108 220
person 1 1445 549 61 92
person 1 1114 664 80 197
person 1 1523 557 55 96
person 1 1170 708 82 214
person 1 1005 516 59 137
person 1 1558 676 76 201
person 1 578 763 87 233
person 1 810 553 52 134
person 1 943 533 62 140
person 1 1057 481 47 122
person 1 913 607 77 183
person 1 892 539 61 136
person 1 769 484 50 120
person 1 1155 589 57 152
person 1 1094 595 62 156
person 1 1040 599 61 150
person 1 1311 481 53 99
person 1 1219 609 58 161
