person 1 393 807 121 272
person 1 755 722 97 216
person 1 666 711 98 230
person 1 250 808 130 271
person 1 995 628 76 209
person 1 1207 636 82 199
person 1 805 542 71 179
person 1 1439 521 62 103
person 1 1516 670 97 232
person 1 1064 635 78 193
person 1 1720 844 109 233
person 1 933 573 81 173
person 1 1052 453 50 127
person 1 1583 673 83 219
person 1 1409 651 82 200
person 1 1514 531 55 103
person 1 882 486 65 135
person 1 1264 452 69 106
person 1 1114 559 68 178
person 1 788 511 53 126
person 1 1474 618 76 188
person 1 883 558 64 159
person 1 1816 786 95 224
person 1 828 489 58 141
person 1 1029 538 60 136
person 1 767 487 50 107
person 1 928 472 53 126
person 1 1089 526 62 161
person 1 1234 450 54 103
person 1 812 459 53 118
person 1 1196 584 56 159
person 1 968 539 60 149
