person 1 1414 698 84 221
person 1 512 742 108 263
person 1 716 812 113 240
person 1 400 738 117 256
person 1 873 597 94 197
person 1 602 805 109 255
person 1 1525 771 114 228
person 1 1444 536 60 95
person 1 1223 791 96 229
person 1 1000 645 90 180
person 1 1011 505 63 141
person 1 744 455 56 138
person 1 1049 461 47 125
person 1 1103 582 68 172
person 1 808 536 53 136
person 1 930 602 75 184
person 1 1521 538 55 99
person 1 1570 655 80 209
person 1 1197 695 91 222
person 1 882 499 64 136
person 1 1 976 46 103
person 1 1068 676 66 146
person 1 821 476 51 122
person 1 50 1027 75 51
person 1 1055 585 63 163
person 1 913 526 55 136
person 1 1281 690 93 231
person 1 963 516 61 160
person 1 836 512 55 128
