person 1 665 698 94 227
person 1 1528 675 102 231
person 1 755 710 96 212
person 1 377 814 118 263
person 1 233 807 131 272
person 1 1195 621 78 200
person 1 804 539 69 170
person 1 981 619 77 205
person 1 1437 517 60 98
person 1 1051 624 88 199
person 1 876 547 66 161
person 1 1696 837 110 240
person 1 1418 642 86 202
person 1 1612 670 81 220
person 1 1049 443 49 126
person 1 934 572 83 166
person 1 1509 523 53 101
person 1 874 479 62 131
person 1 1256 446 63 106
person 1 1224 445 55 101
person 1 1100 560 68 188
person 1 786 499 54 130
person 1 911 459 55 129
person 1 1021 526 60 143
person 1 823 485 55 133
person 1 1079 523 61 155
person 1 757 482 46 106
person 1 804 456 49 118
