person 1 667 684 99 223
person 1 807 524 71 171
person 1 757 692 96 208
person 1 345 815 130 261
person 1 198 813 142 266
person 1 953 607 77 198
person 1 1168 606 68 197
person 1 1027 609 84 196
person 1 1433 511 60 99
person 1 1580 675 112 233
person 1 1653 832 103 245
person 1 1469 639 78 204
person 1 1048 436 50 123
person 1 1503 514 53 102
person 1 1089 547 78 178
person 1 1231 440 66 109
person 1 1664 669 82 210
person 1 863 534 62 159
person 1 1233 592 59 189
person 1 1430 598 80 178
person 1 874 467 54 131
person 1 785 488 52 133
person 1 1006 509 64 144
person 1 815 457 54 127
person 1 738 473 45 107
person 1 767 452 50 113
person 1 1069 512 53 145
person 1 1365 1020 99 57
person 1 916 540 60 154
person 1 948 519 61 150
