person 1 448 806 115 270
person 1 338 811 129 267
person 1 744 787 97 227
person 1 659 775 111 241
person 1 844 598 73 183
person 1 1447 560 62 96
person 1 1099 691 78 215
person 1 963 631 80 177
person 1 1542 671 82 194
person 1 1426 683 94 230
person 1 1169 691 74 203
person 1 1564 830 114 219
person 1 973 513 59 134
person 1 508 787 97 248
person 1 1060 486 48 121
person 1 1835 783 84 236
person 1 804 546 50 139
person 1 1277 482 50 99
person 1 1065 653 74 191
person 1 852 536 64 141
person 1 912 534 63 135
person 1 1520 566 54 97
person 1 1116 586 62 146
person 1 1195 615 66 177
person 1 1246 643 58 180
person 1 895 606 68 171
person 1 1061 588 64 151
person 1 1015 593 62 148
