person 1 480 791 114 279
person 1 362 790 128 276
person 1 652 788 102 251
person 1 851 609 93 188
person 1 734 800 102 236
person 1 1742 792 110 230
person 1 1444 825 121 225
person 1 1148 698 83 211
person 1 1555 677 80 198
person 1 1215 706 88 207
person 1 1447 559 63 93
person 1 972 645 83 179
person 1 1093 658 72 205
person 1 1059 486 49 123
person 1 1523 563 53 99
person 1 994 520 60 138
person 1 541 778 99 237
person 1 806 557 52 134
person 1 880 541 61 136
person 1 934 539 60 137
person 1 1299 480 53 98
person 1 1027 597 63 155
person 1 1513 657 78 184
person 1 1350 702 103 212
person 1 1088 598 66 153
person 1 1133 588 56 154
person 1 749 493 53 113
