person 1 728 805 107 235
person 1 650 796 104 251
person 1 373 781 122 272
person 1 488 787 111 277
person 1 860 609 84 185
person 1 1704 788 104 233
person 1 1154 707 80 208
person 1 972 651 85 177
person 1 1444 555 62 96
person 1 1428 824 93 217
person 1 1101 659 75 202
person 1 1229 704 85 211
person 1 1553 676 81 201
person 1 1524 562 54 98
person 1 1000 520 59 137
person 1 807 552 55 138
person 1 560 771 95 238
person 1 1057 483 48 122
person 1 887 538 62 141
person 1 1366 701 94 210
person 1 941 537 61 138
person 1 758 487 51 118
person 1 1137 586 59 154
person 1 1086 595 67 153
person 1 1307 477 51 101
person 1 1032 599 64 153
person 1 1217 612 58 160
