person 1 664 756 103 234
person 1 752 765 99 223
person 1 819 579 82 183
person 1 315 808 127 271
person 1 426 810 118 268
person 1 1443 548 62 98
person 1 1057 667 78 222
person 1 1132 670 78 206
person 1 1651 822 111 220
person 1 1469 678 89 228
person 1 951 622 79 164
person 1 1851 854 66 221
person 1 1059 481 47 119
person 1 1515 556 54 107
person 1 1260 476 54 101
person 1 1163 599 61 168
person 1 1106 570 62 150
person 1 960 503 57 134
person 1 1263 678 83 203
person 1 893 589 63 171
person 1 901 518 59 135
person 1 843 522 59 129
person 1 1049 571 67 149
person 1 988 578 66 143
person 1 1244 635 59 185
person 1 796 539 50 135
person 1 1206 604 54 163
