person 1 667 711 97 229
person 1 755 719 96 216
person 1 247 806 130 273
person 1 386 807 125 272
person 1 1205 632 80 194
person 1 805 541 71 177
person 1 1515 670 100 235
person 1 1439 519 61 100
person 1 1715 834 111 242
person 1 992 626 75 210
person 1 1053 451 49 127
person 1 932 570 82 171
person 1 1059 635 78 191
person 1 1588 674 85 216
person 1 880 552 64 160
person 1 878 480 66 137
person 1 1411 651 84 198
person 1 1515 530 55 102
person 1 1261 448 69 110
person 1 1110 556 66 175
person 1 788 507 54 130
person 1 1231 449 55 103
person 1 1468 616 75 186
person 1 825 489 57 139
person 1 1824 788 91 226
person 1 810 457 51 121
person 1 1083 522 63 161
person 1 1028 534 59 138
person 1 923 468 54 127
person 1 767 487 50 108
person 1 1193 582 58 162
person 1 970 539 62 147
