person 1 642 795 105 247
person 1 501 782 109 276
person 1 724 804 107 234
person 1 381 775 125 269
person 1 873 605 76 186
person 1 1674 791 121 232
person 1 981 646 87 180
person 1 1252 709 90 208
person 1 1174 715 79 211
person 1 1448 552 62 94
person 1 1560 677 78 200
person 1 811 555 53 133
person 1 582 757 88 236
person 1 1007 517 59 135
person 1 769 481 53 123
person 1 1398 825 89 209
person 1 1056 479 47 121
person 1 1526 557 52 98
person 1 1120 670 79 197
person 1 949 535 61 140
person 1 896 537 61 135
person 1 918 612 74 175
person 1 1158 588 60 156
person 1 1098 595 65 157
person 1 1311 475 52 101
person 1 1040 600 66 149
person 1 1223 609 58 161
person 1 1384 704 95 204
