person 1 262 807 136 271
person 1 1009 639 78 217
person 1 753 739 95 217
person 1 402 811 120 267
person 1 663 725 101 232
person 1 809 556 71 180
person 1 1223 643 82 202
person 1 1086 647 82 200
person 1 1497 676 102 228
person 1 938 593 78 171
person 1 1389 657 81 199
person 1 1437 533 63 100
person 1 888 569 62 165
person 1 1055 461 50 127
person 1 1515 544 56 102
person 1 883 495 65 137
person 1 1123 580 65 172
person 1 1277 461 66 108
person 1 1240 459 57 102
person 1 1192 588 62 168
person 1 1770 846 96 232
person 1 832 500 55 134
person 1 936 479 55 127
person 1 786 513 51 129
person 1 1095 547 60 148
person 1 1033 548 65 146
person 1 981 552 59 142
