person 1 443 816 120 263
person 1 332 809 130 270
person 1 749 782 99 223
person 1 662 770 103 238
person 1 1446 555 61 97
person 1 839 589 72 186
person 1 960 631 80 171
person 1 1082 684 78 212
person 1 1150 688 75 201
person 1 1604 828 119 215
person 1 1449 683 94 227
person 1 1059 482 47 122
person 1 1531 669 83 188
person 1 1114 576 63 149
person 1 1183 608 67 170
person 1 908 523 62 138
person 1 897 600 66 171
person 1 1269 480 52 99
person 1 970 509 58 131
person 1 853 521 60 145
person 1 1247 638 59 182
person 1 1519 562 53 100
person 1 805 538 51 139
person 1 1062 582 65 148
person 1 1004 584 62 144
