person 1 1411 695 85 228
person 1 511 745 106 275
person 1 397 744 118 260
person 1 716 808 113 244
person 1 867 599 101 199
person 1 606 797 111 261
person 1 995 643 87 182
person 1 1444 538 60 96
person 1 1551 777 124 226
person 1 808 541 54 139
person 1 740 456 54 132
person 1 1249 806 120 218
person 1 1050 465 48 122
person 1 1193 698 94 221
person 1 1008 505 62 145
person 1 1566 661 78 195
person 1 1163 657 80 199
person 1 929 602 78 183
person 1 1105 587 64 168
person 1 1524 546 52 97
person 1 883 501 63 129
person 1 811 475 51 125
person 1 1052 589 65 165
person 1 0 983 42 97
person 1 50 1036 71 41
person 1 832 521 49 119
