person 1 669 694 93 227
person 1 757 710 96 211
person 1 377 815 115 262
person 1 228 812 138 267
person 1 1546 671 101 240
person 1 1438 518 60 99
person 1 808 539 68 168
person 1 1686 837 105 240
person 1 977 615 77 205
person 1 1052 442 49 126
person 1 1195 621 73 196
person 1 1046 620 88 200
person 1 874 540 64 166
person 1 1428 648 85 200
person 1 936 567 82 167
person 1 1509 524 54 98
person 1 1625 675 76 209
person 1 1252 448 62 104
person 1 1102 552 72 176
person 1 792 496 54 133
person 1 1223 447 56 99
person 1 905 457 57 133
person 1 1021 522 59 141
person 1 756 476 48 106
person 1 822 480 56 132
person 1 1075 522 65 158
