person 1 754 726 98 217
person 1 806 546 72 180
person 1 257 810 130 270
person 1 398 804 119 271
person 1 665 720 99 232
person 1 1001 627 77 211
person 1 1503 673 105 230
person 1 1216 631 79 201
person 1 1054 452 49 127
person 1 937 583 80 166
person 1 1741 836 109 241
person 1 1075 640 79 196
person 1 1440 520 60 103
person 1 1398 651 81 199
person 1 1515 531 57 103
person 1 885 560 63 160
person 1 827 487 60 138
person 1 884 484 64 133
person 1 1271 451 67 107
person 1 1030 534 61 141
person 1 1118 566 65 172
person 1 1563 674 83 219
person 1 788 509 53 125
person 1 1238 448 50 104
person 1 1476 622 82 185
person 1 1796 799 95 208
person 1 933 474 50 126
person 1 1093 533 61 150
person 1 1195 578 59 164
