person 1 752 773 98 223
person 1 320 808 127 271
person 1 663 763 102 235
person 1 437 812 117 263
person 1 829 583 74 184
person 1 1626 822 126 230
person 1 1446 553 61 99
person 1 1064 675 82 217
person 1 954 625 80 165
person 1 1142 673 74 208
person 1 1519 562 54 102
person 1 1463 680 92 230
person 1 894 593 65 170
person 1 1059 482 47 119
person 1 1857 854 63 224
person 1 1170 600 64 181
person 1 965 504 58 133
person 1 1264 479 53 100
person 1 1109 573 64 151
person 1 799 536 51 135
person 1 846 522 61 133
person 1 905 520 59 133
person 1 1051 574 69 147
person 1 991 576 66 147
person 1 1514 661 90 193
person 1 1245 632 57 179
person 1 1210 601 50 166
