person 1 457 804 120 272
person 1 653 784 111 240
person 1 739 792 97 227
person 1 342 804 133 269
person 1 967 639 80 177
person 1 1445 560 62 96
person 1 852 601 77 186
person 1 1120 692 78 212
person 1 1415 683 99 225
person 1 1544 827 120 222
person 1 1184 692 72 204
person 1 1546 679 81 191
person 1 801 549 52 142
person 1 1058 487 47 121
person 1 978 516 57 135
person 1 1080 656 74 192
person 1 1208 617 67 175
person 1 1824 788 87 227
person 1 1518 565 54 99
person 1 1116 588 61 149
person 1 867 540 63 141
person 1 897 607 69 173
person 1 1280 482 50 101
person 1 1244 638 62 185
person 1 918 537 62 137
person 1 1078 589 63 148
person 1 1015 600 59 144
person 1 1024 671 61 145
