person 1 396 806 120 273
person 1 666 714 99 234
person 1 753 727 97 217
person 1 254 808 131 271
person 1 999 631 77 212
person 1 805 549 72 175
person 1 1439 525 61 104
person 1 1215 637 80 197
person 1 1053 451 50 127
person 1 1507 672 102 232
person 1 936 582 82 169
person 1 1074 642 78 194
person 1 1402 651 82 201
person 1 1734 844 101 234
person 1 883 560 64 163
person 1 1514 534 56 106
person 1 882 488 64 135
person 1 1268 457 68 107
person 1 1570 672 81 221
person 1 828 490 60 141
person 1 787 509 52 128
person 1 1804 794 97 213
person 1 1117 567 67 175
person 1 1477 619 79 189
person 1 1029 536 61 138
person 1 1091 534 63 155
person 1 1236 453 51 104
person 1 1195 582 57 162
person 1 929 471 52 127
person 1 982 544 49 135
