person 1 502 763 113 271
person 1 616 793 108 261
person 1 384 761 124 259
person 1 723 809 109 238
person 1 1608 776 108 236
person 1 1447 547 61 94
person 1 1183 688 85 233
person 1 983 641 90 179
person 1 1320 817 91 217
person 1 872 600 83 193
person 1 1403 695 86 223
person 1 1526 552 52 100
person 1 1007 509 60 141
person 1 1138 653 79 209
person 1 808 541 52 137
person 1 920 602 83 184
person 1 1100 588 66 165
person 1 1056 474 49 122
person 1 1561 664 78 199
person 1 790 482 52 116
person 1 881 509 58 126
person 1 1 997 41 82
person 1 1176 580 60 162
person 1 1065 682 59 139
person 1 1043 591 64 155
person 1 729 464 51 126
person 1 1216 604 53 150
person 1 59 1046 59 32
person 1 585 746 82 232
person 1 1262 699 83 219
