person 1 754 696 97 214
person 1 665 686 98 226
person 1 209 811 139 268
person 1 356 812 127 264
person 1 804 535 72 166
person 1 1175 615 72 198
person 1 961 609 76 207
person 1 1034 612 86 198
person 1 1451 636 80 205
person 1 1434 516 60 97
person 1 1561 679 106 234
person 1 1663 833 106 246
person 1 1094 548 75 176
person 1 1045 438 48 123
person 1 1502 517 54 100
person 1 867 537 63 159
person 1 743 471 52 108
person 1 935 557 79 174
person 1 1238 441 69 107
person 1 1640 673 88 213
person 1 890 453 56 133
person 1 816 469 58 136
person 1 788 493 55 125
person 1 1011 516 62 145
person 1 1072 514 57 146
person 1 1384 1037 93 39
