person 1 807 551 71 183
person 1 1003 634 78 213
person 1 400 809 120 270
person 1 752 735 97 216
person 1 258 809 131 270
person 1 662 719 101 231
person 1 1220 639 78 204
person 1 1503 671 99 235
person 1 938 589 79 168
person 1 1053 457 51 128
person 1 1396 652 81 199
person 1 1748 841 105 237
person 1 1440 526 59 101
person 1 1079 643 79 199
person 1 886 568 63 161
person 1 1515 537 56 100
person 1 884 492 65 136
person 1 1274 459 64 107
person 1 830 495 59 139
person 1 1029 540 65 147
person 1 788 513 53 126
person 1 1238 454 51 104
person 1 1120 577 67 176
person 1 932 479 54 127
person 1 1091 541 62 148
person 1 1481 622 80 183
person 1 1194 583 62 165
person 1 987 557 52 139
