person 1 666 703 96 228
person 1 239 805 132 274
person 1 755 715 96 214
person 1 386 809 119 267
person 1 1438 518 59 101
person 1 1200 625 76 192
person 1 804 542 70 172
person 1 1522 676 103 233
person 1 985 624 75 201
person 1 1056 627 87 199
person 1 1701 839 110 240
person 1 1417 643 85 203
person 1 879 551 66 161
person 1 934 575 81 167
person 1 1050 447 49 125
person 1 1604 673 77 217
person 1 1512 526 53 102
person 1 875 483 65 136
person 1 1257 449 65 105
person 1 1106 557 68 189
person 1 918 461 53 130
person 1 788 505 54 131
person 1 824 486 57 136
person 1 1224 450 56 100
person 1 1084 526 63 156
person 1 1022 532 61 141
person 1 762 484 49 108
person 1 804 455 53 121
