person 1 647 797 104 249
person 1 726 805 107 236
person 1 493 786 109 277
person 1 375 780 125 271
person 1 1689 789 113 232
person 1 867 609 81 186
person 1 1163 711 79 208
person 1 973 645 86 182
person 1 1234 707 89 209
person 1 1412 832 89 208
person 1 809 553 54 137
person 1 1445 556 62 94
person 1 1556 677 79 199
person 1 1108 662 76 198
person 1 1002 520 59 137
person 1 763 486 52 121
person 1 567 767 93 239
person 1 1524 559 53 101
person 1 1057 484 47 120
person 1 943 537 60 135
person 1 891 539 61 134
person 1 1090 596 67 153
person 1 1368 704 93 209
person 1 1309 477 52 102
person 1 1035 600 65 149
person 1 1217 609 59 163
person 1 1147 589 60 154
