person 1 753 745 94 219
person 1 410 809 118 268
person 1 1019 656 85 207
person 1 665 734 100 233
person 1 273 808 135 270
person 1 807 562 78 182
person 1 1103 653 80 200
person 1 1233 657 82 199
person 1 1437 534 62 98
person 1 1485 684 101 225
person 1 1133 583 67 173
person 1 1517 552 54 102
person 1 1056 464 48 127
person 1 1381 658 83 200
person 1 941 598 75 169
person 1 1784 850 100 229
person 1 940 480 57 137
person 1 1731 807 111 224
person 1 887 569 65 168
person 1 1196 586 58 164
person 1 887 501 61 137
person 1 1246 467 55 101
person 1 1099 549 59 148
person 1 974 558 68 148
person 1 1285 468 63 103
person 1 836 506 57 135
person 1 789 517 51 133
person 1 994 634 59 151
