person 1 1414 702 85 222
person 1 707 813 112 238
person 1 403 728 118 257
person 1 512 733 111 266
person 1 880 593 88 199
person 1 1501 776 113 226
person 1 1438 532 61 94
person 1 592 805 113 259
person 1 1008 646 90 184
person 1 1016 504 64 141
person 1 744 451 57 136
person 1 1176 795 98 221
person 1 1107 576 67 174
person 1 1518 534 55 99
person 1 1045 458 45 125
person 1 931 599 76 183
person 1 881 498 62 137
person 1 1569 660 78 201
person 1 806 536 53 137
person 1 0 971 49 103
person 1 55 1017 78 54
person 1 1205 675 88 230
person 1 1074 675 67 150
person 1 1063 584 65 165
person 1 824 471 51 123
person 1 1298 707 82 218
person 1 921 530 51 136
person 1 967 524 61 149
