person 1 259 809 135 270
person 1 403 813 119 262
person 1 1007 641 80 212
person 1 662 723 102 232
person 1 752 735 94 218
person 1 805 553 72 183
person 1 1223 642 86 199
person 1 1389 656 81 198
person 1 1436 530 62 101
person 1 935 591 80 170
person 1 1495 677 100 222
person 1 1086 647 79 200
person 1 1054 457 50 127
person 1 885 566 64 166
person 1 1511 540 56 104
person 1 881 495 64 135
person 1 1122 580 66 177
person 1 1768 838 102 235
person 1 1275 461 65 105
person 1 1193 582 61 170
person 1 935 480 54 128
person 1 829 500 55 135
person 1 1092 544 59 146
person 1 1240 458 54 101
person 1 780 502 49 133
person 1 1030 546 64 146
person 1 975 551 61 146
