person 1 662 751 103 235
person 1 306 812 129 267
person 1 816 580 84 178
person 1 751 764 102 223
person 1 424 811 117 267
person 1 1440 547 62 97
person 1 1049 670 78 217
person 1 1125 672 83 206
person 1 1476 679 88 230
person 1 949 616 76 165
person 1 1676 828 92 212
person 1 1154 595 64 174
person 1 1057 479 47 117
person 1 957 504 57 129
person 1 1259 473 54 102
person 1 1513 558 53 102
person 1 1840 855 75 222
person 1 1256 673 81 206
person 1 892 590 63 167
person 1 1104 572 61 154
person 1 846 521 59 132
person 1 986 577 64 143
person 1 795 540 52 130
person 1 1049 570 64 146
person 1 899 516 58 133
person 1 1203 599 57 172
person 1 1013 654 60 145
