person 1 1443 551 62 98
person 1 819 580 84 182
person 1 311 810 129 268
person 1 752 767 100 223
person 1 663 758 102 235
person 1 428 813 117 265
person 1 1053 670 80 217
person 1 1473 679 89 229
person 1 1130 672 83 208
person 1 951 621 76 165
person 1 1662 826 99 215
person 1 1057 482 47 117
person 1 960 504 58 132
person 1 1516 559 54 107
person 1 1154 596 64 163
person 1 1260 476 54 100
person 1 1847 855 71 220
person 1 1261 675 82 206
person 1 1106 572 64 151
person 1 899 517 59 135
person 1 845 524 59 130
person 1 1049 571 65 145
person 1 892 591 64 171
person 1 797 541 52 130
person 1 990 580 65 145
person 1 1205 604 56 162
person 1 1012 658 59 139
