person 1 658 777 111 241
person 1 338 811 132 268
person 1 742 788 96 228
person 1 450 807 120 272
person 1 845 597 74 184
person 1 1446 559 61 96
person 1 963 631 80 178
person 1 1102 692 81 212
person 1 1418 684 100 227
person 1 1172 690 75 205
person 1 1544 677 82 191
person 1 1551 829 119 219
person 1 803 547 51 142
person 1 975 514 58 136
person 1 1059 486 48 121
person 1 1196 615 68 177
person 1 1067 655 74 191
person 1 1117 586 61 148
person 1 1520 563 54 100
person 1 1831 790 84 223
person 1 860 537 62 142
person 1 1279 482 51 101
person 1 1243 642 61 183
person 1 913 534 62 138
person 1 895 604 69 174
person 1 1067 590 62 151
person 1 1014 596 59 149
person 1 1032 671 57 143
