person 1 754 702 96 213
person 1 214 811 144 268
person 1 804 537 68 165
person 1 362 814 123 265
person 1 665 689 95 226
person 1 1675 827 105 250
person 1 1436 516 58 98
person 1 1553 674 101 237
person 1 967 616 74 204
person 1 1036 615 88 204
person 1 1189 618 70 197
person 1 1436 640 82 207
person 1 869 539 65 164
person 1 1047 440 49 128
person 1 936 562 82 171
person 1 1628 674 79 211
person 1 1241 444 68 105
person 1 1507 524 52 96
person 1 1096 551 73 173
person 1 871 474 61 127
person 1 745 474 50 107
person 1 818 472 56 135
person 1 786 493 51 127
person 1 1016 521 59 141
person 1 1220 450 53 95
person 1 1069 516 60 151
