person 1 750 761 99 221
person 1 662 745 103 237
person 1 1439 547 63 98
person 1 810 576 86 180
person 1 299 817 129 262
person 1 417 808 121 270
person 1 1039 661 79 220
person 1 1117 665 79 209
person 1 1471 681 97 229
person 1 1144 591 68 173
person 1 949 613 73 166
person 1 1689 823 91 211
person 1 1056 476 47 116
person 1 950 498 57 130
person 1 1255 474 56 100
person 1 1514 557 54 103
person 1 984 576 67 141
person 1 894 511 58 136
person 1 1823 858 87 220
person 1 1250 662 83 213
person 1 891 586 63 167
person 1 1099 564 63 151
person 1 841 516 58 134
person 1 789 532 54 134
person 1 1046 567 64 143
person 1 1203 604 56 162
person 1 1011 650 54 142
