person 1 751 775 98 224
person 1 832 584 71 182
person 1 436 817 117 262
person 1 662 765 102 235
person 1 322 807 127 272
person 1 1066 678 80 216
person 1 1444 552 61 98
person 1 1619 825 128 226
person 1 1145 681 74 204
person 1 955 628 78 166
person 1 1461 680 96 232
person 1 962 501 59 133
person 1 1058 481 46 122
person 1 1107 571 65 153
person 1 901 515 61 139
person 1 893 592 65 170
person 1 1171 604 65 179
person 1 1264 476 54 100
person 1 800 535 50 129
person 1 844 519 59 137
person 1 1519 560 52 102
person 1 1856 852 62 227
person 1 1513 662 89 195
person 1 1245 635 61 180
person 1 994 577 64 147
person 1 1049 574 70 147
person 1 1017 661 60 142
