person 1 330 803 128 271
person 1 752 776 98 225
person 1 442 815 118 263
person 1 664 773 102 232
person 1 831 586 75 182
person 1 1448 554 61 101
person 1 1647 821 116 227
person 1 1075 679 79 215
person 1 957 634 80 164
person 1 1148 674 76 207
person 1 1856 861 68 222
person 1 1058 484 48 119
person 1 1457 683 94 231
person 1 1181 604 62 176
person 1 1268 480 54 101
person 1 908 521 60 138
person 1 1115 577 62 150
person 1 968 508 57 137
person 1 1520 563 53 106
person 1 850 525 60 134
person 1 1056 578 69 150
person 1 802 542 50 136
person 1 895 596 65 171
person 1 998 586 67 144
person 1 1513 665 91 199
person 1 1246 638 59 175
person 1 1214 607 49 167
person 1 1021 660 58 149
person 1 1283 685 67 199
