person 1 371 815 118 262
person 1 807 541 68 165
person 1 669 695 95 227
person 1 225 810 139 269
person 1 757 705 96 213
person 1 1440 516 58 97
person 1 1681 833 106 244
person 1 1193 619 72 196
person 1 1556 668 95 245
person 1 871 539 65 164
person 1 1434 645 81 203
person 1 972 608 77 214
person 1 1041 617 90 203
person 1 1051 438 49 128
person 1 937 564 82 169
person 1 1626 672 81 213
person 1 1511 523 52 96
person 1 1248 445 67 103
person 1 1096 551 73 180
person 1 818 479 58 134
person 1 790 491 52 133
person 1 874 473 61 128
person 1 753 474 49 105
person 1 1073 516 64 159
person 1 1020 522 60 145
