person 1 717 808 112 241
person 1 604 795 109 264
person 1 1409 692 86 221
person 1 510 746 105 274
person 1 395 745 118 260
person 1 869 596 98 199
person 1 997 639 87 183
person 1 1230 798 123 223
person 1 1443 536 60 96
person 1 1554 776 132 226
person 1 1196 701 93 222
person 1 1050 465 48 119
person 1 807 538 55 143
person 1 1010 502 62 146
person 1 1104 580 65 176
person 1 1166 659 78 203
person 1 1566 659 79 202
person 1 1523 543 52 99
person 1 930 602 81 187
person 1 883 498 62 132
person 1 741 457 51 128
person 1 0 984 42 91
person 1 1056 588 65 166
person 1 48 1031 68 37
person 1 831 519 50 119
person 1 812 477 47 127
