person 1 861 606 84 185
person 1 373 775 123 273
person 1 492 781 110 282
person 1 725 807 106 236
person 1 650 798 104 250
person 1 1160 704 82 211
person 1 974 652 85 177
person 1 1554 675 81 198
person 1 1708 785 107 236
person 1 1443 553 63 94
person 1 1420 820 101 217
person 1 1106 656 73 205
person 1 563 767 96 236
person 1 1236 707 87 206
person 1 1003 516 59 136
person 1 807 549 56 141
person 1 1522 559 54 98
person 1 1057 481 47 123
person 1 888 533 63 144
person 1 1362 694 97 218
person 1 754 485 52 119
person 1 1148 585 58 152
person 1 942 534 63 137
person 1 1305 473 50 103
person 1 1093 593 67 153
person 1 1036 597 63 154
person 1 1223 615 57 158
