person 1 754 731 98 216
person 1 263 809 131 270
person 1 668 716 98 231
person 1 403 802 122 273
person 1 1440 524 61 102
person 1 1217 640 81 200
person 1 1006 633 78 212
person 1 807 551 72 177
person 1 1076 641 79 195
person 1 937 579 81 174
person 1 1500 669 100 227
person 1 1054 456 50 127
person 1 1748 839 108 239
person 1 1403 652 85 199
person 1 887 562 63 162
person 1 1559 670 83 217
person 1 1515 531 56 106
person 1 1268 455 69 108
person 1 885 490 65 135
person 1 1124 566 66 174
person 1 1486 615 78 191
person 1 831 495 60 137
person 1 789 517 52 124
person 1 1036 546 60 135
person 1 1812 793 95 216
person 1 1096 534 63 157
person 1 932 478 55 126
person 1 773 494 50 108
person 1 1238 454 53 103
person 1 1201 590 55 156
person 1 976 542 56 142
