person 1 352 813 126 266
person 1 751 695 97 213
person 1 804 532 72 168
person 1 207 811 140 268
person 1 665 686 99 226
person 1 958 612 76 198
person 1 1453 640 81 204
person 1 1432 514 60 99
person 1 1033 612 83 201
person 1 1173 615 69 194
person 1 1563 679 113 233
person 1 1045 439 49 124
person 1 1660 833 107 246
person 1 1088 549 79 177
person 1 864 536 63 159
person 1 1501 516 53 101
person 1 743 472 48 107
person 1 1236 442 68 109
person 1 1643 673 90 214
person 1 934 556 80 173
person 1 885 455 55 131
person 1 815 465 56 133
person 1 787 493 53 128
person 1 1228 597 61 183
person 1 1009 517 63 146
person 1 1069 515 56 142
person 1 1379 1035 100 44
