person 1 655 787 101 252
person 1 359 796 126 275
person 1 850 607 97 189
person 1 733 801 105 232
person 1 473 798 115 272
person 1 1466 822 112 225
person 1 1143 698 83 213
person 1 1751 795 118 228
person 1 972 643 80 179
person 1 1554 676 80 200
person 1 1089 659 74 202
person 1 1447 559 63 92
person 1 1059 488 49 121
person 1 1211 702 83 214
person 1 538 777 94 238
person 1 1523 562 53 100
person 1 992 519 59 137
person 1 1344 696 105 217
person 1 805 557 50 133
person 1 879 542 61 136
person 1 1296 480 54 98
person 1 931 539 62 137
person 1 1024 601 64 153
person 1 1511 656 78 182
person 1 1125 590 60 152
person 1 744 493 54 117
person 1 1087 598 63 152
