person 1 754 712 96 212
person 1 377 816 116 261
person 1 666 696 95 230
person 1 230 810 133 269
person 1 1533 674 102 231
person 1 805 542 69 166
person 1 1195 624 75 196
person 1 1436 519 58 99
person 1 1691 834 108 242
person 1 1422 644 83 202
person 1 980 618 75 202
person 1 1046 623 88 199
person 1 1048 444 49 125
person 1 873 545 65 163
person 1 1612 671 83 217
person 1 933 572 84 166
person 1 1507 526 54 99
person 1 1101 556 70 176
person 1 1252 448 63 105
person 1 787 496 53 129
person 1 822 480 56 137
person 1 905 456 57 130
person 1 1221 447 58 102
person 1 874 477 61 131
person 1 1020 526 60 140
person 1 1077 525 62 152
person 1 754 480 49 107
