person 1 485 788 110 282
person 1 730 804 105 235
person 1 857 610 88 184
person 1 653 794 102 251
person 1 368 782 123 273
person 1 1438 816 113 227
person 1 1553 677 83 201
person 1 1720 784 110 238
person 1 970 652 86 175
person 1 1153 702 79 211
person 1 1096 659 73 204
person 1 1448 559 62 94
person 1 553 776 95 236
person 1 1223 707 88 205
person 1 807 552 55 139
person 1 1058 486 48 125
person 1 998 519 59 136
person 1 1524 561 54 100
person 1 883 538 63 137
person 1 754 489 52 116
person 1 1358 702 98 212
person 1 1139 589 58 151
person 1 1517 659 76 192
person 1 1305 478 50 100
person 1 1087 595 67 151
person 1 937 538 62 135
person 1 1030 598 62 155
person 1 1216 612 58 156
person 1 833 538 52 125
