person 1 406 810 120 264
person 1 1013 645 79 209
person 1 266 807 135 271
person 1 752 737 95 219
person 1 663 729 101 233
person 1 807 558 76 183
person 1 1228 651 84 197
person 1 1436 534 64 98
person 1 1093 649 80 201
person 1 1386 655 83 201
person 1 939 599 80 162
person 1 1055 460 49 126
person 1 1487 680 105 225
person 1 1125 580 67 179
person 1 1515 543 54 104
person 1 1280 462 64 107
person 1 888 498 62 138
person 1 1195 580 61 164
person 1 833 502 58 134
person 1 1777 838 100 238
person 1 939 475 55 134
person 1 1244 458 53 103
person 1 1095 546 61 149
person 1 886 571 66 158
person 1 975 552 66 147
person 1 786 515 50 126
