person 1 734 803 104 233
person 1 853 609 92 186
person 1 366 789 123 275
person 1 653 793 102 249
person 1 482 791 112 281
person 1 1732 787 111 232
person 1 1553 677 84 200
person 1 1441 821 118 225
person 1 1093 659 74 205
person 1 1216 708 89 207
person 1 969 648 86 177
person 1 1151 699 80 212
person 1 1447 557 62 94
person 1 548 777 95 238
person 1 996 519 59 137
person 1 1523 562 54 99
person 1 1058 485 48 123
person 1 807 553 54 137
person 1 882 539 63 137
person 1 936 540 60 133
person 1 752 491 52 115
person 1 1302 480 52 99
person 1 1027 598 63 158
person 1 1085 596 67 152
person 1 1133 587 56 155
person 1 1358 703 99 211
person 1 1517 659 76 188
person 1 1214 613 60 165
