person 1 663 748 101 236
person 1 811 582 83 180
person 1 419 808 121 266
person 1 295 818 135 267
person 1 752 768 97 221
person 1 1442 553 64 97
person 1 1043 670 82 215
person 1 1122 674 83 203
person 1 1150 599 66 169
person 1 1465 691 97 223
person 1 947 615 71 168
person 1 951 498 57 136
person 1 1517 561 54 104
person 1 1819 855 95 230
person 1 1692 818 109 225
person 1 1058 481 48 120
person 1 1258 478 55 100
person 1 1252 674 82 201
person 1 891 583 67 172
person 1 1104 568 62 146
person 1 896 517 61 135
person 1 985 578 68 148
person 1 1357 672 87 197
person 1 844 520 59 142
person 1 1202 599 58 172
person 1 794 534 53 143
person 1 1460 622 77 195
person 1 1013 654 56 136
