person 1 728 805 107 235
person 1 490 787 111 276
person 1 373 781 125 271
person 1 648 797 106 250
person 1 864 609 83 186
person 1 1697 791 108 230
person 1 1422 827 90 212
person 1 971 649 87 178
person 1 1160 711 79 206
person 1 1232 705 86 214
person 1 1101 659 76 205
person 1 1554 677 80 200
person 1 1446 556 63 94
person 1 808 551 54 139
person 1 564 770 94 236
person 1 1524 562 53 98
person 1 1000 520 58 135
person 1 1057 483 48 122
person 1 887 536 62 136
person 1 1368 698 92 211
person 1 942 536 61 137
person 1 760 487 51 120
person 1 1088 595 66 154
person 1 1308 477 52 102
person 1 1033 601 65 151
person 1 1141 587 59 153
person 1 1216 607 58 164
person 1 833 532 45 112
