person 1 452 806 120 273
person 1 738 792 100 227
person 1 341 805 129 271
person 1 656 782 109 241
person 1 1445 561 61 95
person 1 847 602 78 183
person 1 1179 696 78 206
person 1 1409 685 103 223
person 1 962 638 80 173
person 1 1527 830 124 220
person 1 1114 694 80 212
person 1 800 547 55 142
person 1 1806 789 104 230
person 1 1059 486 48 120
person 1 1068 650 77 204
person 1 1548 677 79 194
person 1 515 789 97 239
person 1 979 519 54 135
person 1 1520 565 54 100
person 1 897 608 69 170
person 1 1283 481 52 102
person 1 862 535 64 139
person 1 1205 617 64 176
person 1 1116 583 61 153
person 1 1238 636 61 189
person 1 919 539 59 139
person 1 1498 655 74 184
person 1 1318 696 83 213
person 1 1012 594 60 151
person 1 1075 592 58 149
person 1 1029 681 59 133
