person 1 738 794 99 227
person 1 343 804 130 273
person 1 453 806 120 273
person 1 655 784 107 242
person 1 1115 692 78 216
person 1 846 602 80 184
person 1 1445 561 61 95
person 1 1524 830 117 219
person 1 1408 683 101 227
person 1 1181 696 78 203
person 1 964 641 80 171
person 1 1794 790 109 229
person 1 1057 487 48 120
person 1 799 546 55 142
person 1 1070 649 77 206
person 1 980 521 55 132
person 1 1545 678 80 192
person 1 516 788 96 235
person 1 1283 481 53 102
person 1 1520 565 54 100
person 1 1316 694 88 215
person 1 861 534 65 139
person 1 919 539 60 138
person 1 1117 584 59 153
person 1 1499 653 75 185
person 1 1239 632 62 192
person 1 899 608 67 171
person 1 1074 593 58 146
person 1 1013 595 60 151
