person 1 751 755 96 219
person 1 1033 659 82 215
person 1 415 806 121 269
person 1 288 811 133 266
person 1 664 739 102 238
person 1 808 572 88 180
person 1 1112 663 84 205
person 1 947 607 75 169
person 1 1439 544 63 98
person 1 1142 586 67 170
person 1 1480 686 92 224
person 1 949 490 56 132
person 1 1516 554 53 101
person 1 1058 472 47 119
person 1 1246 660 85 207
person 1 890 507 62 136
person 1 1253 471 56 100
person 1 1704 818 102 215
person 1 1096 562 64 148
person 1 1801 854 94 224
person 1 980 567 67 144
person 1 1370 665 83 200
person 1 838 511 59 137
person 1 791 524 54 144
person 1 1201 593 57 168
person 1 891 582 66 163
person 1 1041 562 65 136
person 1 999 645 60 144
