person 1 385 757 125 263
person 1 616 791 108 261
person 1 505 762 112 269
person 1 723 808 110 239
person 1 1446 547 60 94
person 1 1599 778 113 234
person 1 1182 691 86 234
person 1 986 642 89 176
person 1 870 600 87 194
person 1 1405 697 85 219
person 1 808 544 53 137
person 1 1138 656 81 208
person 1 1305 814 101 219
person 1 1526 551 52 102
person 1 1007 510 61 141
person 1 921 601 83 186
person 1 1560 664 80 203
person 1 1103 586 64 166
person 1 1056 471 48 122
person 1 791 483 52 115
person 1 888 521 62 124
person 1 1 996 41 83
person 1 1046 590 64 159
person 1 1177 579 60 163
person 1 1214 602 56 151
person 1 730 463 53 128
person 1 1066 682 59 141
person 1 59 1047 60 33
person 1 834 521 50 119
