person 1 500 766 111 268
person 1 621 794 107 261
person 1 384 761 122 262
person 1 1620 779 105 233
person 1 721 808 110 240
person 1 1446 548 61 94
person 1 1180 696 86 225
person 1 979 644 91 180
person 1 871 607 81 191
person 1 1331 823 93 207
person 1 808 546 52 135
person 1 1525 553 53 101
person 1 1399 697 88 217
person 1 1056 474 48 123
person 1 1136 655 78 207
person 1 1005 512 60 137
person 1 917 604 82 184
person 1 1560 667 77 198
person 1 1099 589 64 167
person 1 787 485 53 115
person 1 897 540 61 136
person 1 1259 698 90 219
person 1 1218 603 54 157
person 1 1 1002 40 78
person 1 1173 581 59 166
person 1 1064 682 60 137
person 1 585 756 86 226
person 1 1044 594 62 154
person 1 828 525 51 112
person 1 57 1050 56 30
