person 1 484 784 114 277
person 1 855 608 95 188
person 1 370 786 126 275
person 1 733 799 101 235
person 1 654 792 101 253
person 1 1741 792 111 227
person 1 1161 694 82 211
person 1 1438 822 116 224
person 1 1556 675 80 199
person 1 976 644 81 180
person 1 1449 558 63 93
person 1 1101 658 74 205
person 1 1059 485 49 121
person 1 1223 699 89 211
person 1 1525 562 54 99
person 1 549 775 97 236
person 1 1000 521 59 137
person 1 809 556 51 132
person 1 939 538 61 138
person 1 884 539 61 136
person 1 1352 697 104 216
person 1 1303 477 52 98
person 1 1031 600 65 157
person 1 1519 655 80 181
person 1 1141 588 58 153
person 1 748 491 53 115
person 1 1096 597 65 152
person 1 837 538 50 134
