person 1 340 807 130 271
person 1 657 781 109 239
person 1 452 806 122 273
person 1 963 636 79 175
person 1 1449 560 60 97
person 1 738 790 102 228
person 1 846 601 78 182
person 1 1109 693 80 208
person 1 1179 692 74 208
person 1 1414 683 101 223
person 1 1539 827 118 225
person 1 801 548 54 140
person 1 1546 676 83 194
person 1 1059 486 48 119
person 1 1069 652 76 199
person 1 1815 789 97 232
person 1 978 518 56 136
person 1 860 535 65 140
person 1 1282 481 51 101
person 1 1521 564 54 101
person 1 1201 614 67 182
person 1 897 607 68 172
person 1 517 786 97 247
person 1 1116 585 61 151
person 1 1242 635 62 187
person 1 1013 593 60 151
person 1 1076 591 57 148
person 1 1031 678 58 132
person 1 916 537 62 138
