person 1 722 806 108 238
person 1 633 791 103 256
person 1 379 771 124 266
person 1 1643 785 110 233
person 1 498 774 109 268
person 1 1173 697 84 220
person 1 977 645 88 175
person 1 1447 553 61 92
person 1 874 612 73 182
person 1 1124 658 82 206
person 1 1351 824 107 212
person 1 1005 514 60 137
person 1 1057 478 47 123
person 1 1526 555 52 98
person 1 915 607 79 183
person 1 1559 671 79 202
person 1 808 550 53 135
person 1 780 483 52 117
person 1 1251 696 83 217
person 1 580 764 89 223
person 1 1162 585 59 158
person 1 946 536 61 140
person 1 1095 593 65 159
person 1 878 509 61 125
person 1 1216 605 56 161
person 1 1393 700 87 206
person 1 832 529 50 117
person 1 1042 597 61 151
