person 1 402 736 117 257
person 1 712 813 113 239
person 1 514 741 110 263
person 1 1414 698 84 222
person 1 1517 777 111 225
person 1 877 597 90 198
person 1 599 806 110 255
person 1 1002 646 89 181
person 1 1214 796 96 227
person 1 1441 535 61 94
person 1 1012 504 63 141
person 1 930 601 78 188
person 1 1107 583 66 171
person 1 1048 460 46 125
person 1 744 455 56 137
person 1 1522 536 54 99
person 1 1573 657 76 211
person 1 882 499 63 137
person 1 807 537 54 135
person 1 1 971 47 107
person 1 1057 583 66 168
person 1 50 1025 77 52
person 1 1184 649 84 209
person 1 1071 677 63 146
person 1 823 475 52 124
person 1 917 531 53 132
person 1 1286 697 88 224
