person 1 1026 663 83 209
person 1 665 744 99 234
person 1 752 749 95 218
person 1 415 810 119 265
person 1 283 807 134 269
person 1 811 567 77 182
person 1 1242 662 82 196
person 1 1442 545 64 98
person 1 1111 655 78 203
person 1 1476 687 104 227
person 1 1386 662 80 204
person 1 1140 587 67 177
person 1 1059 467 49 129
person 1 1518 553 55 101
person 1 944 608 80 168
person 1 1286 471 64 106
person 1 1199 587 60 166
person 1 892 507 61 137
person 1 946 484 56 136
person 1 842 508 56 136
person 1 1796 852 97 233
person 1 979 564 68 146
person 1 1102 554 60 150
person 1 1253 468 52 102
person 1 891 579 67 159
person 1 790 515 49 129
