person 1 718 809 113 240
person 1 1411 697 84 224
person 1 510 751 107 272
person 1 395 748 118 260
person 1 866 596 100 200
person 1 607 797 110 262
person 1 992 641 87 183
person 1 1445 541 60 97
person 1 1255 806 128 219
person 1 1556 780 128 223
person 1 1053 467 48 122
person 1 1191 695 93 225
person 1 808 540 53 140
person 1 738 459 51 129
person 1 1565 663 81 200
person 1 1160 658 79 199
person 1 1009 505 61 145
person 1 927 603 80 185
person 1 1106 586 64 169
person 1 882 504 63 128
person 1 1525 546 51 99
person 1 1 986 42 93
person 1 809 477 50 124
person 1 1052 589 65 164
person 1 51 1041 71 40
person 1 832 519 50 121
person 1 958 528 64 146
