person 1 664 737 100 234
person 1 808 569 79 183
person 1 279 807 134 271
person 1 411 810 121 265
person 1 752 749 95 220
person 1 1022 659 84 206
person 1 1109 658 80 200
person 1 1484 687 98 222
person 1 1438 535 63 99
person 1 1786 853 100 226
person 1 1134 583 66 175
person 1 1518 554 53 102
person 1 943 603 73 170
person 1 1058 465 47 123
person 1 1727 812 102 223
person 1 944 485 56 135
person 1 1376 663 86 198
person 1 1237 660 85 199
person 1 890 506 63 137
person 1 890 573 65 171
person 1 1251 471 54 100
person 1 1100 554 60 145
person 1 839 511 58 138
person 1 977 562 66 150
person 1 1199 590 57 158
person 1 792 525 51 137
person 1 1290 470 60 98
person 1 999 638 61 163
