person 1 807 542 70 166
person 1 379 811 119 267
person 1 667 691 97 228
person 1 226 809 143 269
person 1 757 709 95 213
person 1 1440 519 57 100
person 1 1557 674 102 240
person 1 1190 620 72 196
person 1 1686 829 105 248
person 1 1436 638 81 207
person 1 979 618 74 202
person 1 1052 441 49 129
person 1 1048 624 85 197
person 1 876 543 65 163
person 1 941 562 82 171
person 1 1611 667 82 214
person 1 1102 555 73 171
person 1 1245 446 70 107
person 1 1509 521 53 98
person 1 878 478 62 126
person 1 817 478 58 131
person 1 755 477 49 103
person 1 1078 521 62 148
person 1 1021 527 61 139
person 1 792 498 52 131
person 1 1227 451 51 96
