person 1 242 804 136 270
person 1 755 720 96 212
person 1 390 818 116 262
person 1 666 705 94 229
person 1 804 547 69 165
person 1 1438 523 58 98
person 1 1196 627 76 198
person 1 1704 834 103 242
person 1 1534 680 101 230
person 1 1417 651 82 200
person 1 1052 630 90 199
person 1 988 628 75 200
person 1 876 550 65 163
person 1 1050 447 49 123
person 1 936 581 83 162
person 1 1597 671 87 215
person 1 1510 531 53 98
person 1 1105 566 73 183
person 1 1255 454 63 104
person 1 880 487 60 129
person 1 823 491 56 134
person 1 1225 453 56 100
person 1 908 466 58 129
person 1 789 504 55 131
person 1 1022 530 60 142
person 1 1082 532 62 154
person 1 760 487 49 105
