person 1 358 797 125 275
person 1 656 787 103 252
person 1 735 799 103 230
person 1 472 802 117 272
person 1 849 607 95 188
person 1 1753 796 123 224
person 1 1088 659 74 201
person 1 1140 699 80 209
person 1 970 643 82 178
person 1 1552 677 80 198
person 1 1447 560 63 92
person 1 1208 701 80 212
person 1 1523 564 53 98
person 1 536 777 95 239
person 1 1058 487 49 122
person 1 1472 829 111 213
person 1 805 554 52 137
person 1 990 522 57 134
person 1 932 540 61 136
person 1 878 543 61 133
person 1 1294 480 54 98
person 1 1341 696 102 215
person 1 1508 658 80 179
person 1 1024 602 62 152
person 1 1122 591 59 155
person 1 744 492 52 116
person 1 1088 598 60 146
person 1 830 535 48 132
