person 1 749 757 99 218
person 1 1037 660 81 214
person 1 416 809 120 269
person 1 297 816 131 264
person 1 662 741 103 238
person 1 1439 544 63 98
person 1 807 575 86 178
person 1 951 612 74 167
person 1 1117 666 81 206
person 1 1479 684 94 225
person 1 1142 589 68 172
person 1 1698 819 96 213
person 1 1248 664 86 210
person 1 950 498 57 132
person 1 1058 476 47 119
person 1 1515 556 53 101
person 1 1257 471 55 100
person 1 985 575 67 139
person 1 840 510 60 137
person 1 894 510 58 136
person 1 1100 563 64 151
person 1 1044 565 64 142
person 1 790 529 52 133
person 1 1366 664 84 200
person 1 1204 602 57 166
person 1 893 588 64 163
person 1 1810 852 93 227
