person 1 709 812 112 241
person 1 1490 774 123 228
person 1 403 734 119 254
person 1 513 738 109 265
person 1 884 598 86 195
person 1 594 802 113 260
person 1 1415 700 85 222
person 1 1439 536 61 95
person 1 1007 648 87 181
person 1 1183 790 107 228
person 1 805 537 53 142
person 1 1013 504 63 140
person 1 749 453 60 137
person 1 1107 581 69 171
person 1 1571 659 79 205
person 1 1045 459 48 124
person 1 881 500 65 137
person 1 1517 538 55 99
person 1 1 974 51 103
person 1 1292 706 81 216
person 1 1059 585 65 158
person 1 49 1024 81 56
person 1 1074 676 66 144
person 1 829 467 53 123
person 1 1190 652 82 214
person 1 928 540 50 125
