person 1 398 733 119 262
person 1 713 814 112 242
person 1 1415 694 81 222
person 1 600 809 111 253
person 1 513 732 108 274
person 1 1440 534 60 96
person 1 872 597 100 198
person 1 1002 645 89 182
person 1 1536 766 111 231
person 1 1240 797 102 215
person 1 1010 503 63 140
person 1 1048 460 48 122
person 1 747 455 55 137
person 1 1105 583 66 173
person 1 1567 658 77 203
person 1 809 537 53 135
person 1 1203 696 90 215
person 1 1521 540 53 99
person 1 932 603 76 183
person 1 879 498 64 135
person 1 1068 671 65 152
person 1 817 472 51 125
person 1 0 967 45 103
person 1 1059 585 65 165
person 1 912 529 56 134
person 1 49 1022 71 46
person 1 966 521 61 154
person 1 833 512 54 130
person 1 1284 687 89 238
