person 1 853 612 93 184
person 1 657 788 104 247
person 1 359 799 126 270
person 1 736 805 103 231
person 1 972 645 82 175
person 1 476 800 115 272
person 1 1765 798 127 226
person 1 1447 561 63 93
person 1 1147 700 84 214
person 1 1212 705 84 212
person 1 1552 678 84 200
person 1 1494 836 95 213
person 1 1059 489 48 121
person 1 1525 564 54 98
person 1 1095 666 76 197
person 1 542 772 95 239
person 1 996 526 56 137
person 1 1295 480 54 99
person 1 936 541 60 139
person 1 808 556 50 140
person 1 1125 593 63 153
person 1 1513 659 81 185
person 1 1028 605 63 154
person 1 1373 681 99 225
person 1 881 542 61 139
person 1 743 491 52 123
person 1 1092 601 53 141
