person 1 736 799 103 229
person 1 349 802 127 272
person 1 846 604 93 187
person 1 655 785 105 246
person 1 464 806 117 269
person 1 1446 560 62 94
person 1 965 648 81 169
person 1 1766 792 131 230
person 1 1129 693 79 217
person 1 1195 700 84 212
person 1 1547 677 84 197
person 1 1502 832 96 219
person 1 531 782 93 237
person 1 1057 487 48 123
person 1 1079 656 74 197
person 1 986 520 56 135
person 1 1520 566 54 98
person 1 1288 481 53 100
person 1 803 552 49 137
person 1 925 540 58 137
person 1 1503 658 82 182
person 1 872 540 60 135
person 1 1116 587 61 153
person 1 1400 680 95 226
person 1 1020 595 61 158
person 1 1331 703 97 205
person 1 901 607 64 170
person 1 1032 680 59 132
person 1 1079 595 55 146
