person 1 720 808 112 240
person 1 609 792 110 264
person 1 509 756 107 270
person 1 391 752 119 259
person 1 1409 696 86 223
person 1 1187 699 93 222
person 1 867 596 95 199
person 1 1444 543 61 94
person 1 994 639 85 182
person 1 1269 806 119 219
person 1 1564 777 132 230
person 1 806 540 54 145
person 1 1567 663 80 203
person 1 1525 546 52 99
person 1 1009 508 61 146
person 1 1155 656 78 203
person 1 928 603 79 181
person 1 1104 586 64 170
person 1 883 505 62 128
person 1 1054 469 47 122
person 1 737 461 51 127
person 1 1 989 43 91
person 1 830 521 48 113
person 1 1056 586 64 166
person 1 52 1043 67 37
person 1 955 531 64 146
person 1 806 481 48 124
person 1 1193 585 58 164
