person 1 446 810 119 267
person 1 335 812 130 266
person 1 842 594 71 184
person 1 661 771 105 240
person 1 745 786 100 226
person 1 1448 558 61 98
person 1 1591 827 112 219
person 1 1088 689 78 213
person 1 961 629 82 175
person 1 1159 687 74 202
person 1 1536 671 83 196
person 1 1115 580 63 149
person 1 1442 682 98 232
person 1 805 542 51 140
person 1 1059 487 48 117
person 1 970 512 59 136
person 1 1521 563 53 100
person 1 908 528 63 138
person 1 1274 483 51 99
person 1 895 601 69 174
person 1 854 528 60 138
person 1 1191 610 65 170
person 1 1247 642 57 176
person 1 1061 649 72 187
person 1 1863 798 56 216
person 1 506 781 98 250
person 1 1007 587 62 155
person 1 1019 673 57 133
