person 1 682 830 115 247
person 1 563 823 116 254
person 1 900 604 106 202
person 1 411 717 121 245
person 1 1372 762 127 235
person 1 1209 699 90 239
person 1 633 698 79 227
person 1 1433 524 59 97
person 1 1053 790 102 217
person 1 881 498 63 142
person 1 524 716 103 253
person 1 774 456 68 131
person 1 1040 645 85 182
person 1 1033 452 49 122
person 1 803 538 53 142
person 1 1595 660 85 204
person 1 50 997 99 83
person 1 1131 583 66 170
person 1 1017 508 62 136
person 1 1507 530 54 97
person 1 1 958 68 121
person 1 1305 704 92 231
person 1 975 522 59 139
person 1 855 469 62 117
person 1 924 530 58 138
person 1 1113 659 66 147
