person 1 900 771 121 241
person 1 415 900 142 179
person 1 1167 752 96 270
person 1 1407 515 61 95
person 1 723 653 76 203
person 1 1368 757 91 257
person 1 470 650 104 230
person 1 808 551 57 156
person 1 891 506 61 157
person 1 1265 756 103 256
person 1 97 912 106 167
person 1 1648 707 109 234
person 1 1429 597 78 186
person 1 1009 619 71 182
person 1 1087 631 94 220
person 1 595 657 101 233
person 1 575 910 105 169
person 1 965 542 63 150
person 1 1488 733 106 220
person 1 1005 444 49 120
person 1 737 465 53 130
person 1 1792 663 109 216
person 1 21 883 112 196
person 1 1490 522 53 99
person 1 869 465 65 136
person 1 1519 664 118 211
person 1 585 787 99 210
person 1 1012 536 60 147
person 1 1725 724 76 179
person 1 944 524 51 138
person 1 16 1027 73 53
person 1 1151 648 73 197
