person 1 619 873 121 206
person 1 431 678 104 226
person 1 1114 764 112 234
person 1 560 674 98 251
person 1 682 670 78 210
person 1 778 777 104 227
person 1 496 857 121 219
person 1 1384 727 85 241
person 1 1298 728 94 245
person 1 3 915 98 163
person 1 1201 721 86 260
person 1 1410 514 58 97
person 1 1001 620 94 206
person 1 797 545 59 145
person 1 1494 683 88 188
person 1 879 501 61 150
person 1 1009 443 47 117
person 1 934 530 64 148
person 1 1493 522 51 97
person 1 831 453 62 138
person 1 56 953 107 125
person 1 1665 745 111 217
person 1 1103 598 83 202
person 1 1700 668 107 214
person 1 698 448 60 132
person 1 1163 655 90 197
person 1 994 522 58 150
person 1 1655 648 95 210
person 1 1823 700 87 241
