person 1 580 659 101 237
person 1 441 881 131 202
person 1 986 770 121 233
person 1 6 895 103 181
person 1 453 656 103 230
person 1 1406 514 62 95
person 1 1374 751 81 246
person 1 577 899 114 187
person 1 1179 737 88 263
person 1 804 548 58 154
person 1 1277 736 91 256
person 1 1451 662 109 222
person 1 703 652 78 205
person 1 948 528 64 159
person 1 92 923 100 150
person 1 1007 442 49 121
person 1 1704 702 122 240
person 1 882 506 63 148
person 1 1543 734 115 223
person 1 988 612 76 179
person 1 724 457 57 128
person 1 666 784 90 213
person 1 1044 630 104 206
person 1 1148 608 77 199
person 1 1412 590 81 185
person 1 856 463 58 133
person 1 1490 522 52 97
person 1 1004 532 56 135
person 1 847 532 46 125
person 1 1129 640 72 188
