person 1 618 876 119 210
person 1 497 859 119 220
person 1 433 674 106 232
person 1 1301 729 93 247
person 1 689 666 78 211
person 1 562 679 99 248
person 1 757 778 109 222
person 1 1000 616 99 207
person 1 1105 768 111 233
person 1 1413 512 58 98
person 1 1501 674 88 194
person 1 798 544 60 149
person 1 4 913 94 159
person 1 1199 725 90 254
person 1 879 499 62 150
person 1 57 946 106 124
person 1 1385 730 82 235
person 1 1494 521 51 100
person 1 939 527 63 148
person 1 830 454 63 132
person 1 1011 443 47 119
person 1 1678 738 98 224
person 1 1665 652 93 209
person 1 1151 654 88 214
person 1 1073 623 77 196
person 1 1097 599 81 198
person 1 694 443 60 136
person 1 995 524 60 147
person 1 844 524 46 121
