person 1 570 816 121 260
person 1 697 822 113 250
person 1 405 723 121 245
person 1 514 717 107 261
person 1 1434 770 98 230
person 1 624 711 85 222
person 1 1213 698 88 237
person 1 1574 661 89 208
person 1 896 604 84 193
person 1 1111 792 103 221
person 1 1021 653 88 179
person 1 1116 581 71 168
person 1 762 454 63 137
person 1 1437 528 58 95
person 1 1301 707 88 227
person 1 1042 455 48 115
person 1 806 538 53 140
person 1 1016 503 62 142
person 1 883 502 61 137
person 1 1 964 61 115
person 1 50 1006 96 74
person 1 943 602 73 185
person 1 842 466 64 115
person 1 1516 533 55 100
person 1 914 526 63 139
person 1 1054 585 67 168
person 1 1090 666 65 154
