person 1 1461 769 115 232
person 1 402 726 122 254
person 1 703 816 112 250
person 1 625 711 87 234
person 1 515 726 106 263
person 1 582 806 117 267
person 1 1439 529 60 95
person 1 893 602 85 192
person 1 1573 661 81 202
person 1 1014 643 87 182
person 1 1146 791 106 219
person 1 1043 454 48 121
person 1 756 454 62 137
person 1 1015 500 63 141
person 1 1417 696 85 219
person 1 1115 579 67 173
person 1 1293 695 87 229
person 1 1517 530 54 102
person 1 51 1009 91 69
person 1 1207 700 89 225
person 1 882 498 62 139
person 1 1 966 56 112
person 1 806 534 52 139
person 1 834 462 62 121
person 1 916 524 62 139
person 1 1058 583 66 169
person 1 1078 670 66 158
person 1 970 522 63 138
