person 1 1213 767 113 236
person 1 419 686 110 238
person 1 963 611 94 204
person 1 519 840 120 239
person 1 636 863 117 223
person 1 555 683 100 252
person 1 1413 517 60 95
person 1 1390 723 83 236
person 1 665 675 78 212
person 1 841 784 125 221
person 1 881 497 62 150
person 1 797 545 56 143
person 1 1493 524 52 100
person 1 1757 756 110 222
person 1 1111 660 90 190
person 1 820 455 63 135
person 1 1011 506 61 147
person 1 1429 681 93 194
person 1 1014 445 47 121
person 1 9 931 86 143
person 1 1052 623 72 183
person 1 42 967 119 105
person 1 1652 676 103 202
person 1 1126 609 84 193
person 1 1297 723 93 241
person 1 994 536 56 134
person 1 928 527 62 144
person 1 1171 689 68 161
