person 1 608 643 94 228
person 1 1142 765 102 273
person 1 780 769 135 245
person 1 1259 769 105 268
person 1 154 891 104 186
person 1 366 926 148 153
person 1 1002 572 83 208
person 1 1413 511 60 95
person 1 826 563 56 150
person 1 1369 780 89 254
person 1 755 464 60 133
person 1 488 640 107 224
person 1 1014 440 47 118
person 1 899 511 63 158
person 1 559 940 104 140
person 1 751 641 69 199
person 1 1069 621 70 194
person 1 1567 527 61 159
person 1 1473 599 82 184
person 1 1754 710 116 216
person 1 1563 702 103 220
person 1 493 772 104 223
person 1 56 866 112 210
person 1 1161 654 98 208
person 1 1396 720 109 225
person 1 1493 515 52 100
person 1 1634 703 90 204
person 1 41 1002 108 74
person 1 987 539 64 151
person 1 951 514 51 150
person 1 850 532 53 135
