person 1 1261 771 106 249
person 1 122 912 104 168
person 1 854 770 115 244
person 1 397 913 138 166
person 1 601 645 99 234
person 1 1370 761 93 261
person 1 736 648 72 204
person 1 893 508 64 152
person 1 1162 755 95 277
person 1 480 647 104 223
person 1 1409 513 61 97
person 1 815 559 59 152
person 1 1030 617 76 198
person 1 1459 722 80 218
person 1 1010 444 47 119
person 1 744 464 66 131
person 1 1446 599 82 182
person 1 38 877 109 194
person 1 1560 654 112 226
person 1 1492 517 51 99
person 1 542 777 104 226
person 1 973 542 59 152
person 1 1616 704 92 229
person 1 1105 644 111 209
person 1 1700 685 93 199
person 1 567 918 104 161
person 1 1814 684 95 245
person 1 944 520 51 143
person 1 1022 536 59 141
person 1 32 1023 83 56
