person 1 549 680 102 254
person 1 508 852 125 233
person 1 969 614 98 213
person 1 417 687 109 238
person 1 625 869 119 216
person 1 668 676 80 208
person 1 836 779 100 223
person 1 1143 779 131 230
person 1 1411 515 59 97
person 1 1384 724 83 239
person 1 1703 750 125 226
person 1 6 927 95 146
person 1 1295 717 93 242
person 1 879 496 61 149
person 1 796 542 56 146
person 1 1057 624 72 188
person 1 1010 446 47 123
person 1 1445 676 101 194
person 1 1490 522 52 101
person 1 822 458 62 132
person 1 1132 659 88 192
person 1 1667 667 97 209
person 1 925 527 63 146
person 1 1004 513 60 142
person 1 827 527 52 138
