person 1 648 848 118 230
person 1 418 692 111 242
person 1 536 837 114 241
person 1 1418 517 60 96
person 1 659 684 80 215
person 1 548 693 101 254
person 1 1399 711 87 231
person 1 953 606 87 207
person 1 1248 765 105 237
person 1 891 775 117 229
person 1 881 496 63 149
person 1 798 541 54 141
person 1 813 453 61 134
person 1 1092 658 88 189
person 1 1630 667 107 201
person 1 1015 503 63 144
person 1 1046 616 71 187
person 1 1498 522 52 100
person 1 33 977 114 102
person 1 2 939 80 140
person 1 1788 754 100 224
person 1 1020 446 48 121
person 1 985 528 58 137
person 1 925 527 63 143
person 1 1140 613 85 195
person 1 836 527 52 119
person 1 1307 716 95 239
person 1 1433 675 91 183
person 1 1208 714 94 237
