person 1 733 651 73 203
person 1 407 908 141 171
person 1 1408 515 60 95
person 1 873 776 132 237
person 1 1372 770 88 253
person 1 112 909 106 169
person 1 1166 753 94 271
person 1 1264 763 106 255
person 1 478 647 105 229
person 1 600 653 99 229
person 1 1439 597 76 184
person 1 811 555 57 151
person 1 890 507 64 156
person 1 1017 617 76 191
person 1 1470 728 112 219
person 1 1637 706 100 231
person 1 1101 633 88 213
person 1 743 464 58 131
person 1 968 544 62 149
person 1 1492 520 51 99
person 1 31 880 110 198
person 1 1007 445 49 121
person 1 1531 664 121 221
person 1 1804 664 108 210
person 1 573 913 102 167
person 1 572 779 96 223
person 1 1016 540 61 143
person 1 1707 717 77 183
person 1 1058 592 71 193
person 1 847 535 46 125
person 1 1152 641 83 209
person 1 945 522 53 142
person 1 875 464 58 137
person 1 29 1015 80 63
