person 1 964 617 100 209
person 1 511 849 125 229
person 1 631 860 121 218
person 1 421 686 108 238
person 1 553 679 103 256
person 1 1 926 94 152
person 1 669 677 82 206
person 1 1166 769 129 228
person 1 1413 513 60 97
person 1 1301 721 91 243
person 1 828 778 103 224
person 1 1720 747 118 223
person 1 1389 718 84 243
person 1 796 542 57 143
person 1 1012 442 47 123
person 1 879 497 61 148
person 1 1121 649 95 197
person 1 821 454 63 134
person 1 1446 676 103 194
person 1 42 962 115 115
person 1 1492 521 52 99
person 1 1057 620 69 188
person 1 1629 652 98 204
person 1 932 526 62 147
person 1 1004 512 60 139
