person 1 417 708 116 240
person 1 554 828 119 250
person 1 672 834 112 244
person 1 920 606 98 205
person 1 1335 765 104 238
person 1 1211 702 89 244
person 1 993 780 109 229
person 1 1408 702 89 240
person 1 645 697 79 218
person 1 788 453 64 134
person 1 1607 665 91 208
person 1 802 538 54 143
person 1 534 712 98 246
person 1 881 499 63 144
person 1 1017 505 64 140
person 1 1430 520 60 94
person 1 1055 657 89 185
person 1 1182 614 85 210
person 1 1029 451 50 121
person 1 35 988 113 91
person 1 1506 525 53 99
person 1 3 954 71 125
person 1 1141 585 69 171
person 1 921 522 61 141
person 1 1029 612 67 183
person 1 862 467 60 122
person 1 976 521 61 145
person 1 1117 694 63 145
person 1 841 521 45 119
