person 1 568 816 122 260
person 1 406 719 124 247
person 1 694 822 112 250
person 1 1413 770 106 225
person 1 514 715 110 261
person 1 1211 699 88 238
person 1 898 604 84 196
person 1 767 455 62 136
person 1 1436 526 59 94
person 1 1303 708 89 229
person 1 1023 655 89 179
person 1 1571 658 95 209
person 1 626 708 83 220
person 1 1088 784 111 226
person 1 1040 454 48 116
person 1 804 538 54 142
person 1 1117 584 73 166
person 1 50 1002 97 77
person 1 1015 504 62 140
person 1 0 961 63 118
person 1 842 463 65 118
person 1 1514 532 55 98
person 1 917 526 62 140
person 1 946 601 71 185
person 1 880 505 61 134
person 1 1052 583 67 175
