person 1 892 772 112 243
person 1 1268 757 98 257
person 1 409 899 140 183
person 1 1407 516 61 96
person 1 727 651 78 204
person 1 1166 760 95 269
person 1 807 557 57 152
person 1 1369 762 92 254
person 1 473 649 101 225
person 1 1084 634 100 221
person 1 596 656 96 232
person 1 103 907 109 164
person 1 890 508 63 156
person 1 1625 707 119 234
person 1 1431 599 79 183
person 1 1005 444 49 121
person 1 1498 730 103 221
person 1 742 467 56 129
person 1 966 542 63 152
person 1 1016 624 74 185
person 1 30 882 110 191
person 1 575 915 110 168
person 1 1490 521 53 99
person 1 869 466 64 136
person 1 590 776 96 226
person 1 1776 664 118 215
person 1 1014 534 60 145
person 1 1715 721 82 185
person 1 1167 640 68 202
person 1 30 1018 71 53
