person 1 419 708 117 238
person 1 923 603 99 209
person 1 556 828 118 248
person 1 670 836 113 241
person 1 1211 700 93 246
person 1 648 696 82 221
person 1 987 781 115 226
person 1 1610 666 92 208
person 1 1329 767 106 235
person 1 1430 518 60 95
person 1 1408 703 90 238
person 1 881 499 63 144
person 1 535 710 101 249
person 1 791 453 64 134
person 1 803 540 53 143
person 1 1057 657 90 187
person 1 1017 504 64 141
person 1 37 988 113 91
person 1 1508 525 53 99
person 1 2 953 71 127
person 1 1029 449 50 123
person 1 1180 619 86 212
person 1 1142 584 71 176
person 1 924 522 60 140
person 1 1032 612 67 185
person 1 862 466 58 123
person 1 1119 691 66 154
person 1 833 519 46 133
