person 1 573 663 99 240
person 1 1189 736 91 260
person 1 1036 772 98 234
person 1 1407 514 62 94
person 1 1288 740 92 246
person 1 462 876 124 203
person 1 445 664 108 225
person 1 800 543 58 152
person 1 1378 735 81 243
person 1 599 887 118 192
person 1 1434 655 119 216
person 1 1749 698 112 242
person 1 695 777 105 224
person 1 879 501 62 149
person 1 695 658 78 205
person 1 73 935 107 145
person 1 941 535 63 148
person 1 1594 729 110 228
person 1 1021 628 101 203
person 1 2 898 104 181
person 1 1008 442 49 122
person 1 1549 678 98 193
person 1 714 454 56 127
person 1 1150 603 76 198
person 1 848 459 58 131
person 1 1703 654 102 207
person 1 1490 521 51 102
person 1 991 607 78 188
person 1 1001 533 55 138
person 1 845 518 46 128
person 1 1399 590 75 176
person 1 1083 625 78 198
