person 1 424 682 107 236
person 1 623 866 121 214
person 1 505 859 122 220
person 1 1300 724 91 245
person 1 557 682 100 252
person 1 1146 767 114 233
person 1 979 616 97 208
person 1 673 676 77 208
person 1 799 783 107 216
person 1 1413 514 58 96
person 1 1 921 96 159
person 1 797 539 58 148
person 1 1466 675 96 192
person 1 878 499 62 150
person 1 1495 521 51 100
person 1 51 959 107 122
person 1 934 527 64 146
person 1 1384 717 83 242
person 1 824 452 64 137
person 1 1060 617 75 196
person 1 1707 739 93 229
person 1 1011 443 48 121
person 1 1146 650 85 199
person 1 1112 597 78 215
person 1 1642 649 98 203
person 1 999 523 59 147
person 1 843 520 48 125
person 1 692 443 61 127
