person 1 1297 727 93 246
person 1 618 869 123 210
person 1 497 858 120 219
person 1 431 679 104 228
person 1 780 778 105 223
person 1 682 671 78 209
person 1 1121 769 108 234
person 1 563 679 98 246
person 1 996 621 96 208
person 1 1412 512 58 97
person 1 1201 719 88 261
person 1 2 917 96 161
person 1 1387 732 82 237
person 1 798 545 58 144
person 1 1495 683 80 186
person 1 879 502 61 149
person 1 829 453 63 135
person 1 935 529 63 148
person 1 1674 737 109 231
person 1 1495 521 50 96
person 1 55 953 107 125
person 1 1010 444 48 119
person 1 1707 662 102 217
person 1 1105 598 81 200
person 1 1062 621 82 195
person 1 1160 657 92 198
person 1 996 523 59 152
person 1 1654 649 90 205
person 1 695 446 62 135
person 1 1832 701 76 234
person 1 845 522 48 128
