person 1 1140 766 104 275
person 1 774 772 140 241
person 1 365 927 147 152
person 1 610 641 92 231
person 1 152 892 104 188
person 1 1259 774 104 267
person 1 1369 783 86 254
person 1 1415 511 60 96
person 1 825 562 55 151
person 1 755 463 59 135
person 1 900 511 62 157
person 1 1000 573 83 209
person 1 488 640 107 227
person 1 1013 440 48 118
person 1 749 640 72 201
person 1 556 938 106 139
person 1 1072 617 70 198
person 1 1559 699 102 228
person 1 1471 599 84 190
person 1 485 772 108 223
person 1 1567 528 62 159
person 1 1164 652 102 208
person 1 55 867 111 213
person 1 1750 708 116 212
person 1 1389 716 114 224
person 1 1628 694 97 208
person 1 1494 517 51 98
person 1 985 537 66 150
person 1 40 1005 108 74
person 1 850 536 50 132
person 1 952 518 51 148
