person 1 718 653 77 204
person 1 424 896 139 183
person 1 1169 755 95 262
person 1 927 766 113 249
person 1 1272 751 96 259
person 1 1408 515 61 96
person 1 807 552 57 151
person 1 1371 754 91 249
person 1 100 916 107 162
person 1 1063 631 102 218
person 1 470 652 99 226
person 1 1425 598 79 183
person 1 594 657 96 228
person 1 577 911 116 168
person 1 889 503 63 158
person 1 1659 707 112 232
person 1 17 891 108 188
person 1 736 465 54 129
person 1 1002 619 75 186
person 1 1513 740 90 212
person 1 958 535 65 152
person 1 1007 443 49 120
person 1 1491 521 52 99
person 1 867 461 62 134
person 1 605 774 102 228
person 1 1776 661 117 213
person 1 1012 534 60 142
person 1 1744 719 80 184
person 1 1122 635 80 194
