person 1 924 605 103 209
person 1 667 835 111 245
person 1 418 702 119 241
person 1 555 832 119 253
person 1 1213 707 89 240
person 1 1320 763 109 231
person 1 1001 783 107 223
person 1 654 690 80 220
person 1 534 708 100 248
person 1 883 501 61 141
person 1 1409 707 88 232
person 1 792 452 66 132
person 1 1017 503 64 143
person 1 32 986 112 89
person 1 1187 619 88 205
person 1 1613 668 92 207
person 1 1427 519 59 94
person 1 1068 659 86 186
person 1 1503 524 53 99
person 1 1028 448 50 122
person 1 802 539 53 139
person 1 1148 586 71 176
person 1 9 951 71 123
person 1 925 523 62 142
person 1 1035 610 66 186
person 1 862 468 59 122
person 1 1125 681 70 156
person 1 1308 714 91 230
