person 1 1136 771 102 273
person 1 612 634 91 223
person 1 167 889 104 190
person 1 752 772 117 240
person 1 1262 778 102 265
person 1 1365 781 90 262
person 1 355 934 146 145
person 1 994 574 78 200
person 1 1417 510 59 96
person 1 545 947 110 132
person 1 829 567 59 147
person 1 902 511 65 154
person 1 1082 624 97 202
person 1 764 468 58 131
person 1 490 634 106 223
person 1 1535 696 96 228
person 1 1016 438 49 122
person 1 1562 528 62 154
person 1 761 640 71 194
person 1 467 773 110 217
person 1 1429 669 110 205
person 1 955 514 53 151
person 1 1649 662 115 218
person 1 70 863 109 213
person 1 1727 711 108 210
person 1 1607 708 87 190
person 1 1201 645 86 221
person 1 1164 602 75 194
person 1 60 998 104 80
person 1 1791 750 80 164
person 1 1047 582 60 193
person 1 856 534 50 129
person 1 1384 708 105 225
