person 1 609 644 95 233
person 1 805 773 122 240
person 1 1258 767 108 265
person 1 374 918 144 161
person 1 1150 769 100 271
person 1 740 642 72 207
person 1 1371 772 89 257
person 1 1411 512 61 96
person 1 138 896 107 184
person 1 486 643 106 216
person 1 820 570 56 142
person 1 751 463 63 133
person 1 1007 576 86 204
person 1 1012 443 47 119
person 1 1574 700 115 230
person 1 1462 598 79 185
person 1 515 774 96 224
person 1 559 934 105 145
person 1 895 512 63 155
person 1 1049 622 74 193
person 1 47 870 112 210
person 1 1492 516 53 100
person 1 1568 525 62 164
person 1 1149 646 94 211
person 1 1780 709 105 219
person 1 949 513 52 159
person 1 1654 713 74 191
person 1 1405 709 116 228
person 1 983 541 58 150
person 1 36 1015 104 66
person 1 852 540 48 119
