person 1 658 848 116 231
person 1 417 703 115 240
person 1 540 833 122 245
person 1 1208 698 92 252
person 1 940 604 94 204
person 1 1421 519 60 93
person 1 654 690 83 226
person 1 1400 707 91 238
person 1 952 779 104 228
person 1 1071 651 85 196
person 1 1278 771 123 229
person 1 1616 665 97 208
person 1 540 697 101 258
person 1 797 548 54 136
person 1 881 496 62 148
person 1 799 455 64 135
person 1 1499 519 52 102
person 1 1159 608 86 213
person 1 34 984 115 94
person 1 1 946 79 132
person 1 1014 507 64 141
person 1 1021 447 50 123
person 1 1036 619 70 186
person 1 1826 751 84 232
person 1 926 531 56 137
person 1 841 521 49 128
person 1 977 525 59 147
