person 1 552 687 101 248
person 1 642 859 117 220
person 1 522 839 123 240
person 1 958 609 99 211
person 1 419 688 110 238
person 1 1195 766 126 237
person 1 1395 717 81 238
person 1 665 678 78 210
person 1 1742 753 128 224
person 1 1417 515 60 96
person 1 881 499 61 149
person 1 864 782 113 219
person 1 1498 520 51 101
person 1 819 454 62 133
person 1 0 933 91 146
person 1 798 545 54 142
person 1 1054 620 70 185
person 1 38 968 121 111
person 1 1302 718 94 241
person 1 1443 673 91 190
person 1 1110 657 89 189
person 1 1012 505 62 144
person 1 929 524 62 148
person 1 1648 667 106 206
person 1 1016 444 47 118
person 1 1172 683 64 164
person 1 834 524 51 130
person 1 986 527 53 145
