person 1 580 660 101 241
person 1 585 899 117 180
person 1 448 878 128 199
person 1 1180 735 90 267
person 1 453 662 102 229
person 1 6 899 102 180
person 1 702 657 79 203
person 1 82 927 104 152
person 1 1408 514 61 95
person 1 1278 742 94 256
person 1 802 550 57 153
person 1 1373 751 81 245
person 1 985 768 131 241
person 1 946 529 66 160
person 1 1459 658 107 226
person 1 1721 703 112 236
person 1 1007 444 48 123
person 1 1405 588 78 191
person 1 881 506 61 147
person 1 1555 733 116 222
person 1 670 782 90 212
person 1 1028 628 115 211
person 1 727 458 55 124
person 1 994 610 72 179
person 1 855 459 62 133
person 1 1490 524 53 98
person 1 1153 606 73 195
person 1 1005 532 59 137
person 1 844 530 48 123
person 1 905 470 49 118
