person 1 546 831 117 249
person 1 935 601 100 208
person 1 416 703 117 238
person 1 658 844 118 241
person 1 1423 519 61 95
person 1 941 782 112 227
person 1 1208 702 90 246
person 1 1283 776 115 227
person 1 1404 713 90 239
person 1 654 689 81 225
person 1 1616 663 98 210
person 1 1077 652 84 194
person 1 534 703 103 250
person 1 796 456 64 134
person 1 1500 523 54 99
person 1 1015 507 65 142
person 1 1024 449 49 124
person 1 2 943 73 131
person 1 798 549 54 139
person 1 35 983 113 93
person 1 880 500 64 145
person 1 1164 617 89 210
person 1 1041 614 66 186
person 1 860 469 61 123
person 1 838 520 49 127
person 1 926 523 61 143
person 1 1831 753 84 227
person 1 1155 586 69 180
