person 1 702 817 114 249
person 1 405 724 121 248
person 1 577 810 119 264
person 1 516 718 105 269
person 1 1453 762 103 237
person 1 1018 644 88 182
person 1 896 602 86 193
person 1 1135 793 100 216
person 1 1575 662 84 200
person 1 626 712 86 220
person 1 1439 527 60 95
person 1 1043 455 49 116
person 1 1116 577 68 171
person 1 760 452 64 136
person 1 1211 691 90 239
person 1 1016 500 63 142
person 1 1299 698 87 225
person 1 0 965 59 113
person 1 52 1006 92 73
person 1 1421 696 90 217
person 1 1517 532 53 99
person 1 883 500 60 136
person 1 916 522 63 136
person 1 806 533 52 136
person 1 838 463 63 118
person 1 1056 582 67 165
