person 1 437 675 103 227
person 1 483 864 128 215
person 1 612 875 122 204
person 1 751 775 103 230
person 1 1083 768 127 233
person 1 1 912 99 167
person 1 1411 514 58 98
person 1 798 546 57 144
person 1 567 668 95 240
person 1 1381 729 86 244
person 1 1296 730 91 246
person 1 1193 724 91 256
person 1 687 666 78 211
person 1 936 527 66 151
person 1 1011 443 47 118
person 1 1642 737 120 227
person 1 878 502 62 149
person 1 835 457 61 131
person 1 1007 611 79 214
person 1 1505 682 93 187
person 1 1491 521 52 101
person 1 1404 656 112 212
person 1 704 453 57 130
person 1 61 944 105 134
person 1 1080 622 79 197
person 1 1804 715 95 227
person 1 1711 671 113 206
person 1 996 530 59 142
person 1 1180 652 84 190
person 1 850 522 48 127
