person 1 408 712 123 247
person 1 682 825 112 255
person 1 558 813 117 263
person 1 1209 692 88 239
person 1 904 602 95 194
person 1 1355 769 126 230
person 1 1055 789 125 222
person 1 632 695 83 226
person 1 523 712 107 254
person 1 771 454 65 136
person 1 1431 521 60 98
person 1 1042 643 86 183
person 1 882 497 64 137
person 1 801 536 54 144
person 1 1132 580 70 172
person 1 1505 526 55 98
person 1 1034 450 48 119
person 1 1014 506 63 138
person 1 1303 706 91 228
person 1 1588 659 90 202
person 1 43 993 102 81
person 1 10 957 66 119
person 1 852 465 65 122
person 1 921 524 57 133
person 1 1108 673 69 162
