person 1 1275 744 97 256
person 1 440 897 133 182
person 1 1177 741 94 259
person 1 583 656 99 238
person 1 1407 516 62 94
person 1 89 927 106 154
person 1 462 662 99 226
person 1 709 656 79 206
person 1 1372 747 86 249
person 1 962 769 129 239
person 1 803 549 58 155
person 1 7 897 106 182
person 1 581 904 115 175
person 1 1416 590 78 189
person 1 949 533 66 154
person 1 1044 633 103 213
person 1 727 459 58 132
person 1 886 508 62 148
person 1 1008 445 48 121
person 1 1477 661 111 219
person 1 635 782 101 209
person 1 999 607 66 184
person 1 1541 733 98 219
person 1 1711 707 87 232
person 1 1605 682 100 193
person 1 1491 522 53 100
person 1 861 464 63 129
person 1 1005 536 62 141
person 1 1148 625 72 198
person 1 1782 707 84 203
person 1 910 474 51 115
