person 1 786 772 134 242
person 1 608 643 96 229
person 1 147 895 106 184
person 1 369 923 145 156
person 1 1146 763 99 276
person 1 1259 767 107 267
person 1 745 640 70 203
person 1 1414 511 59 97
person 1 1370 775 89 258
person 1 1005 576 82 203
person 1 751 463 62 133
person 1 899 513 61 156
person 1 486 641 110 221
person 1 559 934 104 142
person 1 1013 441 47 120
person 1 823 566 55 144
person 1 1062 622 68 193
person 1 1468 599 83 188
person 1 1567 525 62 167
person 1 1570 696 107 228
person 1 497 770 104 226
person 1 1760 710 118 217
person 1 52 868 115 212
person 1 1492 516 54 102
person 1 1155 650 99 206
person 1 1402 719 111 225
person 1 986 537 65 153
person 1 36 1008 105 72
person 1 1641 701 85 206
person 1 947 515 52 150
person 1 851 539 49 126
