person 1 435 677 102 226
person 1 616 873 123 206
person 1 491 864 120 214
person 1 1383 731 84 241
person 1 1295 731 93 243
person 1 562 673 96 250
person 1 1101 766 120 235
person 1 768 776 100 227
person 1 1411 514 59 97
person 1 685 669 78 212
person 1 1197 725 89 255
person 1 1 913 99 164
person 1 1007 618 88 208
person 1 798 546 58 144
person 1 934 530 65 149
person 1 1010 443 47 122
person 1 878 501 63 150
person 1 1499 683 88 190
person 1 832 455 62 135
person 1 60 950 105 128
person 1 1654 743 115 220
person 1 1493 522 50 99
person 1 1704 668 111 217
person 1 701 449 58 131
person 1 1102 605 80 201
person 1 995 522 60 151
person 1 1817 710 90 236
person 1 1171 658 86 192
person 1 1660 649 94 202
