person 1 1407 514 61 96
person 1 1184 734 90 267
person 1 578 661 102 241
person 1 448 877 131 202
person 1 451 661 103 230
person 1 1282 736 94 257
person 1 802 547 57 151
person 1 1375 748 84 244
person 1 591 892 113 186
person 1 699 656 79 209
person 1 1454 657 108 226
person 1 1726 704 118 234
person 1 989 769 128 236
person 1 946 528 65 160
person 1 0 897 104 182
person 1 1009 442 48 121
person 1 879 501 63 149
person 1 82 928 102 151
person 1 678 779 86 212
person 1 1558 740 119 213
person 1 1404 589 81 186
person 1 721 456 57 127
person 1 994 612 73 181
person 1 1030 626 109 207
person 1 1151 607 74 199
person 1 856 457 59 136
person 1 1491 522 53 99
person 1 1006 532 57 136
person 1 845 526 46 125
person 1 1094 634 88 193
