person 1 1261 763 106 254
person 1 399 916 141 173
person 1 858 777 127 238
person 1 1408 515 61 95
person 1 114 908 108 167
person 1 1168 752 93 269
person 1 736 649 73 206
person 1 1373 773 89 259
person 1 478 648 103 230
person 1 811 554 57 152
person 1 600 654 103 231
person 1 1440 597 76 186
person 1 893 512 62 153
person 1 1638 704 101 232
person 1 1094 635 92 215
person 1 1024 615 74 190
person 1 1446 724 117 219
person 1 1008 443 48 120
person 1 1800 666 108 205
person 1 571 919 104 164
person 1 971 550 61 153
person 1 746 466 56 132
person 1 36 876 111 197
person 1 1492 522 51 98
person 1 873 465 61 137
person 1 1514 668 117 209
person 1 1019 544 61 146
person 1 570 786 95 213
person 1 1687 711 75 188
person 1 948 525 52 139
person 1 1056 593 71 198
person 1 848 533 48 132
