person 1 677 834 110 244
person 1 413 714 121 241
person 1 557 826 121 252
person 1 907 608 106 205
person 1 1208 699 93 241
person 1 1356 769 113 226
person 1 637 701 78 220
person 1 1031 783 89 225
person 1 529 715 101 249
person 1 1431 523 60 94
person 1 782 454 66 133
person 1 881 498 63 141
person 1 1015 506 61 138
person 1 1597 664 87 205
person 1 1045 657 87 185
person 1 1030 452 50 121
person 1 1505 527 53 98
person 1 802 542 52 137
person 1 40 992 108 87
person 1 1406 695 88 233
person 1 1130 583 68 171
person 1 1192 618 92 202
person 1 1 959 70 121
person 1 920 520 65 144
person 1 1027 612 66 184
person 1 859 470 61 120
person 1 975 521 61 145
person 1 1107 686 68 148
person 1 1306 705 94 230
