person 1 410 714 120 242
person 1 671 840 112 244
person 1 553 832 120 255
person 1 907 610 108 204
person 1 1206 708 90 240
person 1 1333 761 125 234
person 1 641 702 80 225
person 1 1033 781 94 218
person 1 879 498 65 142
person 1 1428 521 60 97
person 1 525 717 103 247
person 1 779 457 66 130
person 1 34 992 102 84
person 1 1598 660 92 205
person 1 1050 652 84 186
person 1 801 538 52 143
person 1 1014 506 63 137
person 1 1139 583 67 169
person 1 1028 451 48 122
person 1 5 956 69 120
person 1 1503 527 53 96
person 1 1307 704 95 227
person 1 858 470 61 121
person 1 924 522 61 144
person 1 974 519 64 144
