person 1 443 884 130 195
person 1 456 663 101 229
person 1 581 658 102 241
person 1 1180 736 89 265
person 1 1278 742 94 256
person 1 700 658 81 202
person 1 84 927 105 152
person 1 1407 515 61 95
person 1 978 772 131 237
person 1 802 550 57 154
person 1 583 898 118 180
person 1 1372 750 83 246
person 1 1 897 103 182
person 1 944 530 67 158
person 1 1462 658 109 225
person 1 880 505 63 148
person 1 1408 589 79 188
person 1 1033 628 113 217
person 1 1553 733 110 220
person 1 1717 706 109 231
person 1 1007 444 48 124
person 1 664 782 93 218
person 1 994 610 72 180
person 1 722 459 54 127
person 1 858 459 62 134
person 1 1491 524 53 97
person 1 1155 608 74 192
person 1 1006 533 60 134
person 1 846 528 46 122
person 1 1103 632 86 194
person 1 1799 702 95 222
