person 1 536 835 120 242
person 1 654 847 115 232
person 1 416 698 112 242
person 1 656 689 82 223
person 1 1401 711 87 229
person 1 948 607 91 203
person 1 1269 773 115 228
person 1 1418 519 60 96
person 1 938 781 95 227
person 1 1207 699 93 252
person 1 543 697 100 250
person 1 1082 654 85 192
person 1 797 542 55 140
person 1 881 500 62 143
person 1 803 454 64 134
person 1 1594 651 88 201
person 1 1498 520 52 100
person 1 1156 604 85 218
person 1 1021 447 49 117
person 1 1015 506 62 140
person 1 32 982 118 96
person 1 982 526 58 142
person 1 1 943 82 134
person 1 924 524 62 148
person 1 1041 618 70 185
person 1 1817 758 87 224
person 1 864 469 55 118
person 1 839 526 47 115
