person 1 575 663 101 238
person 1 1187 736 88 261
person 1 455 879 129 200
person 1 1376 741 82 247
person 1 592 889 116 189
person 1 1016 766 110 233
person 1 1408 514 61 96
person 1 449 662 103 228
person 1 1288 738 89 252
person 1 801 546 58 152
person 1 1448 655 110 221
person 1 81 929 99 150
person 1 879 501 63 148
person 1 698 658 80 202
person 1 1574 728 118 228
person 1 3 898 103 181
person 1 1008 442 49 119
person 1 1735 706 117 233
person 1 945 531 64 154
person 1 690 779 92 216
person 1 1024 632 105 206
person 1 1150 604 76 202
person 1 718 456 56 127
person 1 991 614 76 175
person 1 1399 590 81 179
person 1 1492 519 52 102
person 1 853 459 58 133
person 1 1001 534 58 133
person 1 847 523 45 125
person 1 1107 627 70 194
