person 1 412 902 142 177
person 1 1372 760 89 258
person 1 727 651 74 205
person 1 1407 515 61 95
person 1 1172 754 91 267
person 1 107 912 106 167
person 1 1264 758 106 254
person 1 473 649 104 228
person 1 889 772 125 244
person 1 809 553 56 153
person 1 1644 703 107 235
person 1 892 510 61 152
person 1 595 656 102 237
person 1 1431 597 77 185
person 1 1090 633 100 217
person 1 1012 617 72 182
person 1 969 544 62 153
person 1 575 911 107 168
person 1 1006 443 48 120
person 1 1478 736 117 212
person 1 738 466 54 130
person 1 1794 664 110 208
person 1 27 883 109 196
person 1 871 465 62 135
person 1 1492 522 52 97
person 1 1521 666 122 213
person 1 1014 541 62 149
person 1 584 779 90 216
person 1 1718 718 77 187
person 1 946 519 51 144
person 1 1052 605 67 195
person 1 20 1017 85 61
