person 1 1260 774 103 269
person 1 160 894 104 185
person 1 1140 767 101 279
person 1 612 637 90 226
person 1 1366 784 90 254
person 1 1415 510 60 93
person 1 827 563 58 153
person 1 765 770 131 243
person 1 902 511 63 154
person 1 362 932 143 147
person 1 999 573 80 203
person 1 552 945 103 134
person 1 761 466 57 133
person 1 1015 439 49 122
person 1 1076 620 80 208
person 1 490 639 105 222
person 1 755 641 71 197
person 1 1563 528 63 159
person 1 469 772 116 219
person 1 1549 692 99 230
person 1 63 861 110 214
person 1 1742 711 117 215
person 1 1479 603 78 183
person 1 1178 641 100 228
person 1 1418 671 117 201
person 1 1617 694 104 210
person 1 953 514 54 151
person 1 57 1004 98 73
person 1 1493 516 53 98
person 1 855 538 49 122
person 1 993 533 58 150
person 1 1809 763 67 153
