person 1 436 674 104 228
person 1 480 867 127 213
person 1 2 909 99 168
person 1 609 874 123 204
person 1 1076 765 126 238
person 1 566 665 96 245
person 1 1192 726 91 255
person 1 1294 731 92 245
person 1 1411 513 58 98
person 1 742 774 103 232
person 1 1382 729 84 244
person 1 797 546 58 143
person 1 1636 739 119 226
person 1 1009 444 48 122
person 1 935 529 66 149
person 1 688 669 78 207
person 1 876 501 63 149
person 1 1010 619 82 210
person 1 1508 687 96 184
person 1 1407 654 112 216
person 1 836 458 61 133
person 1 1491 520 51 104
person 1 705 455 57 129
person 1 64 946 106 131
person 1 1081 618 82 200
person 1 1796 716 98 227
person 1 1713 673 108 206
person 1 996 523 59 143
person 1 1162 606 68 192
