person 1 475 873 127 205
person 1 1061 766 113 238
person 1 1189 729 92 255
person 1 799 545 57 147
person 1 570 660 98 252
person 1 1294 738 94 246
person 1 440 671 105 228
person 1 603 877 125 201
person 1 1381 730 83 245
person 1 877 498 64 150
person 1 2 905 102 173
person 1 1625 734 101 230
person 1 1409 514 60 95
person 1 691 668 80 203
person 1 1018 625 85 204
person 1 1521 680 104 196
person 1 718 775 105 226
person 1 1422 655 106 217
person 1 843 458 63 132
person 1 1009 444 49 122
person 1 938 531 63 150
person 1 707 452 59 133
person 1 66 945 106 136
person 1 1154 606 73 187
person 1 1788 716 93 223
person 1 1491 520 51 100
person 1 1730 670 99 210
person 1 1091 626 74 194
person 1 999 530 57 139
person 1 843 525 47 124
person 1 1679 652 99 218
