person 1 552 681 102 257
person 1 515 847 124 231
person 1 963 616 100 212
person 1 635 862 120 217
person 1 420 688 109 236
person 1 842 778 98 226
person 1 1392 723 83 237
person 1 665 678 80 207
person 1 1414 516 59 96
person 1 0 928 94 152
person 1 1171 772 133 228
person 1 1300 719 92 245
person 1 879 495 62 150
person 1 1013 445 48 123
person 1 796 543 57 146
person 1 1120 651 93 195
person 1 1726 753 123 222
person 1 1493 525 52 99
person 1 1057 621 70 188
person 1 820 456 63 131
person 1 1445 675 102 193
person 1 1623 652 104 204
person 1 928 527 63 145
person 1 1007 512 60 138
person 1 41 965 116 115
