person 1 566 813 118 262
person 1 407 718 122 246
person 1 693 822 110 251
person 1 1214 697 87 239
person 1 1392 768 121 230
person 1 899 603 93 196
person 1 517 716 108 253
person 1 1072 784 122 229
person 1 1030 646 87 180
person 1 1435 526 59 96
person 1 627 706 83 224
person 1 49 998 100 81
person 1 770 456 63 137
person 1 804 536 54 144
person 1 1121 583 73 172
person 1 1302 710 90 229
person 1 1581 661 95 204
person 1 1016 505 62 137
person 1 881 502 62 136
person 1 0 959 65 120
person 1 1038 454 49 118
person 1 1511 530 54 98
person 1 847 466 64 119
person 1 919 526 58 139
