person 1 562 818 120 259
person 1 686 825 113 249
person 1 403 717 122 244
person 1 1395 768 102 230
person 1 516 709 109 260
person 1 1208 701 88 236
person 1 901 606 87 194
person 1 1301 717 90 227
person 1 1574 660 94 210
person 1 762 456 62 134
person 1 1028 659 89 181
person 1 624 704 84 221
person 1 1122 586 71 165
person 1 1081 792 103 217
person 1 1433 527 59 95
person 1 1037 455 48 116
person 1 51 997 97 77
person 1 1014 507 62 141
person 1 802 539 54 140
person 1 880 507 63 135
person 1 5 957 60 117
person 1 840 465 65 117
person 1 1509 532 55 99
person 1 948 603 72 186
person 1 1052 583 66 171
person 1 916 530 62 137
