person 1 596 877 127 204
person 1 441 670 106 227
person 1 570 657 97 247
person 1 463 881 126 209
person 1 -3 898 100 172
person 1 1288 741 94 247
person 1 1035 768 119 235
person 1 1187 734 92 250
person 1 798 543 58 146
person 1 713 773 107 226
person 1 1408 512 58 96
person 1 1377 736 81 244
person 1 694 665 77 207
person 1 1006 444 49 122
person 1 876 498 63 149
person 1 1026 628 83 205
person 1 1413 659 110 220
person 1 938 532 67 152
person 1 1601 731 108 225
person 1 78 937 104 136
person 1 704 447 57 135
person 1 1539 689 98 188
person 1 839 455 62 136
person 1 1490 520 51 100
person 1 1791 716 94 223
person 1 1153 604 72 183
person 1 1082 623 74 194
person 1 1747 670 99 206
person 1 999 533 58 142
person 1 1698 654 92 210
