person 1 537 837 115 241
person 1 415 694 111 242
person 1 649 846 120 233
person 1 654 687 82 223
person 1 914 777 105 229
person 1 1398 710 88 233
person 1 950 607 88 203
person 1 1417 517 60 97
person 1 1259 768 108 231
person 1 543 696 101 253
person 1 879 496 64 148
person 1 1081 659 87 189
person 1 1206 707 95 247
person 1 809 455 63 132
person 1 796 542 54 140
person 1 1495 524 51 97
person 1 1623 666 106 203
person 1 26 976 117 104
person 1 1044 619 71 185
person 1 1012 504 63 142
person 1 1799 761 94 221
person 1 1019 447 47 119
person 1 1141 610 92 210
person 1 922 526 64 140
person 1 984 527 57 137
person 1 832 527 56 121
