person 1 440 890 131 188
person 1 1276 741 97 257
person 1 584 656 95 237
person 1 460 661 101 229
person 1 1179 738 92 263
person 1 4 899 107 180
person 1 806 547 57 155
person 1 583 904 116 175
person 1 1408 516 62 94
person 1 967 773 132 237
person 1 1372 751 85 245
person 1 705 656 80 201
person 1 89 927 104 152
person 1 1040 629 107 221
person 1 949 532 67 156
person 1 1008 446 49 123
person 1 1472 657 112 226
person 1 1413 592 79 185
person 1 885 505 63 151
person 1 1713 704 94 237
person 1 1543 734 110 220
person 1 728 460 55 124
person 1 1491 524 53 98
person 1 646 780 97 216
person 1 996 608 70 182
person 1 860 460 62 131
person 1 1595 685 104 188
person 1 1006 534 62 140
person 1 1147 623 73 197
person 1 1788 714 78 202
