person 1 565 814 121 261
person 1 406 718 124 247
person 1 694 822 111 251
person 1 1405 765 113 233
person 1 1213 697 88 239
person 1 515 716 109 257
person 1 897 601 91 199
person 1 1025 650 91 182
person 1 769 456 62 136
person 1 1078 784 117 226
person 1 1438 528 59 96
person 1 625 707 84 225
person 1 1040 454 48 118
person 1 1302 710 90 226
person 1 1120 584 73 167
person 1 52 997 97 80
person 1 1016 506 62 138
person 1 803 543 54 139
person 1 1577 658 96 205
person 1 881 503 61 134
person 1 1 959 64 120
person 1 1515 533 55 98
person 1 846 466 63 117
person 1 918 526 61 137
person 1 1054 579 63 169
