person 1 911 604 104 207
person 1 416 712 120 241
person 1 675 834 111 244
person 1 556 825 119 254
person 1 1209 700 91 245
person 1 1353 765 109 232
person 1 641 698 78 220
person 1 531 714 100 242
person 1 1023 780 93 227
person 1 1431 522 59 96
person 1 783 454 67 131
person 1 882 501 61 140
person 1 1016 504 64 141
person 1 1603 665 91 206
person 1 38 989 110 90
person 1 802 542 53 138
person 1 1056 658 84 187
person 1 1408 697 87 237
person 1 1506 527 54 98
person 1 1137 585 70 172
person 1 1188 617 90 205
person 1 3 956 70 123
person 1 977 525 59 139
person 1 922 521 63 146
person 1 1029 610 65 186
person 1 860 468 58 120
person 1 1110 675 64 158
person 1 1030 451 50 123
