person 1 475 874 125 205
person 1 1191 731 90 260
person 1 1294 740 93 244
person 1 1380 731 84 245
person 1 570 661 99 249
person 1 440 670 106 226
person 1 602 879 122 199
person 1 799 543 57 148
person 1 1409 513 60 96
person 1 1055 774 111 228
person 1 1619 733 102 229
person 1 878 499 63 150
person 1 1 908 103 172
person 1 1018 628 86 206
person 1 692 667 78 204
person 1 1525 675 102 201
person 1 708 776 110 226
person 1 1425 656 108 217
person 1 63 946 109 137
person 1 938 533 64 148
person 1 1007 444 50 121
person 1 1774 710 102 230
person 1 710 452 59 132
person 1 844 458 61 134
person 1 1155 606 74 193
person 1 1491 519 51 101
person 1 1100 626 71 191
person 1 998 531 59 141
person 1 1694 659 97 205
person 1 842 520 48 131
