person 1 546 830 121 249
person 1 417 705 116 238
person 1 663 841 114 237
person 1 932 604 99 205
person 1 961 781 115 229
person 1 1210 700 89 251
person 1 651 691 82 227
person 1 1297 772 117 228
person 1 1404 707 90 237
person 1 1423 519 60 95
person 1 535 698 104 255
person 1 1067 653 83 193
person 1 1609 664 101 211
person 1 1500 523 53 101
person 1 797 454 63 134
person 1 35 986 114 93
person 1 798 546 56 140
person 1 882 501 61 143
person 1 1014 506 65 141
person 1 3 947 73 132
person 1 1025 448 50 126
person 1 1165 614 85 207
person 1 1034 619 67 179
person 1 1828 752 87 227
person 1 923 524 61 142
person 1 836 518 50 131
person 1 864 468 55 129
