person 1 686 827 112 249
person 1 565 820 115 259
person 1 409 716 122 247
person 1 901 605 102 197
person 1 1372 772 131 226
person 1 1432 524 60 98
person 1 1209 699 91 237
person 1 522 715 106 254
person 1 630 699 81 225
person 1 1053 790 113 218
person 1 881 500 62 139
person 1 773 457 65 132
person 1 1038 644 85 186
person 1 1305 706 92 229
person 1 1129 581 67 174
person 1 47 996 101 83
person 1 1034 451 48 121
person 1 1506 529 54 97
person 1 1595 659 84 204
person 1 1017 507 62 135
person 1 804 540 51 141
person 1 2 961 65 118
person 1 851 469 63 118
person 1 976 522 60 143
person 1 921 523 63 139
person 1 1099 685 70 161
