person 1 436 901 131 189
person 1 465 662 102 228
person 1 1275 751 96 256
person 1 588 652 97 238
person 1 1174 740 90 262
person 1 808 551 57 152
person 1 712 656 80 204
person 1 1370 755 85 246
person 1 1407 516 61 95
person 1 14 898 106 179
person 1 576 904 119 179
person 1 943 781 130 232
person 1 97 926 105 151
person 1 1050 635 110 218
person 1 1008 446 48 125
person 1 1526 728 108 224
person 1 949 535 67 157
person 1 1418 591 78 189
person 1 888 507 62 150
person 1 1474 661 116 225
person 1 737 458 55 125
person 1 1716 704 95 235
person 1 1492 524 53 99
person 1 650 780 92 223
person 1 862 461 61 134
person 1 998 609 71 182
person 1 1566 682 103 185
person 1 1140 621 73 198
person 1 1010 537 60 136
person 1 1791 723 86 202
person 1 850 524 48 128
person 1 912 473 49 122
