person 1 568 662 95 248
person 1 437 673 105 228
person 1 603 875 129 204
person 1 475 871 128 210
person 1 1191 727 91 254
person 1 1293 733 93 248
person 1 1070 768 125 235
person 1 0 906 99 171
person 1 1381 734 82 240
person 1 1410 514 59 95
person 1 690 668 79 204
person 1 879 501 61 149
person 1 937 529 66 154
person 1 797 547 59 145
person 1 1408 657 113 218
person 1 706 451 57 132
person 1 1632 738 118 226
person 1 1013 623 86 206
person 1 1008 443 48 122
person 1 1515 684 98 189
person 1 732 775 103 228
person 1 65 945 109 132
person 1 837 458 62 130
person 1 1492 520 50 101
person 1 1084 623 78 197
person 1 1159 606 67 182
person 1 1795 718 94 223
person 1 1723 673 107 201
person 1 996 532 58 140
