person 1 1175 748 93 254
person 1 436 898 135 181
person 1 1275 746 96 257
person 1 1372 748 86 248
person 1 582 906 114 173
person 1 8 894 106 184
person 1 711 656 78 206
person 1 957 768 119 239
person 1 465 660 98 228
person 1 1408 514 62 95
person 1 589 655 101 235
person 1 807 548 58 154
person 1 1048 631 109 218
person 1 92 924 106 156
person 1 1418 591 77 186
person 1 950 533 65 153
person 1 887 503 64 152
person 1 1007 443 49 123
person 1 730 458 58 131
person 1 999 609 67 182
person 1 1701 704 89 234
person 1 631 778 101 218
person 1 1612 681 100 193
person 1 1539 721 90 234
person 1 1492 522 52 100
person 1 1482 660 114 216
person 1 1007 535 62 139
person 1 864 462 61 130
person 1 1148 626 73 196
person 1 1778 707 75 189
person 1 1812 672 94 194
