person 1 362 926 143 159
person 1 612 642 95 229
person 1 1140 764 100 273
person 1 1260 768 108 266
person 1 773 774 128 240
person 1 1414 510 60 97
person 1 748 634 70 206
person 1 1368 784 91 258
person 1 158 888 105 183
person 1 1000 575 84 201
person 1 488 638 107 220
person 1 827 568 57 142
person 1 754 461 63 134
person 1 1014 441 46 119
person 1 1550 695 110 230
person 1 554 941 105 143
person 1 1479 597 79 183
person 1 902 515 63 154
person 1 1067 620 69 195
person 1 503 768 97 224
person 1 54 857 114 213
person 1 1568 523 63 165
person 1 1773 707 110 213
person 1 1145 644 97 210
person 1 1495 515 52 99
person 1 987 541 64 147
person 1 1401 720 113 219
person 1 952 513 51 153
person 1 47 1001 104 68
person 1 1624 707 76 185
person 1 856 539 48 119
