person 1 1259 771 106 252
person 1 603 643 100 236
person 1 1370 760 94 263
person 1 393 915 139 164
person 1 1161 756 96 276
person 1 848 771 116 244
person 1 129 905 104 171
person 1 480 648 105 223
person 1 1411 513 60 97
person 1 737 647 71 205
person 1 895 508 64 156
person 1 1033 623 76 194
person 1 745 464 66 131
person 1 39 876 112 195
person 1 817 562 58 152
person 1 1607 706 96 229
person 1 1493 517 52 102
person 1 536 773 100 229
person 1 1010 444 46 123
person 1 1449 600 83 180
person 1 564 925 105 154
person 1 976 544 59 149
person 1 1703 682 90 203
person 1 1454 724 76 217
person 1 1115 656 102 200
person 1 946 517 51 149
person 1 1811 715 90 219
person 1 849 540 47 130
person 1 27 1026 91 57
person 1 1026 537 56 142
