person 1 405 724 122 247
person 1 702 821 113 248
person 1 572 815 123 260
person 1 1445 763 99 239
person 1 515 717 107 264
person 1 626 712 85 220
person 1 1575 662 84 204
person 1 1124 792 102 223
person 1 897 603 84 193
person 1 1021 652 84 176
person 1 1210 696 93 236
person 1 1436 528 59 95
person 1 1115 578 70 172
person 1 762 453 64 136
person 1 1300 702 87 227
person 1 1043 456 48 116
person 1 806 534 54 142
person 1 50 1004 97 74
person 1 1 964 60 115
person 1 883 501 60 135
person 1 1016 501 62 140
person 1 915 524 63 137
person 1 1516 534 54 99
person 1 840 464 64 117
person 1 1421 698 89 215
person 1 1053 580 66 168
