person 1 719 654 76 205
person 1 807 551 57 150
person 1 935 765 114 243
person 1 1173 753 94 257
person 1 1274 748 96 259
person 1 1408 513 61 95
person 1 426 896 140 183
person 1 469 654 100 228
person 1 1372 755 90 247
person 1 1057 630 110 219
person 1 594 655 97 235
person 1 11 895 109 186
person 1 95 921 105 160
person 1 1423 595 77 183
person 1 955 535 66 153
person 1 578 911 116 169
person 1 888 501 66 154
person 1 1001 617 73 183
person 1 1007 441 48 122
person 1 733 463 54 129
person 1 1673 709 106 227
person 1 1491 520 53 99
person 1 1516 728 94 227
person 1 864 459 63 132
person 1 611 778 99 213
person 1 1011 537 60 140
person 1 1762 662 127 210
person 1 1627 681 101 191
person 1 1167 628 65 197
