person 1 576 811 118 266
person 1 403 716 122 256
person 1 1429 758 108 236
person 1 698 824 113 246
person 1 517 717 105 266
person 1 616 716 86 228
person 1 1575 659 82 203
person 1 896 603 90 194
person 1 1024 650 88 180
person 1 1437 522 60 95
person 1 1119 579 68 171
person 1 763 452 64 139
person 1 1139 788 98 216
person 1 1015 496 63 141
person 1 1211 699 86 232
person 1 1041 448 48 121
person 1 1415 689 84 223
person 1 1295 698 87 227
person 1 882 495 62 134
person 1 60 997 90 71
person 1 803 532 53 138
person 1 1516 525 54 102
person 1 2 961 57 113
person 1 835 459 61 119
person 1 1061 584 67 172
person 1 919 522 62 139
