person 1 421 692 109 241
person 1 534 837 114 241
person 1 646 850 120 229
person 1 1396 712 87 235
person 1 953 612 89 204
person 1 884 780 118 225
person 1 550 692 102 251
person 1 661 683 79 215
person 1 1418 517 60 97
person 1 882 497 64 151
person 1 1242 761 106 239
person 1 814 453 62 135
person 1 1045 618 72 186
person 1 1631 670 108 202
person 1 1095 659 91 186
person 1 799 542 53 140
person 1 1497 523 51 99
person 1 1015 507 62 140
person 1 1019 446 48 121
person 1 1780 751 105 228
person 1 30 976 117 106
person 1 986 528 59 140
person 1 0 939 83 142
person 1 1426 668 98 194
person 1 838 526 51 120
person 1 1308 717 95 242
person 1 1163 680 66 167
person 1 928 530 62 140
