person 1 415 700 113 242
person 1 537 834 119 243
person 1 654 845 116 233
person 1 1401 712 87 229
person 1 655 689 82 223
person 1 945 606 92 204
person 1 1418 519 60 96
person 1 1266 768 111 233
person 1 928 782 99 225
person 1 795 540 56 143
person 1 542 696 101 253
person 1 879 500 62 141
person 1 805 454 62 132
person 1 1498 521 51 100
person 1 1082 655 84 192
person 1 1207 701 91 252
person 1 25 980 119 101
person 1 1621 665 103 203
person 1 1019 447 48 121
person 1 1145 609 92 215
person 1 0 943 80 137
person 1 921 523 64 148
person 1 1040 621 71 186
person 1 1014 504 63 145
person 1 980 526 60 140
person 1 1806 758 90 225
person 1 838 527 46 111
