person 1 1299 726 92 244
person 1 427 681 104 232
person 1 502 858 121 221
person 1 621 866 120 213
person 1 1412 513 59 97
person 1 790 782 109 218
person 1 560 681 99 248
person 1 679 673 77 209
person 1 982 616 103 211
person 1 1137 769 116 231
person 1 1471 677 93 190
person 1 1 917 97 162
person 1 1384 722 82 238
person 1 796 540 59 148
person 1 878 498 62 150
person 1 1495 520 51 101
person 1 53 954 108 124
person 1 826 453 62 134
person 1 934 525 63 151
person 1 1694 744 94 223
person 1 1010 443 48 123
person 1 1199 725 88 243
person 1 1648 651 92 203
person 1 1151 653 88 209
person 1 1108 598 82 207
person 1 1066 620 72 195
person 1 693 443 60 131
person 1 845 523 45 120
person 1 995 525 59 148
