person 1 553 685 103 250
person 1 963 611 96 212
person 1 637 860 121 219
person 1 519 841 126 237
person 1 419 689 110 237
person 1 664 678 79 209
person 1 1416 515 59 98
person 1 1393 721 81 240
person 1 1734 750 129 226
person 1 1186 768 127 240
person 1 856 782 106 220
person 1 0 934 94 147
person 1 798 541 55 146
person 1 879 498 60 147
person 1 1298 718 95 246
person 1 1495 522 52 102
person 1 1116 656 86 192
person 1 927 526 64 147
person 1 1053 621 70 190
person 1 1441 673 97 194
person 1 817 455 63 132
person 1 1619 654 101 204
person 1 1015 445 47 122
person 1 1009 509 61 143
person 1 40 968 116 113
