person 1 556 826 121 253
person 1 904 604 107 209
person 1 679 833 111 246
person 1 409 715 122 242
person 1 1206 698 93 242
person 1 1431 523 60 96
person 1 1039 787 92 218
person 1 1360 763 120 233
person 1 637 699 78 225
person 1 525 716 102 248
person 1 880 500 64 140
person 1 1597 662 89 205
person 1 777 456 68 131
person 1 1043 650 85 182
person 1 42 995 106 85
person 1 802 538 52 143
person 1 1015 508 62 137
person 1 1133 581 65 173
person 1 1030 452 50 120
person 1 1 958 68 121
person 1 1505 527 53 98
person 1 918 521 64 144
person 1 857 469 61 121
person 1 1302 705 97 228
person 1 977 520 58 141
