person 1 945 769 110 241
person 1 428 896 138 183
person 1 806 548 58 152
person 1 1172 753 96 255
person 1 1275 747 94 257
person 1 1408 513 61 96
person 1 468 654 99 229
person 1 1372 753 89 249
person 1 591 655 99 236
person 1 717 654 76 208
person 1 1051 631 110 220
person 1 10 894 108 186
person 1 579 907 116 172
person 1 96 920 104 158
person 1 1421 594 78 181
person 1 887 503 66 153
person 1 1007 443 48 121
person 1 953 534 67 151
person 1 1525 724 90 238
person 1 1685 710 94 226
person 1 732 461 57 129
person 1 1492 521 53 101
person 1 1000 615 70 178
person 1 618 779 101 213
person 1 1617 681 104 194
person 1 865 462 60 131
person 1 1008 536 61 143
person 1 1767 659 117 214
person 1 1156 628 68 196
person 1 921 471 51 125
