person 1 417 706 117 238
person 1 552 831 119 247
person 1 928 602 102 206
person 1 667 835 117 242
person 1 1211 702 91 246
person 1 1428 521 60 95
person 1 1408 707 89 237
person 1 651 694 81 220
person 1 1611 665 94 208
person 1 977 784 116 227
person 1 1063 654 86 191
person 1 536 705 102 249
person 1 1321 772 105 230
person 1 36 985 112 94
person 1 795 454 63 133
person 1 1027 450 50 122
person 1 801 543 54 141
person 1 1015 506 64 141
person 1 880 498 63 148
person 1 2 951 72 128
person 1 1173 615 90 211
person 1 1503 525 54 102
person 1 1032 613 67 184
person 1 1147 582 70 177
person 1 922 521 60 143
person 1 837 517 47 130
person 1 1123 695 68 150
person 1 979 529 58 139
