person 1 630 860 120 218
person 1 420 686 109 240
person 1 965 616 103 211
person 1 510 853 124 225
person 1 554 679 103 253
person 1 670 678 79 207
person 1 0 926 91 153
person 1 1304 720 88 244
person 1 1162 770 126 227
person 1 1415 514 58 97
person 1 816 778 110 224
person 1 1387 717 84 241
person 1 796 541 57 146
person 1 880 498 60 150
person 1 1722 750 107 222
person 1 1494 521 51 101
person 1 1450 674 106 196
person 1 1058 620 69 190
person 1 43 963 114 116
person 1 1129 652 92 198
person 1 1670 664 106 220
person 1 1012 443 48 121
person 1 822 456 63 134
person 1 932 528 62 141
person 1 1003 514 58 139
