person 1 645 851 118 228
person 1 420 691 110 240
person 1 1395 712 87 238
person 1 534 839 114 239
person 1 954 610 89 205
person 1 551 692 101 253
person 1 1229 764 110 236
person 1 1417 517 60 96
person 1 662 682 79 214
person 1 880 785 125 221
person 1 881 496 64 150
person 1 1047 618 72 185
person 1 1770 751 107 229
person 1 1097 661 87 187
person 1 1497 524 51 99
person 1 816 453 64 135
person 1 799 543 54 142
person 1 1015 504 62 145
person 1 1635 670 109 204
person 1 35 977 117 102
person 1 1021 446 48 121
person 1 1428 671 97 190
person 1 5 937 82 142
person 1 1139 610 85 189
person 1 986 529 58 134
person 1 1304 717 95 243
person 1 1172 692 68 157
person 1 835 524 53 129
person 1 928 531 65 137
