person 1 1187 734 90 262
person 1 459 878 127 200
person 1 575 664 99 236
person 1 1376 738 81 248
person 1 801 543 58 153
person 1 447 663 103 225
person 1 596 886 117 191
person 1 1406 514 62 94
person 1 1288 739 90 249
person 1 1026 766 102 237
person 1 2 899 102 180
person 1 1442 655 111 223
person 1 877 499 62 148
person 1 694 782 98 213
person 1 1581 732 114 222
person 1 697 658 80 204
person 1 943 532 64 152
person 1 77 931 100 148
person 1 1008 443 49 121
person 1 1744 703 115 236
person 1 1021 634 97 200
person 1 717 455 56 128
person 1 1557 677 91 192
person 1 989 612 78 179
person 1 852 458 58 128
person 1 1148 604 78 201
person 1 1492 519 52 103
person 1 1399 589 77 179
person 1 1707 654 105 212
person 1 1001 530 57 138
person 1 1096 625 74 198
person 1 846 520 44 124
