person 1 470 874 124 205
person 1 1191 733 89 261
person 1 1292 741 93 244
person 1 799 545 57 147
person 1 600 881 123 198
person 1 441 668 106 227
person 1 1053 768 104 236
person 1 572 662 97 246
person 1 1378 733 84 246
person 1 878 499 62 150
person 1 1612 728 104 232
person 1 1018 627 91 208
person 1 1409 513 60 96
person 1 3 904 101 175
person 1 1531 677 103 201
person 1 693 665 79 206
person 1 1427 655 111 222
person 1 700 776 115 226
person 1 1772 708 101 237
person 1 938 535 63 146
person 1 69 938 110 141
person 1 1008 444 50 122
person 1 712 453 58 130
person 1 846 458 60 133
person 1 1155 605 73 194
person 1 1492 520 51 100
person 1 1690 656 100 209
person 1 1001 531 57 141
person 1 842 522 49 130
