person 1 831 768 121 244
person 1 385 920 138 166
person 1 1163 759 93 271
person 1 1258 774 108 251
person 1 136 908 103 167
person 1 483 643 106 227
person 1 1373 762 93 258
person 1 1411 512 61 94
person 1 897 507 65 152
person 1 605 640 99 233
person 1 741 647 73 204
person 1 818 556 59 154
person 1 1452 598 83 186
person 1 750 463 66 133
person 1 1034 618 79 195
person 1 1465 710 90 223
person 1 1012 441 47 120
person 1 44 873 109 197
person 1 979 542 59 150
person 1 1494 516 51 98
person 1 1669 706 94 197
person 1 539 779 107 220
person 1 1572 657 118 225
person 1 1110 639 102 212
person 1 561 926 103 160
person 1 1811 660 105 226
person 1 1601 698 91 221
person 1 948 519 52 144
person 1 1029 538 60 145
person 1 851 533 47 129
person 1 36 1017 86 57
person 1 1164 632 86 215
