person 1 610 882 124 203
person 1 438 673 102 227
person 1 477 866 125 214
person 1 1293 730 94 246
person 1 1061 773 122 233
person 1 566 665 95 238
person 1 1380 737 86 243
person 1 1408 513 58 98
person 1 751 773 101 229
person 1 690 662 78 212
person 1 -3 908 100 165
person 1 1193 722 89 256
person 1 1020 620 85 206
person 1 798 544 58 145
person 1 1630 739 121 223
person 1 833 457 61 132
person 1 935 526 67 152
person 1 877 501 63 150
person 1 1006 441 48 123
person 1 1522 684 85 185
person 1 1491 521 50 98
person 1 1809 707 95 235
person 1 64 944 104 129
person 1 1393 661 117 212
person 1 701 452 59 130
person 1 1716 673 107 208
person 1 996 520 58 149
person 1 1173 656 87 196
person 1 1085 608 74 194
