person 1 807 766 106 251
person 1 1151 776 96 274
person 1 376 914 139 166
person 1 1252 772 107 253
person 1 608 642 96 238
person 1 1369 772 88 253
person 1 1412 511 60 95
person 1 145 895 105 175
person 1 483 643 107 224
person 1 741 644 71 206
person 1 1567 702 112 232
person 1 820 568 58 150
person 1 751 467 64 129
person 1 48 872 110 199
person 1 897 511 63 154
person 1 1464 604 81 176
person 1 1013 445 46 116
person 1 553 933 103 151
person 1 1416 723 85 218
person 1 1494 516 51 100
person 1 516 776 103 224
person 1 1018 581 84 195
person 1 1128 649 104 206
person 1 949 515 51 152
person 1 1694 686 92 197
person 1 984 546 60 149
person 1 1803 711 93 216
person 1 1644 718 89 183
person 1 854 541 49 130
person 1 1386 677 98 188
person 1 30 1008 96 62
person 1 1570 521 59 146
