person 1 1467 769 118 228
person 1 706 816 112 244
person 1 406 726 119 252
person 1 585 805 115 267
person 1 891 602 85 191
person 1 517 727 107 265
person 1 1573 660 83 200
person 1 1442 530 60 96
person 1 624 712 87 238
person 1 1015 642 84 182
person 1 756 451 63 139
person 1 1417 695 86 221
person 1 1156 792 109 221
person 1 1047 456 48 121
person 1 1114 580 68 171
person 1 1016 501 62 141
person 1 883 497 64 137
person 1 807 536 52 138
person 1 1298 691 84 229
person 1 1522 532 55 102
person 1 0 961 53 115
person 1 1207 695 90 228
person 1 1059 588 67 163
person 1 835 465 61 120
person 1 56 1010 88 67
person 1 1080 669 63 149
person 1 920 524 56 136
person 1 944 604 72 187
