person 1 585 803 116 262
person 1 706 814 112 239
person 1 1452 772 122 230
person 1 408 727 119 253
person 1 518 729 107 266
person 1 1420 693 88 222
person 1 1166 783 120 235
person 1 1017 643 88 181
person 1 891 603 89 192
person 1 1576 656 82 205
person 1 1439 525 60 97
person 1 754 449 61 136
person 1 1116 577 69 175
person 1 1043 454 48 122
person 1 808 535 52 139
person 1 1018 499 63 143
person 1 1519 530 53 100
person 1 883 493 63 140
person 1 6 962 52 113
person 1 1305 696 81 223
person 1 835 466 54 119
person 1 62 1010 83 63
person 1 919 531 61 139
person 1 1064 582 65 165
person 1 1083 668 66 152
