person 1 1244 794 115 259
person 1 659 768 126 244
person 1 1113 780 111 278
person 1 613 627 92 219
person 1 1360 794 101 270
person 1 777 627 73 197
person 1 982 571 82 200
person 1 501 622 99 219
person 1 1420 506 62 95
person 1 198 869 104 209
person 1 329 954 146 124
person 1 520 965 127 113
person 1 421 769 91 218
person 1 1037 573 70 186
person 1 1483 686 103 229
person 1 836 567 59 149
person 1 1153 622 82 188
person 1 909 515 63 154
person 1 773 470 56 134
person 1 1019 436 49 121
person 1 1663 703 108 215
person 1 1514 604 82 181
person 1 1722 675 117 201
person 1 91 845 109 225
person 1 1553 710 82 188
person 1 1496 504 52 100
person 1 713 447 60 117
person 1 1363 645 89 199
person 1 1432 609 76 193
person 1 1544 536 61 151
person 1 804 454 48 125
person 1 1225 587 56 183
