person 1 1016 903 117 175
person 1 1148 910 130 166
person 1 1280 924 122 155
person 1 266 855 116 224
person 1 373 784 102 248
person 1 168 772 79 247
person 1 887 603 70 173
person 1 1055 432 54 123
person 1 1008 644 81 200
person 1 645 606 74 188
person 1 1442 508 60 96
person 1 813 499 62 147
person 1 912 543 67 174
person 1 1468 695 81 206
person 1 574 576 76 198
person 1 997 502 66 134
person 1 1127 600 71 191
person 1 1668 660 84 206
person 1 1054 580 67 188
person 1 1157 668 80 216
person 1 842 471 59 126
person 1 1568 673 82 211
person 1 902 481 59 120
person 1 787 472 56 121
person 1 1064 515 56 132
person 1 1198 584 59 187
person 1 863 578 53 145
person 1 751 471 51 116
person 1 1390 664 93 204
person 1 1416 507 45 99
person 1 961 489 47 118
