person 1 1087 839 115 248
person 1 618 599 86 214
person 1 308 822 104 249
person 1 1234 844 123 242
person 1 387 770 131 242
person 1 988 567 71 196
person 1 766 616 80 188
person 1 1334 851 107 236
person 1 498 598 95 212
person 1 193 914 106 163
person 1 921 533 64 165
person 1 1049 430 55 121
person 1 1159 664 75 195
person 1 801 476 60 143
person 1 970 483 64 135
person 1 1451 685 107 218
person 1 1051 571 67 187
person 1 869 577 59 165
person 1 1155 583 72 185
person 1 752 454 61 125
person 1 1686 737 105 183
person 1 1109 557 65 162
person 1 1390 693 74 192
person 1 1441 501 60 98
person 1 1478 499 52 94
person 1 873 469 57 115
person 1 1517 754 83 144
person 1 1583 651 103 211
person 1 1230 578 53 183
person 1 1419 551 69 168
person 1 1752 738 68 155
