person 1 666 769 139 244
person 1 614 628 93 220
person 1 1116 784 109 274
person 1 1245 792 116 262
person 1 1360 795 101 269
person 1 982 569 82 202
person 1 1422 508 61 94
person 1 776 627 75 196
person 1 193 868 106 211
person 1 498 623 101 219
person 1 325 955 152 124
person 1 524 966 124 113
person 1 907 518 64 152
person 1 1037 574 72 186
person 1 424 771 90 217
person 1 1485 678 103 237
person 1 773 470 56 135
person 1 1150 620 80 186
person 1 835 567 59 146
person 1 1021 437 49 122
person 1 1664 702 110 217
person 1 89 851 109 220
person 1 1557 709 85 188
person 1 1721 670 113 194
person 1 1513 606 81 183
person 1 1496 508 53 101
person 1 1427 610 82 194
person 1 712 447 59 118
person 1 1547 535 61 156
person 1 799 452 51 125
person 1 1224 589 55 180
person 1 832 482 49 107
person 1 1366 650 77 182
