person 1 230 879 104 200
person 1 1177 875 142 204
person 1 1057 864 120 213
person 1 342 798 103 263
person 1 1320 881 113 196
person 1 596 587 85 207
person 1 705 608 77 193
person 1 986 572 69 197
person 1 1079 660 81 195
person 1 1048 427 55 117
person 1 912 536 65 174
person 1 879 588 60 168
person 1 747 458 55 127
person 1 1195 667 104 225
person 1 806 485 58 147
person 1 979 491 71 135
person 1 1399 671 92 210
person 1 1127 586 73 188
person 1 1669 669 117 221
person 1 1439 506 60 95
person 1 1531 730 91 191
person 1 1077 541 72 172
person 1 175 768 93 215
person 1 888 470 58 126
person 1 1475 665 91 197
person 1 1631 641 85 205
person 1 830 462 56 125
person 1 1217 578 56 179
person 1 1044 571 63 187
person 1 1044 503 56 125
