person 1 1169 888 137 192
person 1 245 873 107 206
person 1 1039 882 116 197
person 1 355 796 104 254
person 1 1307 898 117 181
person 1 588 579 84 204
person 1 686 606 79 193
person 1 1050 654 83 196
person 1 1385 666 93 214
person 1 806 492 60 144
person 1 1169 666 105 224
person 1 884 594 61 170
person 1 1050 431 55 115
person 1 984 493 69 135
person 1 992 569 68 203
person 1 910 539 65 173
person 1 187 767 120 250
person 1 1639 648 85 203
person 1 1123 590 72 190
person 1 893 475 58 125
person 1 752 466 52 120
person 1 1729 677 117 224
person 1 831 465 59 125
person 1 1095 545 69 179
person 1 1438 508 59 92
person 1 1493 725 92 190
person 1 1054 505 53 121
person 1 1208 576 58 183
person 1 1547 651 100 209
person 1 1450 740 75 152
