person 1 1170 884 136 195
person 1 1039 879 115 200
person 1 352 796 106 255
person 1 1306 897 116 182
person 1 686 608 82 192
person 1 589 580 84 204
person 1 244 874 107 204
person 1 1386 669 92 208
person 1 1055 656 81 195
person 1 910 538 65 175
person 1 984 493 71 135
person 1 805 491 61 146
person 1 1051 431 55 115
person 1 992 571 67 199
person 1 1176 668 101 223
person 1 882 595 61 170
person 1 1638 647 83 205
person 1 1126 590 70 189
person 1 751 466 52 121
person 1 891 475 59 125
person 1 192 774 123 245
person 1 1094 546 67 177
person 1 831 464 57 127
person 1 1720 681 103 218
person 1 1436 507 58 93
person 1 1498 726 91 188
person 1 1544 650 98 208
person 1 1452 741 72 153
person 1 1054 506 53 121
person 1 1210 580 57 179
