person 1 1150 902 129 177
person 1 256 861 117 218
person 1 1018 897 118 181
person 1 362 783 104 253
person 1 1282 908 124 169
person 1 581 579 80 203
person 1 169 765 88 255
person 1 1052 429 55 119
person 1 883 598 70 170
person 1 810 495 62 148
person 1 1019 639 81 204
person 1 658 608 69 186
person 1 1441 507 59 96
person 1 1384 661 95 213
person 1 1657 653 82 208
person 1 990 498 68 136
person 1 1157 673 87 214
person 1 914 540 65 178
person 1 1124 590 73 192
person 1 838 460 61 131
person 1 1544 671 95 203
person 1 897 474 59 124
person 1 1447 729 80 181
person 1 995 574 70 194
person 1 1058 506 59 126
person 1 750 467 50 120
person 1 1414 503 47 100
person 1 785 463 54 125
person 1 864 578 50 135
person 1 1202 578 56 195
person 1 1776 691 106 219
person 1 964 485 53 118
