person 1 1342 832 105 247
person 1 1239 826 120 253
person 1 617 606 87 212
person 1 1095 811 112 267
person 1 786 616 87 193
person 1 986 564 72 197
person 1 276 833 106 246
person 1 1040 428 53 123
person 1 915 524 65 157
person 1 1047 571 68 185
person 1 463 770 113 240
person 1 1207 675 77 207
person 1 1157 589 70 184
person 1 795 475 57 141
person 1 1434 504 61 95
person 1 150 921 110 159
person 1 950 476 64 139
person 1 1512 682 115 237
person 1 1424 695 92 195
person 1 1652 683 111 206
person 1 1119 552 67 158
person 1 499 608 98 216
person 1 325 757 87 223
person 1 1742 737 95 190
person 1 1582 617 78 194
person 1 852 465 55 117
person 1 856 579 58 157
person 1 731 452 53 120
person 1 1489 501 52 96
person 1 773 450 56 123
person 1 1232 584 55 172
person 1 1843 653 76 215
person 1 1586 755 86 149
person 1 478 1022 109 57
