person 1 1111 783 110 289
person 1 1245 795 113 264
person 1 206 867 106 212
person 1 613 623 92 215
person 1 639 760 107 252
person 1 1362 795 101 272
person 1 509 969 130 110
person 1 315 958 141 121
person 1 501 620 98 215
person 1 980 568 81 199
person 1 783 625 71 197
person 1 1423 507 62 95
person 1 1037 570 70 187
person 1 1469 687 94 225
person 1 912 513 60 158
person 1 772 467 60 135
person 1 406 772 94 212
person 1 1158 626 96 193
person 1 98 838 115 242
person 1 1072 542 65 159
person 1 1759 657 117 220
person 1 839 570 57 150
person 1 1523 605 80 183
person 1 1026 436 48 123
person 1 1384 645 86 203
person 1 1535 540 62 146
person 1 1646 699 96 213
person 1 722 444 58 119
person 1 1500 505 49 99
person 1 1721 771 71 133
person 1 813 454 50 121
person 1 1537 709 89 185
person 1 848 479 47 108
person 1 1684 650 97 202
person 1 1441 613 77 174
person 1 982 490 43 118
