person 1 795 619 72 197
person 1 1095 794 111 283
person 1 1250 811 108 269
person 1 616 615 89 212
person 1 247 857 105 219
person 1 1349 805 101 272
person 1 984 568 77 193
person 1 558 761 122 251
person 1 922 515 60 158
person 1 1432 504 60 95
person 1 503 613 101 213
person 1 1760 651 95 214
person 1 1586 691 119 220
person 1 1162 592 72 191
person 1 1047 568 66 184
person 1 360 762 92 219
person 1 845 575 59 150
person 1 786 471 58 133
person 1 1097 546 62 155
person 1 1033 429 50 124
person 1 124 820 122 247
person 1 308 986 128 103
person 1 937 465 62 138
person 1 1469 702 87 189
person 1 746 448 58 120
person 1 468 990 155 94
person 1 1502 500 47 102
person 1 1558 613 84 182
person 1 1221 633 91 191
person 1 1406 674 84 225
person 1 1832 736 86 200
person 1 1642 751 76 147
person 1 837 457 54 118
person 1 1006 478 49 118
