person 1 1245 805 107 268
person 1 786 620 71 196
person 1 1103 795 109 281
person 1 230 859 106 220
person 1 612 618 89 211
person 1 978 569 80 193
person 1 315 969 134 109
person 1 1359 804 99 267
person 1 500 615 101 214
person 1 575 766 137 247
person 1 1595 695 121 220
person 1 1427 503 58 95
person 1 914 514 61 162
person 1 1038 570 66 184
person 1 777 470 59 135
person 1 379 764 89 220
person 1 466 984 156 95
person 1 1200 633 93 192
person 1 1722 651 93 216
person 1 1087 546 61 155
person 1 114 831 111 248
person 1 843 570 57 146
person 1 928 465 63 138
person 1 1433 681 102 225
person 1 733 451 59 120
person 1 1026 431 48 121
person 1 1157 597 71 182
person 1 1539 605 87 179
person 1 1509 696 85 201
person 1 1502 501 48 102
person 1 1683 759 82 144
person 1 824 456 54 119
person 1 1809 663 108 215
