person 1 261 861 118 216
person 1 1283 921 121 157
person 1 1015 903 116 176
person 1 369 784 105 250
person 1 1147 910 132 169
person 1 167 770 79 248
person 1 886 603 70 174
person 1 1054 431 54 122
person 1 1441 506 59 97
person 1 1012 641 80 202
person 1 646 606 75 187
person 1 812 499 61 148
person 1 577 576 78 201
person 1 1118 561 75 193
person 1 913 544 66 175
person 1 996 503 66 135
person 1 1150 669 86 216
person 1 1466 699 85 200
person 1 1665 658 83 210
person 1 1052 578 66 184
person 1 1563 671 94 214
person 1 1430 725 81 182
person 1 994 578 69 192
person 1 902 479 58 121
person 1 1386 661 96 207
person 1 843 475 58 126
person 1 784 470 59 123
person 1 1062 514 56 131
person 1 749 469 50 120
person 1 1199 584 57 187
person 1 864 578 51 143
person 1 1414 504 46 103
person 1 968 493 47 112
