person 1 1131 780 106 270
person 1 614 630 91 229
person 1 348 936 147 142
person 1 1363 779 97 269
person 1 1260 777 101 268
person 1 726 767 114 246
person 1 174 883 104 197
person 1 538 947 117 132
person 1 1419 510 59 95
person 1 990 568 79 202
person 1 905 512 65 150
person 1 493 629 104 225
person 1 830 567 59 150
person 1 766 468 56 133
person 1 765 639 71 194
person 1 1514 703 104 217
person 1 1017 437 48 123
person 1 1561 527 61 151
person 1 1093 626 105 192
person 1 70 861 110 218
person 1 1044 576 71 184
person 1 457 773 100 213
person 1 1446 673 107 207
person 1 1596 702 87 197
person 1 1668 663 117 220
person 1 1213 648 88 210
person 1 955 516 53 146
person 1 1776 765 80 154
person 1 1495 514 54 98
person 1 1164 605 77 188
person 1 857 537 51 129
