person 1 1276 933 122 153
person 1 1009 907 116 175
person 1 276 852 116 222
person 1 1144 933 131 162
person 1 1001 648 80 202
person 1 381 786 101 245
person 1 164 773 78 249
person 1 892 608 72 174
person 1 1444 512 59 96
person 1 633 603 75 189
person 1 1057 434 54 121
person 1 569 574 76 199
person 1 1127 597 71 191
person 1 817 500 61 146
person 1 1002 503 67 132
person 1 1059 579 67 197
person 1 1445 692 82 205
person 1 914 546 66 175
person 1 1683 663 85 204
person 1 1149 671 78 213
person 1 849 473 61 126
person 1 1618 669 100 216
person 1 1196 590 60 184
person 1 787 471 56 126
person 1 1069 521 56 129
person 1 909 482 60 119
person 1 751 470 50 120
person 1 866 579 55 146
person 1 1390 655 88 217
