person 1 599 589 83 204
person 1 232 878 105 199
person 1 1178 875 142 205
person 1 1055 864 121 215
person 1 340 800 104 262
person 1 1316 883 117 198
person 1 987 572 69 196
person 1 1084 657 80 201
person 1 712 607 71 197
person 1 913 535 65 174
person 1 1048 427 54 115
person 1 804 483 58 148
person 1 881 587 60 168
person 1 1399 669 91 213
person 1 981 490 70 137
person 1 1127 587 75 190
person 1 1659 670 123 222
person 1 1439 505 60 95
person 1 183 765 88 217
person 1 1076 540 72 170
person 1 747 457 54 128
person 1 1204 665 97 223
person 1 1043 572 63 185
person 1 1543 731 86 185
person 1 888 470 58 127
person 1 1474 667 87 185
person 1 830 461 56 128
person 1 1214 574 58 184
person 1 1294 683 73 183
person 1 1627 635 93 206
person 1 1047 501 56 137
