person 1 1053 872 116 206
person 1 1173 880 140 199
person 1 348 794 106 259
person 1 1314 891 113 188
person 1 237 876 104 202
person 1 592 581 83 205
person 1 806 485 59 147
person 1 693 609 84 190
person 1 989 570 69 199
person 1 1392 671 90 209
person 1 909 536 66 174
person 1 1069 656 84 199
person 1 882 592 61 169
person 1 1127 586 72 194
person 1 1183 667 104 222
person 1 1049 428 55 116
person 1 981 491 69 137
person 1 1633 640 82 207
person 1 749 467 52 120
person 1 888 472 61 126
person 1 1517 735 91 182
person 1 1086 544 71 175
person 1 830 461 57 128
person 1 1434 505 60 96
person 1 1736 666 117 208
person 1 1048 502 55 129
person 1 172 760 87 221
person 1 1217 585 53 176
person 1 1456 746 77 148
