person 1 257 858 115 221
person 1 362 783 104 255
person 1 1022 891 116 185
person 1 1281 904 126 173
person 1 1150 901 128 177
person 1 580 579 82 204
person 1 883 595 67 175
person 1 171 766 90 255
person 1 661 604 69 191
person 1 1021 642 80 202
person 1 1383 662 95 211
person 1 1442 506 58 96
person 1 1051 432 55 115
person 1 810 492 61 150
person 1 913 539 65 178
person 1 1652 652 82 207
person 1 1156 668 86 217
person 1 992 497 67 133
person 1 839 463 61 130
person 1 994 573 70 196
person 1 1109 553 74 180
person 1 898 475 60 124
person 1 748 465 52 124
person 1 1572 659 101 214
person 1 1479 686 91 201
person 1 1411 501 48 104
person 1 1058 505 59 123
person 1 1199 580 58 182
person 1 1769 698 105 211
person 1 786 460 51 123
person 1 865 572 49 142
person 1 965 491 47 113
person 1 1054 576 62 176
