person 1 613 630 92 225
person 1 336 946 151 135
person 1 696 770 127 246
person 1 1254 777 108 270
person 1 1361 783 97 277
person 1 1123 781 108 274
person 1 1419 509 61 93
person 1 186 875 102 202
person 1 529 957 116 124
person 1 983 571 84 200
person 1 907 517 63 152
person 1 770 635 70 190
person 1 496 628 101 218
person 1 832 568 58 146
person 1 769 468 56 131
person 1 1019 436 50 125
person 1 1500 699 108 223
person 1 447 771 94 217
person 1 1042 577 70 183
person 1 81 853 110 224
person 1 1118 630 87 193
person 1 1696 702 106 223
person 1 1555 530 62 152
person 1 1576 702 87 203
person 1 1412 611 72 183
person 1 1495 508 55 107
person 1 1501 606 81 186
person 1 1760 765 83 150
person 1 1457 675 99 207
person 1 704 449 55 121
person 1 1164 601 71 188
person 1 1650 652 98 206
person 1 1838 687 78 202
person 1 863 540 48 123
person 1 964 506 50 137
