person 1 1360 799 105 271
person 1 1244 794 112 274
person 1 217 865 104 214
person 1 1109 793 108 284
person 1 611 764 116 249
person 1 493 973 144 106
person 1 613 619 91 214
person 1 317 963 139 116
person 1 783 622 72 195
person 1 980 570 81 194
person 1 501 617 99 217
person 1 914 513 59 158
person 1 1427 503 59 92
person 1 1611 694 117 223
person 1 1037 571 71 185
person 1 775 466 59 138
person 1 107 835 112 244
person 1 1175 639 102 186
person 1 1447 689 106 219
person 1 1079 544 63 159
person 1 397 773 88 207
person 1 841 571 58 148
person 1 1784 656 108 225
person 1 1531 608 87 175
person 1 1027 433 47 122
person 1 1502 502 48 102
person 1 728 448 56 116
person 1 1701 762 78 142
person 1 820 453 53 118
person 1 1517 697 94 199
person 1 1529 544 60 144
person 1 1395 650 83 202
