person 1 800 618 72 195
person 1 619 604 86 220
person 1 1094 809 109 277
person 1 1245 810 114 272
person 1 1350 808 101 270
person 1 257 848 105 225
person 1 986 569 76 192
person 1 922 517 59 157
person 1 1160 593 72 190
person 1 1434 503 59 95
person 1 1052 567 65 187
person 1 537 759 112 255
person 1 790 470 60 137
person 1 347 758 107 222
person 1 136 822 120 239
person 1 1107 551 59 156
person 1 1037 429 51 119
person 1 847 573 60 150
person 1 1569 685 101 219
person 1 504 606 102 221
person 1 1562 612 81 195
person 1 297 985 126 97
person 1 1452 703 88 181
person 1 755 445 57 123
person 1 479 995 132 84
person 1 942 465 62 137
person 1 1785 657 100 206
person 1 1498 500 49 100
person 1 1399 670 87 226
person 1 1637 748 77 144
person 1 1229 586 60 170
person 1 1830 707 83 221
person 1 847 464 49 117
person 1 883 470 52 113
