person 1 1224 846 126 232
person 1 312 815 108 261
person 1 614 597 84 211
person 1 1081 834 116 245
person 1 765 613 69 189
person 1 1437 677 97 221
person 1 867 573 59 170
person 1 1327 846 112 233
person 1 986 569 71 196
person 1 190 899 113 181
person 1 919 530 64 164
person 1 495 596 92 205
person 1 1045 569 67 189
person 1 1147 673 77 200
person 1 1761 686 116 210
person 1 1046 429 56 120
person 1 801 481 58 139
person 1 970 480 65 137
person 1 1554 660 145 231
person 1 757 455 57 122
person 1 1652 701 102 210
person 1 1473 501 50 93
person 1 1442 502 54 93
person 1 1119 562 68 167
person 1 1224 575 57 196
person 1 874 467 55 114
person 1 1517 751 76 134
person 1 1041 490 52 130
person 1 1366 672 79 214
person 1 931 474 48 121
