person 1 1361 799 101 274
person 1 1111 782 109 275
person 1 613 628 92 222
person 1 316 962 152 129
person 1 1245 797 117 265
person 1 517 973 121 116
person 1 975 573 80 197
person 1 200 864 106 208
person 1 1423 506 62 96
person 1 782 627 72 195
person 1 500 621 100 219
person 1 909 517 64 152
person 1 645 774 141 241
person 1 773 471 57 131
person 1 836 567 59 145
person 1 1039 578 73 186
person 1 1023 434 49 125
person 1 413 771 94 217
person 1 98 844 112 221
person 1 1664 708 109 215
person 1 1144 616 79 197
person 1 1475 675 109 224
person 1 1539 705 90 200
person 1 1497 506 54 104
person 1 1551 534 62 156
person 1 712 451 55 111
person 1 1436 606 75 190
person 1 1723 768 84 147
person 1 805 452 49 124
person 1 839 474 46 104
person 1 966 520 52 141
person 1 863 537 46 127
person 1 1221 590 56 184
person 1 1846 688 74 193
