person 1 222 861 107 219
person 1 1361 801 101 267
person 1 1105 795 111 282
person 1 1243 797 111 272
person 1 978 570 80 194
person 1 319 966 134 113
person 1 783 622 73 193
person 1 485 975 148 104
person 1 597 759 129 256
person 1 612 618 90 215
person 1 500 616 102 216
person 1 1428 502 58 94
person 1 916 514 58 159
person 1 775 468 59 136
person 1 1038 570 69 186
person 1 1183 636 98 188
person 1 108 836 113 243
person 1 1605 695 120 223
person 1 840 571 58 149
person 1 1441 689 107 219
person 1 393 768 87 216
person 1 1081 546 63 158
person 1 1027 433 47 123
person 1 928 464 62 137
person 1 1789 658 112 223
person 1 730 451 58 120
person 1 1534 609 85 174
person 1 1159 594 75 185
person 1 1503 500 47 104
person 1 1709 653 89 208
person 1 1695 756 81 150
person 1 1517 693 89 205
person 1 822 456 53 116
person 1 1529 544 58 147
person 1 1371 655 84 208
