person 1 348 794 104 261
person 1 593 582 85 205
person 1 1052 870 116 208
person 1 237 878 106 200
person 1 1175 878 142 201
person 1 1312 888 114 192
person 1 696 610 83 189
person 1 989 570 69 198
person 1 910 535 66 174
person 1 881 591 61 169
person 1 1049 428 54 116
person 1 1128 584 73 194
person 1 1074 659 80 203
person 1 1394 671 89 209
person 1 981 492 71 136
person 1 1189 667 105 219
person 1 806 483 58 149
person 1 1634 642 84 204
person 1 749 466 53 121
person 1 1434 505 59 96
person 1 828 458 58 125
person 1 1520 726 87 188
person 1 1690 676 109 215
person 1 1084 543 69 179
person 1 889 471 61 127
person 1 172 763 91 228
person 1 1047 502 56 129
person 1 1459 741 76 151
person 1 1217 580 56 179
person 1 1280 690 70 190
