person 1 613 590 81 211
person 1 316 808 109 261
person 1 1210 868 120 221
person 1 1074 850 115 240
person 1 750 611 67 192
person 1 1326 855 114 228
person 1 1039 564 68 191
person 1 983 568 69 196
person 1 870 575 59 172
person 1 1420 675 102 220
person 1 493 589 93 204
person 1 206 885 105 187
person 1 917 534 63 164
person 1 1048 427 55 118
person 1 802 481 58 140
person 1 1123 667 79 203
person 1 972 481 65 140
person 1 1442 503 56 93
person 1 1590 655 138 231
person 1 764 457 56 120
person 1 1791 689 115 206
person 1 878 468 58 118
person 1 1136 562 66 171
person 1 1622 701 92 194
person 1 1258 666 92 227
person 1 1220 574 59 188
person 1 1045 496 52 119
person 1 1505 753 73 135
person 1 1505 649 107 191
person 1 925 479 47 118
person 1 1340 675 82 204
