person 1 253 858 116 221
person 1 1287 904 121 175
person 1 1155 903 128 176
person 1 360 785 105 254
person 1 1022 889 116 188
person 1 173 766 91 255
person 1 582 579 83 203
person 1 884 596 66 171
person 1 666 603 70 189
person 1 1025 646 81 198
person 1 1052 431 54 119
person 1 809 492 60 151
person 1 1159 666 87 219
person 1 1650 649 82 208
person 1 1383 664 95 210
person 1 1443 506 57 96
person 1 912 540 65 176
person 1 836 462 61 132
person 1 988 496 68 135
person 1 994 573 70 198
person 1 1125 591 72 192
person 1 898 475 60 124
person 1 1453 730 81 180
person 1 1566 657 100 216
person 1 1057 508 60 122
person 1 752 463 51 128
person 1 1414 503 47 100
person 1 1772 688 99 221
person 1 1200 581 59 178
person 1 864 574 51 137
person 1 787 460 51 126
person 1 965 493 53 118
