person 1 1240 808 120 271
person 1 1348 808 102 270
person 1 794 618 73 196
person 1 1096 804 108 273
person 1 618 607 85 219
person 1 984 568 76 194
person 1 918 518 61 158
person 1 253 852 106 225
person 1 530 763 114 252
person 1 1156 593 71 187
person 1 1564 687 101 229
person 1 340 757 106 224
person 1 1431 505 61 96
person 1 1102 548 61 161
person 1 1046 567 64 185
person 1 1033 431 51 120
person 1 131 828 120 244
person 1 787 472 59 135
person 1 844 571 61 150
person 1 500 612 102 218
person 1 483 996 132 83
person 1 751 453 59 123
person 1 1768 652 99 213
person 1 940 467 60 136
person 1 1467 690 83 203
person 1 1500 500 48 100
person 1 1398 671 90 228
person 1 303 986 123 93
person 1 1642 746 77 152
person 1 875 473 52 108
person 1 1227 584 58 172
person 1 1822 721 83 206
person 1 837 469 50 119
