person 1 1081 832 119 247
person 1 615 599 85 210
person 1 1226 842 125 237
person 1 1334 852 104 227
person 1 307 822 101 249
person 1 1157 666 78 201
person 1 986 569 71 195
person 1 767 613 71 192
person 1 867 574 58 171
person 1 800 476 59 142
person 1 498 598 93 210
person 1 919 528 65 165
person 1 1044 430 55 118
person 1 190 905 110 174
person 1 1449 685 98 214
person 1 967 480 65 139
person 1 368 764 118 250
person 1 1044 573 68 185
person 1 1746 686 117 216
person 1 1543 660 132 227
person 1 751 453 62 125
person 1 1110 562 70 167
person 1 1472 499 51 95
person 1 1150 584 74 181
person 1 1665 722 98 197
person 1 1226 574 55 189
person 1 871 463 57 116
person 1 1441 502 54 93
person 1 1379 695 80 180
person 1 1524 757 83 136
person 1 265 769 84 234
