person 1 602 594 85 202
person 1 1193 868 132 217
person 1 1061 856 117 225
person 1 728 609 70 191
person 1 224 878 107 193
person 1 338 808 106 262
person 1 1322 882 118 203
person 1 987 572 70 198
person 1 981 487 69 141
person 1 911 535 66 168
person 1 1099 663 80 199
person 1 880 592 61 166
person 1 1050 430 56 114
person 1 1405 668 98 217
person 1 1440 505 58 100
person 1 1068 538 72 175
person 1 1125 586 74 183
person 1 804 483 59 146
person 1 887 473 57 122
person 1 754 464 53 117
person 1 1518 643 110 215
person 1 1221 667 89 214
person 1 1689 667 111 211
person 1 1548 709 105 215
person 1 1211 580 56 180
person 1 207 762 95 225
person 1 1472 744 80 144
person 1 1297 673 83 193
person 1 486 586 93 208
person 1 948 481 50 114
