person 1 1216 857 123 222
person 1 609 592 85 203
person 1 1072 848 119 231
person 1 985 570 70 198
person 1 873 582 61 168
person 1 1324 861 115 217
person 1 320 804 110 271
person 1 208 890 110 189
person 1 1126 657 82 207
person 1 746 610 72 192
person 1 803 480 58 147
person 1 976 483 65 140
person 1 1443 503 59 99
person 1 917 532 64 162
person 1 1047 427 56 119
person 1 1046 567 68 184
person 1 1421 675 106 217
person 1 1144 573 73 191
person 1 494 588 93 208
person 1 878 468 61 122
person 1 1499 641 125 215
person 1 1252 667 96 221
person 1 1609 715 105 201
person 1 761 457 55 117
person 1 1221 581 58 182
person 1 1793 699 110 199
person 1 1336 678 87 193
person 1 1485 744 87 151
person 1 1662 662 98 211
