person 1 794 620 71 194
person 1 615 610 89 219
person 1 1096 800 111 279
person 1 1243 807 114 272
person 1 1351 806 102 271
person 1 246 855 105 222
person 1 983 567 76 193
person 1 919 517 58 157
person 1 546 760 120 248
person 1 1161 592 71 191
person 1 1571 689 105 224
person 1 842 571 62 153
person 1 1046 567 65 185
person 1 1431 504 60 95
person 1 1099 548 60 158
person 1 348 755 104 224
person 1 1032 429 51 119
person 1 786 469 60 139
person 1 503 610 100 221
person 1 128 827 118 237
person 1 1557 610 78 189
person 1 1476 701 85 187
person 1 306 979 127 100
person 1 938 465 60 139
person 1 1759 653 99 208
person 1 1408 680 89 221
person 1 748 443 58 126
person 1 1499 500 48 99
person 1 1649 751 75 146
person 1 481 993 136 86
person 1 1830 696 85 230
person 1 837 462 51 119
person 1 1224 590 58 181
