person 1 286 828 107 251
person 1 1342 835 103 243
person 1 1237 828 119 251
person 1 617 602 87 211
person 1 1096 820 113 258
person 1 987 568 69 191
person 1 438 767 105 242
person 1 1044 426 54 122
person 1 780 615 87 194
person 1 916 524 63 159
person 1 1049 567 66 188
person 1 1491 674 107 229
person 1 1157 585 72 187
person 1 498 600 96 212
person 1 796 477 58 140
person 1 1190 672 80 207
person 1 164 815 122 240
person 1 956 476 63 134
person 1 1417 696 82 191
person 1 857 573 58 162
person 1 1675 677 115 206
person 1 1445 544 64 167
person 1 857 464 52 113
person 1 734 449 58 122
person 1 1582 619 85 195
person 1 1434 503 59 97
person 1 1487 497 48 94
person 1 1227 580 55 181
person 1 1564 758 81 134
person 1 1129 556 61 164
person 1 1084 558 58 159
person 1 1736 703 104 192
person 1 484 1034 94 44
person 1 1848 658 69 245
