person 1 1278 930 124 164
person 1 1144 907 130 176
person 1 1013 909 118 178
person 1 370 780 104 254
person 1 264 857 118 218
person 1 574 574 80 206
person 1 815 499 60 146
person 1 164 767 85 252
person 1 1054 430 55 123
person 1 1014 641 81 201
person 1 642 609 73 187
person 1 885 605 72 175
person 1 1147 671 89 216
person 1 1443 506 58 97
person 1 1114 551 76 189
person 1 998 504 66 135
person 1 1666 657 85 207
person 1 1387 657 93 209
person 1 916 548 64 174
person 1 1574 673 102 208
person 1 845 467 60 127
person 1 1451 692 86 201
person 1 904 482 58 126
person 1 996 577 69 192
person 1 1062 508 59 138
person 1 749 471 51 122
person 1 1410 502 47 104
person 1 1056 583 65 176
person 1 864 582 55 137
person 1 788 471 52 124
person 1 968 491 48 114
person 1 1198 579 58 187
person 1 1815 687 101 230
