person 1 605 587 85 205
person 1 1065 858 118 228
person 1 1199 857 124 221
person 1 326 800 111 267
person 1 217 885 107 190
person 1 1324 877 116 215
person 1 875 585 63 170
person 1 987 568 70 199
person 1 1115 657 84 205
person 1 735 610 73 190
person 1 1441 501 60 101
person 1 978 484 67 142
person 1 803 478 58 148
person 1 1049 427 56 118
person 1 1407 674 101 213
person 1 913 537 66 164
person 1 492 585 93 211
person 1 1042 570 67 187
person 1 1580 709 108 211
person 1 883 470 59 123
person 1 1498 642 122 216
person 1 756 459 54 116
person 1 1218 582 58 183
person 1 1236 666 95 219
person 1 1329 676 80 191
person 1 1478 743 92 147
person 1 1652 664 97 211
person 1 1802 698 114 198
