person 1 354 793 105 257
person 1 1163 889 137 198
person 1 1300 908 115 184
person 1 1034 880 115 201
person 1 252 868 104 204
person 1 585 578 84 203
person 1 994 572 68 199
person 1 808 490 60 148
person 1 1061 662 80 193
person 1 1381 668 92 207
person 1 673 611 86 189
person 1 986 493 70 136
person 1 1051 431 55 115
person 1 1169 671 105 222
person 1 911 541 65 172
person 1 883 599 61 171
person 1 1639 654 82 204
person 1 1122 591 70 187
person 1 894 477 58 126
person 1 750 470 53 121
person 1 1729 682 113 215
person 1 1419 507 59 96
person 1 834 463 56 129
person 1 204 768 126 243
person 1 1472 734 86 185
person 1 1103 549 66 174
person 1 1051 505 55 123
person 1 1197 581 57 181
