person 1 618 599 84 213
person 1 1232 834 121 245
person 1 1095 830 116 249
person 1 295 825 104 252
person 1 985 566 72 196
person 1 413 769 120 241
person 1 1339 837 104 242
person 1 777 615 82 192
person 1 1183 666 76 209
person 1 916 528 65 162
person 1 1044 428 55 122
person 1 497 599 95 213
person 1 175 914 110 164
person 1 1153 584 73 187
person 1 1049 569 68 186
person 1 799 476 59 142
person 1 1471 686 108 216
person 1 864 574 57 164
person 1 740 447 62 127
person 1 1709 730 93 189
person 1 962 476 63 132
person 1 1405 696 77 191
person 1 1481 496 53 96
person 1 1090 555 66 164
person 1 865 468 54 117
person 1 1436 503 60 97
person 1 1553 747 82 148
person 1 1432 544 71 167
person 1 1229 579 52 182
person 1 1592 632 87 209
person 1 915 478 46 121
