person 1 321 806 111 267
person 1 1206 859 126 220
person 1 211 890 108 189
person 1 1069 850 119 228
person 1 606 591 86 205
person 1 1322 867 117 211
person 1 871 581 64 170
person 1 986 569 70 200
person 1 976 485 68 138
person 1 1441 503 59 98
person 1 1118 658 81 204
person 1 803 479 58 147
person 1 1048 428 56 118
person 1 743 611 72 193
person 1 916 534 65 165
person 1 1416 675 101 215
person 1 1137 578 77 197
person 1 1064 536 71 173
person 1 494 587 92 210
person 1 878 469 59 124
person 1 749 460 54 118
person 1 1502 639 121 216
person 1 1594 714 102 203
person 1 1245 670 91 219
person 1 1337 677 74 192
person 1 1216 578 58 189
person 1 1484 749 84 139
person 1 1677 660 92 207
