person 1 1096 813 112 265
person 1 617 602 87 214
person 1 278 827 108 252
person 1 1341 834 105 245
person 1 1238 826 118 253
person 1 449 764 107 248
person 1 1040 427 54 123
person 1 780 615 91 194
person 1 1046 568 69 187
person 1 915 522 64 161
person 1 988 566 71 194
person 1 1157 588 72 185
person 1 1199 671 78 209
person 1 157 817 120 244
person 1 794 475 59 142
person 1 951 475 63 137
person 1 499 603 97 213
person 1 1501 685 111 218
person 1 1421 695 86 192
person 1 1666 682 109 202
person 1 1739 713 100 199
person 1 317 757 88 215
person 1 1434 502 61 100
person 1 1124 551 64 158
person 1 1453 544 62 155
person 1 1582 618 81 195
person 1 856 576 56 158
person 1 1570 744 85 152
person 1 1227 582 55 175
person 1 1488 500 48 95
person 1 733 451 59 122
person 1 853 464 54 115
person 1 1847 651 72 230
person 1 477 1028 105 51
