person 1 1094 811 110 268
person 1 1242 822 117 256
person 1 1341 818 107 259
person 1 617 603 86 214
person 1 984 562 72 197
person 1 482 769 134 243
person 1 792 614 83 196
person 1 1046 565 68 188
person 1 263 837 106 241
person 1 916 522 64 158
person 1 1038 426 52 124
person 1 1158 590 70 192
person 1 331 761 96 220
person 1 1523 685 118 226
person 1 793 473 58 137
person 1 143 822 120 254
person 1 1112 545 63 162
person 1 1216 683 81 202
person 1 1431 502 58 97
person 1 1622 680 114 206
person 1 1566 612 84 193
person 1 944 472 63 137
person 1 1439 688 96 209
person 1 760 453 62 119
person 1 501 606 99 213
person 1 851 568 58 156
person 1 850 463 52 113
person 1 1777 734 84 187
person 1 1492 497 52 102
person 1 1228 578 59 182
person 1 1366 680 96 207
person 1 890 476 44 106
person 1 295 998 116 81
person 1 726 449 44 109
person 1 476 1014 124 65
person 1 1592 750 90 161
