person 1 1248 787 116 264
person 1 614 630 91 222
person 1 1120 782 108 276
person 1 329 949 151 131
person 1 189 871 105 206
person 1 1360 788 100 276
person 1 526 962 118 119
person 1 1419 508 62 95
person 1 982 574 83 197
person 1 776 630 73 194
person 1 907 517 64 151
person 1 677 774 141 242
person 1 498 625 100 219
person 1 771 470 57 131
person 1 835 568 59 145
person 1 434 773 93 216
person 1 1037 579 73 183
person 1 1022 435 48 127
person 1 87 854 110 215
person 1 1496 690 103 230
person 1 1680 703 104 221
person 1 1561 706 88 201
person 1 1135 625 80 193
person 1 1424 609 70 186
person 1 1506 605 79 186
person 1 1495 507 54 105
person 1 1551 532 62 160
person 1 1756 765 79 151
person 1 1840 690 79 190
person 1 709 452 54 114
person 1 823 470 45 109
person 1 860 541 47 126
person 1 965 502 51 135
person 1 1218 600 54 175
