person 1 614 632 91 226
person 1 349 936 147 143
person 1 1132 778 105 274
person 1 1263 779 98 265
person 1 173 882 104 195
person 1 735 764 114 250
person 1 539 948 115 131
person 1 1418 510 60 96
person 1 1363 779 96 265
person 1 904 511 65 152
person 1 992 569 76 203
person 1 831 567 58 150
person 1 492 629 104 229
person 1 1520 696 101 227
person 1 1088 627 101 193
person 1 767 468 57 133
person 1 1017 437 48 123
person 1 1558 530 61 150
person 1 70 859 109 217
person 1 763 639 68 191
person 1 1043 578 70 188
person 1 1442 669 102 208
person 1 455 776 110 214
person 1 1599 704 93 196
person 1 1721 708 93 213
person 1 1207 649 87 212
person 1 1661 663 111 219
person 1 1781 771 79 144
person 1 1165 605 76 188
person 1 858 541 49 121
person 1 953 514 54 149
