person 1 1236 831 117 252
person 1 617 604 86 212
person 1 1340 835 105 254
person 1 1095 812 111 268
person 1 472 773 133 238
person 1 792 612 82 194
person 1 986 561 73 198
person 1 1049 566 68 187
person 1 918 525 63 156
person 1 277 833 104 242
person 1 327 762 92 219
person 1 1514 681 117 230
person 1 1041 424 51 126
person 1 155 820 121 250
person 1 1158 587 71 192
person 1 795 473 58 139
person 1 1212 677 76 206
person 1 1434 500 58 97
person 1 1641 686 110 205
person 1 1120 547 64 158
person 1 951 476 63 138
person 1 1413 698 93 194
person 1 1573 615 85 193
person 1 499 606 99 212
person 1 855 573 59 156
person 1 768 452 60 120
person 1 856 465 52 113
person 1 1769 743 90 176
person 1 1481 497 52 98
person 1 1230 580 57 175
person 1 735 449 53 111
person 1 1596 760 74 137
person 1 1363 686 90 204
person 1 898 477 48 106
person 1 284 1010 113 80
person 1 463 1018 120 64
