person 1 1130 780 102 274
person 1 1265 780 99 265
person 1 614 628 90 223
person 1 347 938 145 143
person 1 177 883 105 190
person 1 744 768 118 242
person 1 831 571 58 147
person 1 905 511 66 152
person 1 1420 509 59 97
person 1 537 951 113 132
person 1 989 570 78 201
person 1 1365 769 97 276
person 1 1084 625 105 198
person 1 496 627 104 220
person 1 1018 436 49 123
person 1 769 469 58 132
person 1 1509 692 97 233
person 1 1562 529 63 154
person 1 447 771 109 218
person 1 770 638 68 192
person 1 1724 710 106 210
person 1 1447 669 105 207
person 1 79 856 111 217
person 1 1584 700 89 199
person 1 1222 653 90 215
person 1 1663 660 111 221
person 1 1042 580 64 193
person 1 956 515 53 147
person 1 859 542 49 121
person 1 1760 761 76 155
person 1 1168 603 75 199
