person 1 350 793 105 259
person 1 1313 893 113 186
person 1 1045 876 116 203
person 1 1171 881 139 199
person 1 239 876 106 201
person 1 591 580 84 204
person 1 989 569 68 199
person 1 805 487 60 148
person 1 1390 670 92 209
person 1 688 609 86 190
person 1 1051 429 54 117
person 1 910 537 66 174
person 1 1065 660 80 190
person 1 982 493 72 137
person 1 1179 671 105 220
person 1 1126 588 71 190
person 1 1635 644 82 208
person 1 883 595 59 168
person 1 892 472 60 126
person 1 1429 507 62 95
person 1 750 466 53 120
person 1 1087 544 69 175
person 1 1704 675 101 218
person 1 830 462 57 127
person 1 1525 688 102 213
person 1 198 770 126 244
person 1 1049 501 55 129
person 1 1456 745 76 147
person 1 1214 585 52 174
