person 1 273 857 120 222
person 1 1145 922 130 156
person 1 1279 927 124 152
person 1 1013 909 116 172
person 1 169 776 76 244
person 1 378 784 98 247
person 1 1444 510 58 96
person 1 888 603 72 176
person 1 635 605 75 188
person 1 997 647 82 197
person 1 1055 436 52 119
person 1 1054 576 66 193
person 1 816 500 60 146
person 1 1148 674 82 210
person 1 999 502 69 134
person 1 1455 695 83 207
person 1 567 576 79 201
person 1 1126 597 71 187
person 1 1410 723 82 181
person 1 1677 659 86 201
person 1 847 469 60 130
person 1 1582 675 86 209
person 1 788 473 54 119
person 1 1199 586 59 187
person 1 906 483 57 118
person 1 1064 520 57 130
person 1 752 472 50 120
person 1 863 582 53 142
person 1 960 491 47 113
