person 1 1018 902 117 177
person 1 1147 905 131 173
person 1 366 783 105 252
person 1 258 863 117 215
person 1 1281 915 122 161
person 1 1052 430 55 123
person 1 166 767 83 251
person 1 577 576 81 205
person 1 1440 505 59 96
person 1 1015 636 81 205
person 1 884 601 72 177
person 1 651 609 72 186
person 1 1151 667 89 219
person 1 810 496 61 147
person 1 994 501 66 137
person 1 1662 655 83 208
person 1 913 541 64 178
person 1 1471 695 85 204
person 1 1124 596 72 192
person 1 1387 661 91 204
person 1 1564 668 98 213
person 1 840 467 58 130
person 1 1050 576 67 186
person 1 993 574 70 195
person 1 748 466 51 123
person 1 1062 510 57 132
person 1 900 478 59 125
person 1 785 466 53 125
person 1 1412 501 47 103
person 1 863 575 53 147
person 1 962 487 48 119
person 1 1201 580 57 187
person 1 1429 721 83 177
