person 1 1360 798 103 268
person 1 230 856 105 213
person 1 1243 791 113 273
person 1 613 613 91 212
person 1 1105 796 107 287
person 1 785 620 71 194
person 1 307 963 143 119
person 1 503 612 98 217
person 1 495 978 137 107
person 1 918 511 58 159
person 1 618 758 108 249
person 1 980 568 81 197
person 1 1432 691 98 216
person 1 1426 501 60 93
person 1 776 464 60 139
person 1 1037 571 71 184
person 1 111 830 114 244
person 1 1600 694 113 218
person 1 1079 543 63 158
person 1 844 570 57 148
person 1 1531 605 85 179
person 1 1028 431 47 123
person 1 1779 655 115 222
person 1 1173 636 104 183
person 1 390 766 84 213
person 1 733 445 58 124
person 1 1501 501 50 98
person 1 1512 708 87 180
person 1 1540 542 61 141
person 1 1695 651 84 199
person 1 828 451 50 117
person 1 1399 648 82 207
