person 1 1359 795 103 271
person 1 200 871 105 208
person 1 660 768 113 244
person 1 613 627 92 219
person 1 1244 793 114 262
person 1 1113 779 110 284
person 1 501 622 98 219
person 1 518 966 123 113
person 1 780 626 73 196
person 1 980 569 83 201
person 1 324 959 147 120
person 1 1422 505 61 94
person 1 1039 573 69 186
person 1 417 770 94 216
person 1 1485 687 95 224
person 1 837 567 60 148
person 1 772 469 57 136
person 1 909 517 62 153
person 1 1157 621 83 187
person 1 1516 603 83 186
person 1 1022 436 49 121
person 1 1736 669 114 209
person 1 1661 702 100 217
person 1 1499 503 50 101
person 1 1064 540 65 158
person 1 93 844 110 235
person 1 1546 705 87 194
person 1 714 447 59 117
person 1 1367 644 82 201
person 1 1729 776 88 140
person 1 1436 608 74 188
person 1 1541 538 60 155
person 1 805 455 49 125
person 1 836 479 49 104
