person 1 617 604 87 212
person 1 1340 832 109 248
person 1 1096 814 111 266
person 1 1239 824 119 253
person 1 782 615 91 193
person 1 453 764 108 246
person 1 292 826 109 250
person 1 989 565 72 194
person 1 1203 672 77 213
person 1 918 522 63 159
person 1 1051 568 68 187
person 1 1158 586 72 185
person 1 1046 429 53 122
person 1 166 913 106 156
person 1 798 475 59 140
person 1 1491 680 114 227
person 1 956 477 64 136
person 1 1420 691 83 195
person 1 497 599 97 216
person 1 331 758 89 218
person 1 1688 680 105 202
person 1 1714 740 89 183
person 1 1437 501 60 96
person 1 1127 552 65 159
person 1 1593 621 77 189
person 1 862 466 56 116
person 1 1486 497 49 96
person 1 863 583 57 154
person 1 743 454 56 120
person 1 1232 581 55 178
person 1 1559 744 81 152
person 1 1446 544 56 145
person 1 1847 656 75 212
person 1 474 1028 109 55
