person 1 976 567 78 196
person 1 785 619 72 198
person 1 1246 806 106 269
person 1 232 860 105 219
person 1 1102 792 109 283
person 1 613 616 88 213
person 1 318 970 131 106
person 1 1358 805 101 267
person 1 569 763 139 249
person 1 500 614 102 214
person 1 377 763 88 223
person 1 916 516 57 158
person 1 1086 545 63 157
person 1 1426 504 60 94
person 1 1597 697 113 219
person 1 777 471 58 133
person 1 1039 570 66 183
person 1 1026 432 49 122
person 1 1156 594 72 186
person 1 841 571 59 150
person 1 1726 653 88 209
person 1 116 833 111 240
person 1 734 448 59 122
person 1 929 465 63 137
person 1 1429 683 95 225
person 1 470 989 157 90
person 1 1212 633 88 190
person 1 1546 606 85 180
person 1 1502 502 47 100
person 1 1504 699 87 198
person 1 1673 764 80 135
person 1 824 454 54 123
person 1 1821 666 97 235
