person 1 259 855 114 221
person 1 1144 905 127 176
person 1 362 780 105 259
person 1 1017 903 118 190
person 1 1287 910 120 175
person 1 580 579 84 204
person 1 1053 432 53 119
person 1 659 603 68 188
person 1 170 763 102 247
person 1 887 599 65 169
person 1 1011 652 83 192
person 1 1383 665 95 211
person 1 808 492 61 150
person 1 1655 654 82 206
person 1 912 541 65 176
person 1 992 499 66 134
person 1 1440 507 58 95
person 1 1156 665 89 218
person 1 1125 596 73 188
person 1 838 465 61 131
person 1 995 575 71 197
person 1 898 476 57 124
person 1 752 467 49 122
person 1 1574 660 99 218
person 1 1452 731 84 182
person 1 1414 502 47 100
person 1 1063 510 56 118
person 1 1792 682 106 223
person 1 1194 582 59 180
person 1 867 579 52 136
person 1 960 496 50 116
