person 1 1291 903 117 179
person 1 1152 914 134 182
person 1 258 866 109 206
person 1 1025 888 120 197
person 1 359 790 103 255
person 1 668 606 74 193
person 1 582 579 86 206
person 1 1382 667 93 212
person 1 882 597 62 167
person 1 1032 654 86 196
person 1 989 493 68 134
person 1 912 540 66 172
person 1 1052 433 55 116
person 1 807 495 61 145
person 1 1161 667 101 220
person 1 1649 652 83 203
person 1 188 766 115 251
person 1 994 575 69 201
person 1 1760 682 118 230
person 1 1435 507 60 96
person 1 895 474 60 126
person 1 1121 593 74 187
person 1 752 465 52 121
person 1 833 468 57 125
person 1 1479 682 102 213
person 1 1197 575 58 182
person 1 1057 512 54 117
person 1 1560 656 98 205
person 1 958 498 49 110
