person 1 1247 808 105 268
person 1 238 860 104 219
person 1 1100 794 110 283
person 1 788 620 72 196
person 1 613 616 90 214
person 1 981 568 78 195
person 1 1357 806 99 268
person 1 565 765 130 246
person 1 500 615 102 213
person 1 314 976 130 103
person 1 1429 504 60 95
person 1 373 762 88 220
person 1 1089 545 63 154
person 1 1736 650 89 209
person 1 1159 594 71 191
person 1 842 569 60 156
person 1 1589 696 119 220
person 1 1042 570 65 182
person 1 781 471 59 135
person 1 918 516 59 158
person 1 1029 431 49 122
person 1 119 827 116 248
person 1 932 466 62 137
person 1 737 449 59 121
person 1 470 986 155 93
person 1 1214 633 93 185
person 1 1426 679 88 222
person 1 1548 607 84 186
person 1 1502 502 48 100
person 1 1498 699 87 191
person 1 1668 761 77 139
person 1 829 456 53 119
person 1 1831 725 84 209
person 1 1000 479 45 116
