person 1 308 820 108 254
person 1 1079 836 117 244
person 1 985 569 70 196
person 1 1225 845 125 234
person 1 613 598 86 209
person 1 763 613 67 192
person 1 1441 679 102 222
person 1 1329 845 109 233
person 1 867 572 58 170
person 1 1151 666 77 207
person 1 1046 572 66 187
person 1 1046 429 56 122
person 1 496 598 93 206
person 1 190 900 113 178
person 1 919 532 64 162
person 1 1757 687 115 213
person 1 970 481 65 139
person 1 800 479 58 143
person 1 1556 661 128 228
person 1 1442 501 57 94
person 1 1659 708 98 208
person 1 350 769 114 234
person 1 1116 562 70 169
person 1 757 456 56 121
person 1 1224 574 56 196
person 1 873 467 57 114
person 1 1366 683 83 193
person 1 1520 754 76 133
person 1 920 467 56 128
person 1 1036 489 53 126
