person 1 1279 928 124 151
person 1 1144 919 132 160
person 1 269 860 116 220
person 1 1014 905 116 173
person 1 1443 509 58 97
person 1 374 787 101 245
person 1 167 774 78 246
person 1 887 604 71 174
person 1 998 647 83 202
person 1 1055 432 54 121
person 1 637 606 75 188
person 1 813 499 62 147
person 1 1457 695 84 208
person 1 1052 576 66 196
person 1 1150 669 82 218
person 1 997 500 68 133
person 1 569 576 80 200
person 1 1125 602 72 186
person 1 909 544 67 173
person 1 1673 660 84 204
person 1 1602 668 100 213
person 1 1416 728 84 176
person 1 844 471 61 127
person 1 1197 588 60 186
person 1 785 470 56 126
person 1 904 483 60 120
person 1 749 469 50 120
person 1 862 579 54 142
person 1 1061 519 58 129
person 1 954 487 46 118
