person 1 1142 930 133 153
person 1 287 844 122 231
person 1 1275 927 122 152
person 1 389 776 99 249
person 1 1007 922 114 167
person 1 169 773 78 248
person 1 986 637 85 206
person 1 898 603 72 179
person 1 621 602 74 186
person 1 1447 510 57 96
person 1 1059 435 52 120
person 1 821 502 61 148
person 1 1065 575 66 193
person 1 1137 673 82 208
person 1 1005 503 70 137
person 1 1201 583 61 191
person 1 1126 594 70 187
person 1 1440 692 78 200
person 1 1638 668 101 218
person 1 563 578 80 198
person 1 853 475 60 129
person 1 1396 723 89 180
person 1 790 471 56 123
person 1 861 598 54 134
person 1 915 482 57 120
person 1 1071 517 56 130
person 1 1694 662 84 199
person 1 755 472 50 121
