person 1 241 859 104 220
person 1 1244 807 109 271
person 1 1096 796 112 283
person 1 791 621 73 194
person 1 1354 805 100 273
person 1 614 614 89 218
person 1 982 568 76 193
person 1 1430 505 60 95
person 1 918 516 59 157
person 1 557 765 116 248
person 1 1581 695 111 220
person 1 1042 570 67 183
person 1 1745 649 94 215
person 1 1160 593 71 192
person 1 501 614 101 215
person 1 1092 544 63 156
person 1 843 570 60 154
person 1 783 470 58 136
person 1 121 826 123 247
person 1 356 761 98 220
person 1 1031 430 50 122
person 1 1482 695 95 197
person 1 472 990 149 89
person 1 934 466 62 139
person 1 310 978 128 101
person 1 1551 610 83 182
person 1 744 448 58 122
person 1 1501 501 49 101
person 1 1827 739 85 193
person 1 1221 630 91 194
person 1 1417 674 85 226
person 1 1659 748 71 152
person 1 831 456 52 119
person 1 997 478 52 123
