person 1 618 597 86 212
person 1 1093 836 116 255
person 1 413 765 111 244
person 1 302 818 106 254
person 1 1235 837 120 251
person 1 1338 838 104 245
person 1 990 566 68 192
person 1 921 525 64 162
person 1 774 613 85 193
person 1 1468 685 108 218
person 1 1053 570 65 186
person 1 1182 668 81 213
person 1 800 478 60 140
person 1 497 596 96 212
person 1 181 805 119 249
person 1 1049 426 54 124
person 1 1160 583 70 183
person 1 867 572 57 167
person 1 962 476 63 134
person 1 1398 695 86 190
person 1 1591 634 82 192
person 1 1432 544 68 170
person 1 867 464 52 116
person 1 744 448 59 127
person 1 1699 722 90 192
person 1 1483 494 48 94
person 1 1439 502 60 97
person 1 1232 577 54 181
person 1 1543 742 79 151
person 1 1093 559 62 165
person 1 1137 559 61 164
