person 1 1343 818 105 262
person 1 1096 816 111 271
person 1 1238 825 118 258
person 1 618 599 87 221
person 1 338 754 98 225
person 1 262 837 107 235
person 1 797 613 78 198
person 1 492 767 132 243
person 1 986 563 72 196
person 1 1158 591 71 191
person 1 919 521 61 158
person 1 1047 567 65 185
person 1 792 475 58 138
person 1 1552 690 111 223
person 1 1432 503 60 97
person 1 1115 548 60 160
person 1 148 814 121 248
person 1 1039 427 50 123
person 1 1440 691 90 203
person 1 760 454 59 119
person 1 945 469 64 139
person 1 847 568 60 152
person 1 1220 694 86 197
person 1 1568 611 82 184
person 1 502 603 100 220
person 1 1636 673 100 201
person 1 1370 686 99 213
person 1 1491 495 51 100
person 1 1798 721 89 201
person 1 1229 578 58 185
person 1 289 1002 122 87
person 1 475 1004 124 75
person 1 852 464 49 117
person 1 1673 728 67 143
person 1 1007 482 56 130
