person 1 1095 798 112 280
person 1 1243 807 112 272
person 1 243 859 104 219
person 1 614 614 88 219
person 1 792 621 71 194
person 1 1353 807 100 270
person 1 982 568 77 192
person 1 552 762 117 244
person 1 918 514 59 158
person 1 1431 503 60 95
person 1 1160 591 71 193
person 1 502 612 101 219
person 1 1029 428 52 120
person 1 842 570 61 154
person 1 1573 692 114 221
person 1 1092 546 62 157
person 1 1751 650 96 213
person 1 121 831 121 239
person 1 1044 567 66 185
person 1 784 468 59 136
person 1 352 757 103 222
person 1 306 980 130 99
person 1 1478 699 91 188
person 1 1555 610 80 188
person 1 935 464 60 139
person 1 744 445 59 121
person 1 471 990 143 89
person 1 1404 674 93 226
person 1 1501 499 48 99
person 1 1650 745 80 157
person 1 1827 725 87 203
person 1 833 461 51 118
person 1 1224 632 84 189
person 1 998 478 52 123
