person 1 1278 926 124 152
person 1 1143 924 132 155
person 1 271 850 121 229
person 1 378 783 98 248
person 1 1016 905 116 171
person 1 633 606 74 187
person 1 1444 509 58 96
person 1 168 773 76 246
person 1 992 642 84 201
person 1 890 603 73 177
person 1 1056 435 53 120
person 1 816 500 61 145
person 1 1055 573 66 197
person 1 1144 673 83 218
person 1 998 502 70 136
person 1 1454 694 79 199
person 1 1128 596 70 190
person 1 1199 584 60 187
person 1 565 576 79 202
person 1 1583 681 89 207
person 1 1678 660 86 199
person 1 847 469 60 132
person 1 910 482 57 120
person 1 787 470 56 124
person 1 1063 519 59 130
person 1 1400 722 87 180
person 1 861 584 52 138
person 1 751 471 50 123
person 1 968 496 45 111
