person 1 1097 826 114 252
person 1 1234 829 120 249
person 1 617 599 85 212
person 1 1340 836 106 243
person 1 291 827 107 252
person 1 987 567 70 192
person 1 423 768 114 241
person 1 777 614 84 193
person 1 917 526 65 161
person 1 1044 428 54 123
person 1 1185 667 79 218
person 1 1048 569 66 186
person 1 1479 685 111 217
person 1 169 810 118 252
person 1 497 601 95 211
person 1 861 574 57 163
person 1 1159 586 68 182
person 1 795 476 60 138
person 1 1407 695 84 193
person 1 958 475 63 133
person 1 1712 731 94 185
person 1 741 452 59 123
person 1 1085 554 66 168
person 1 1436 544 69 168
person 1 1485 497 52 97
person 1 1557 748 82 151
person 1 1229 579 53 181
person 1 1584 632 83 195
person 1 860 465 53 120
person 1 1435 501 60 93
person 1 1023 484 55 136
person 1 910 472 49 123
