person 1 1095 806 109 272
person 1 1345 811 106 267
person 1 617 606 86 220
person 1 1239 812 119 267
person 1 793 618 74 195
person 1 253 852 107 226
person 1 916 520 61 157
person 1 519 763 119 251
person 1 985 568 74 194
person 1 339 758 104 224
person 1 1156 593 71 189
person 1 1046 568 65 184
person 1 1430 505 60 96
person 1 1032 431 52 121
person 1 1553 691 105 222
person 1 137 823 119 249
person 1 1105 550 61 159
person 1 788 474 56 135
person 1 484 998 129 81
person 1 752 452 58 122
person 1 844 573 59 148
person 1 499 611 102 216
person 1 941 467 60 140
person 1 1461 698 85 194
person 1 1500 498 47 106
person 1 1642 743 77 158
person 1 877 471 51 108
person 1 301 992 123 91
person 1 1391 681 93 213
person 1 1775 653 99 212
person 1 1810 728 89 199
person 1 1226 584 55 170
person 1 835 470 51 118
person 1 1004 484 49 117
