person 1 618 603 87 220
person 1 1343 815 105 262
person 1 1242 824 118 255
person 1 1095 809 111 270
person 1 984 564 73 197
person 1 795 615 78 199
person 1 492 766 136 241
person 1 917 520 63 158
person 1 334 759 98 224
person 1 261 841 105 237
person 1 1047 568 66 186
person 1 1155 590 73 193
person 1 1530 693 116 220
person 1 1108 548 61 157
person 1 789 473 60 138
person 1 1037 428 52 124
person 1 1432 503 59 97
person 1 141 823 120 250
person 1 1224 682 82 201
person 1 945 469 62 142
person 1 1446 682 91 216
person 1 761 452 58 119
person 1 1565 615 81 176
person 1 1612 679 104 192
person 1 1494 497 51 101
person 1 848 569 59 156
person 1 502 606 98 219
person 1 1227 578 61 182
person 1 294 996 124 83
person 1 884 475 48 104
person 1 850 465 47 116
person 1 1374 678 96 210
person 1 1792 721 93 202
person 1 1676 728 67 147
person 1 486 1010 118 69
