person 1 1061 861 120 217
person 1 1186 870 137 208
person 1 338 804 106 260
person 1 601 593 83 201
person 1 1321 877 116 201
person 1 987 574 69 195
person 1 227 886 105 193
person 1 1087 656 85 208
person 1 1049 428 55 115
person 1 722 607 68 198
person 1 1405 669 93 217
person 1 914 536 65 169
person 1 880 590 60 165
person 1 979 490 72 136
person 1 1439 505 58 99
person 1 1653 663 129 230
person 1 1128 585 76 194
person 1 805 485 58 147
person 1 182 765 89 218
person 1 748 456 54 126
person 1 1211 666 93 223
person 1 1074 541 71 174
person 1 887 469 59 119
person 1 1550 720 89 194
person 1 1469 667 86 181
person 1 1043 573 64 183
person 1 1295 680 78 190
person 1 1217 576 56 182
person 1 831 464 55 124
person 1 1045 505 56 125
