person 1 222 860 105 218
person 1 1104 795 110 280
person 1 319 966 132 110
person 1 1243 797 113 273
person 1 977 569 80 194
person 1 1360 804 101 266
person 1 479 980 149 98
person 1 783 621 73 196
person 1 612 619 89 214
person 1 500 615 101 215
person 1 914 512 60 162
person 1 590 764 132 247
person 1 1429 502 57 94
person 1 107 835 114 244
person 1 775 469 59 134
person 1 1036 570 69 185
person 1 390 767 86 215
person 1 1188 633 96 190
person 1 1437 681 108 228
person 1 1604 696 116 222
person 1 928 463 63 137
person 1 842 571 58 148
person 1 1084 547 63 157
person 1 1536 609 86 176
person 1 1712 651 90 213
person 1 730 450 57 118
person 1 1028 433 47 121
person 1 1503 501 47 101
person 1 1513 694 90 208
person 1 1159 597 72 181
person 1 822 455 54 117
person 1 1694 760 79 148
person 1 1793 658 110 222
person 1 1529 549 50 130
