person 1 1086 831 118 248
person 1 617 599 84 209
person 1 302 823 104 251
person 1 985 569 71 194
person 1 1227 839 129 240
person 1 770 613 74 191
person 1 1335 848 106 231
person 1 1164 664 79 208
person 1 1453 683 106 216
person 1 866 573 59 167
person 1 1045 426 56 120
person 1 497 597 94 211
person 1 919 531 65 160
person 1 382 764 128 245
person 1 800 475 60 145
person 1 189 909 107 168
person 1 1103 559 68 161
person 1 751 453 62 124
person 1 968 480 65 135
person 1 1474 498 49 95
person 1 1048 574 67 182
person 1 1540 656 127 222
person 1 1151 587 76 184
person 1 1439 502 58 93
person 1 276 764 88 217
person 1 1673 720 105 199
person 1 871 466 56 115
person 1 1227 576 55 188
person 1 1733 684 126 215
person 1 1380 681 86 200
person 1 1527 757 87 139
