person 1 1251 784 112 267
person 1 613 630 92 224
person 1 185 872 105 205
person 1 1119 783 110 275
person 1 1360 787 101 276
person 1 984 571 82 200
person 1 331 950 149 133
person 1 1422 509 61 93
person 1 774 633 71 193
person 1 687 771 133 247
person 1 906 518 64 153
person 1 528 958 117 121
person 1 497 625 101 220
person 1 444 772 93 220
person 1 767 469 58 130
person 1 1022 436 49 125
person 1 1042 579 69 181
person 1 1503 694 99 235
person 1 834 570 58 146
person 1 83 857 109 217
person 1 1127 628 84 196
person 1 1685 702 112 223
person 1 1573 701 83 205
person 1 1417 608 73 189
person 1 1554 530 64 155
person 1 1511 606 80 185
person 1 1496 507 55 104
person 1 1756 765 85 152
person 1 705 451 57 118
person 1 1840 688 80 195
person 1 1654 650 89 208
person 1 825 477 46 103
person 1 1217 603 50 171
person 1 975 490 45 122
