person 1 359 789 104 259
person 1 1165 899 131 180
person 1 249 870 114 207
person 1 1025 885 119 194
person 1 1295 901 120 178
person 1 583 579 85 204
person 1 677 605 73 191
person 1 1382 666 92 211
person 1 881 596 63 168
person 1 910 541 66 173
person 1 1039 658 82 192
person 1 1646 651 83 203
person 1 806 492 62 148
person 1 986 494 67 134
person 1 1052 432 53 116
person 1 177 770 109 249
person 1 1159 666 101 218
person 1 1437 508 60 95
person 1 992 576 70 197
person 1 894 475 59 125
person 1 1122 593 70 188
person 1 833 466 60 129
person 1 1473 737 79 178
person 1 1753 680 114 226
person 1 1201 576 62 184
person 1 1560 655 97 214
person 1 751 464 50 120
person 1 1503 679 104 215
person 1 1054 510 55 119
