person 1 241 854 104 218
person 1 1247 813 110 269
person 1 1096 797 110 278
person 1 612 617 89 210
person 1 979 566 80 195
person 1 788 616 73 196
person 1 1354 809 101 272
person 1 308 982 132 110
person 1 916 514 60 162
person 1 501 613 100 214
person 1 572 770 134 248
person 1 1428 502 58 94
person 1 780 470 60 135
person 1 1040 570 67 182
person 1 1575 696 118 217
person 1 465 989 154 98
person 1 115 830 112 245
person 1 372 761 87 218
person 1 1545 603 83 184
person 1 1411 674 102 229
person 1 1719 650 92 217
person 1 1029 430 48 122
person 1 844 568 59 150
person 1 1194 632 95 185
person 1 934 467 62 137
person 1 740 451 58 119
person 1 1088 547 63 156
person 1 1157 593 73 186
person 1 1514 699 87 203
person 1 1502 498 49 102
person 1 1682 758 83 151
person 1 832 455 54 120
person 1 1806 658 110 215
