person 1 345 937 147 142
person 1 1360 778 99 276
person 1 174 880 105 198
person 1 1259 781 103 263
person 1 614 630 91 228
person 1 1124 780 111 273
person 1 533 949 118 130
person 1 719 771 114 242
person 1 1419 509 61 94
person 1 985 565 82 203
person 1 905 512 64 154
person 1 831 563 59 151
person 1 493 629 103 221
person 1 768 636 70 192
person 1 767 470 56 131
person 1 1510 703 110 217
person 1 1017 436 49 123
person 1 75 855 110 221
person 1 1044 575 71 184
person 1 1102 625 103 193
person 1 456 774 95 210
person 1 1557 528 62 151
person 1 1451 667 105 212
person 1 1712 709 94 217
person 1 957 515 53 146
person 1 1587 699 90 196
person 1 1411 609 72 186
person 1 1777 767 80 151
person 1 858 541 49 123
person 1 1160 604 75 186
person 1 1501 602 76 183
person 1 700 440 54 121
person 1 1493 510 57 104
person 1 1834 689 78 209
