person 1 1064 858 118 220
person 1 335 809 105 258
person 1 1188 865 137 213
person 1 223 882 108 197
person 1 602 597 83 197
person 1 1322 874 116 204
person 1 986 571 69 198
person 1 733 606 65 197
person 1 878 589 62 166
person 1 1408 671 94 216
person 1 978 487 71 138
person 1 915 533 64 166
person 1 1095 662 81 203
person 1 1049 428 56 114
person 1 1440 505 57 100
person 1 803 483 59 148
person 1 1126 590 77 187
person 1 187 763 93 225
person 1 886 470 57 119
person 1 1222 664 91 224
person 1 1643 659 128 231
person 1 829 464 57 122
person 1 749 458 53 122
person 1 1069 539 72 176
person 1 1562 723 88 196
person 1 1218 583 55 171
person 1 1469 663 90 189
person 1 1304 681 80 187
person 1 1046 502 55 129
person 1 942 480 47 116
person 1 1521 651 94 217
