person 1 188 870 104 200
person 1 334 942 151 140
person 1 614 626 91 226
person 1 1254 782 107 268
person 1 1120 789 107 270
person 1 1360 785 101 280
person 1 1420 507 61 95
person 1 685 770 116 243
person 1 525 956 119 129
person 1 984 567 82 202
person 1 832 564 60 151
person 1 496 623 103 219
person 1 777 628 71 194
person 1 906 518 64 153
person 1 1021 434 50 123
person 1 1484 708 108 214
person 1 1046 574 71 184
person 1 85 851 110 220
person 1 448 767 93 217
person 1 773 464 55 131
person 1 1110 627 94 193
person 1 1468 669 103 209
person 1 1557 527 63 152
person 1 960 516 54 144
person 1 1562 695 83 203
person 1 1422 612 73 184
person 1 1497 509 55 103
person 1 1688 660 113 237
person 1 1508 604 78 187
person 1 1745 760 92 155
person 1 1162 601 73 187
person 1 702 443 55 117
person 1 860 539 49 127
person 1 1835 690 85 188
