person 1 208 866 106 213
person 1 1243 792 114 270
person 1 782 624 71 197
person 1 1362 795 102 272
person 1 612 622 92 216
person 1 318 959 142 119
person 1 1111 786 108 288
person 1 630 761 105 261
person 1 503 969 135 109
person 1 501 619 98 217
person 1 981 571 81 196
person 1 1423 506 60 93
person 1 914 514 61 154
person 1 1459 688 95 221
person 1 1036 572 71 186
person 1 772 468 60 136
person 1 402 773 91 211
person 1 839 572 58 148
person 1 100 835 114 244
person 1 1074 543 65 158
person 1 1763 657 118 223
person 1 1160 624 107 197
person 1 1637 695 106 223
person 1 1526 611 83 174
person 1 1024 435 47 126
person 1 723 444 58 119
person 1 1534 538 63 138
person 1 1531 704 87 185
person 1 1502 505 48 98
person 1 1387 647 84 202
person 1 1716 767 78 138
person 1 816 455 49 119
person 1 1695 656 88 197
