person 1 612 594 83 205
person 1 1076 842 117 235
person 1 1220 856 119 223
person 1 1322 857 118 220
person 1 316 810 110 266
person 1 871 577 60 171
person 1 986 568 70 196
person 1 1132 661 80 201
person 1 1425 671 103 225
person 1 803 479 58 145
person 1 1042 572 66 184
person 1 751 612 72 191
person 1 1046 427 56 119
person 1 917 532 65 163
person 1 494 588 93 209
person 1 204 891 106 189
person 1 973 482 65 141
person 1 1442 504 59 96
person 1 1255 667 99 224
person 1 1618 701 101 214
person 1 1495 642 129 213
person 1 767 456 55 115
person 1 876 466 57 120
person 1 1787 691 110 203
person 1 1221 580 58 180
person 1 1344 682 85 192
person 1 1497 750 81 142
