person 1 1699 704 109 235
person 1 515 769 109 234
person 1 214 861 122 219
person 1 1526 671 90 225
person 1 1485 520 59 95
person 1 1096 443 51 121
person 1 1227 698 77 203
person 1 1156 667 78 226
person 1 303 742 83 213
person 1 464 707 91 231
person 1 1072 604 69 207
person 1 1599 676 86 212
person 1 841 624 81 181
person 1 1786 717 90 211
person 1 993 604 72 193
person 1 1250 603 62 192
person 1 929 548 91 170
person 1 1113 546 75 161
person 1 796 481 55 128
person 1 1471 665 69 173
person 1 1132 616 69 192
person 1 1010 522 57 134
person 1 774 509 50 129
person 1 1173 562 62 150
person 1 848 506 59 126
person 1 957 505 56 137
person 1 899 487 53 139
