person 1 218 841 114 241
person 1 1540 683 95 229
person 1 1481 520 60 93
person 1 483 786 110 233
person 1 1223 697 74 199
person 1 1151 670 74 225
person 1 1091 445 51 123
person 1 441 718 95 242
person 1 1622 690 81 218
person 1 890 641 81 174
person 1 1059 598 67 201
person 1 1814 713 96 232
person 1 840 624 67 171
person 1 1095 544 74 155
person 1 1245 604 58 196
person 1 941 500 58 137
person 1 980 544 84 181
person 1 1459 673 73 165
person 1 430 587 91 182
person 1 1505 655 79 195
person 1 774 502 48 131
person 1 836 509 60 129
person 1 911 476 57 132
person 1 1121 616 72 197
person 1 1154 554 64 148
person 1 855 545 63 167
person 1 1171 599 62 184
