person 1 218 846 119 231
person 1 483 780 110 235
person 1 1089 444 51 123
person 1 1619 684 82 221
person 1 1767 717 123 233
person 1 1222 692 73 202
person 1 1149 673 76 219
person 1 1479 520 60 94
person 1 1057 599 68 199
person 1 1543 682 92 224
person 1 884 643 78 170
person 1 1244 610 60 195
person 1 269 743 75 235
person 1 440 717 92 240
person 1 971 603 70 184
person 1 1098 546 74 158
person 1 1124 607 68 194
person 1 772 505 48 129
person 1 1461 673 72 165
person 1 850 547 65 168
person 1 940 504 61 129
person 1 794 474 52 132
person 1 999 515 59 131
person 1 1505 653 78 198
person 1 1852 725 66 215
person 1 916 474 55 133
person 1 1153 563 62 148
