person 1 358 825 113 249
person 1 1454 517 58 92
person 1 175 778 99 260
person 1 1120 984 131 104
person 1 1271 995 115 92
person 1 950 963 121 118
person 1 1126 674 75 214
person 1 429 764 97 242
person 1 833 522 67 156
person 1 1432 676 75 206
person 1 1063 438 48 123
person 1 1362 708 80 178
person 1 1684 711 124 243
person 1 1215 600 63 181
person 1 1029 514 76 158
person 1 905 634 82 190
person 1 1006 588 68 198
person 1 880 483 61 130
person 1 759 479 52 130
person 1 537 601 87 184
person 1 1069 669 74 169
person 1 1182 694 65 186
person 1 803 482 55 127
person 1 400 570 93 181
person 1 1482 723 60 132
person 1 862 603 53 144
person 1 1142 562 66 166
person 1 944 493 58 124
person 1 833 459 52 131
person 1 1088 531 57 146
person 1 995 512 48 109
