person 1 1491 517 59 95
person 1 1648 693 105 231
person 1 328 729 87 219
person 1 198 883 122 196
person 1 535 751 102 231
person 1 1241 696 79 202
person 1 1101 445 51 119
person 1 479 700 88 227
person 1 1745 712 88 205
person 1 1528 668 86 221
person 1 1014 608 70 192
person 1 813 622 77 169
person 1 903 544 86 170
person 1 1128 617 73 208
person 1 1169 677 80 215
person 1 1582 671 86 215
person 1 776 511 49 131
person 1 1249 601 62 194
person 1 1472 661 65 164
person 1 955 505 61 132
person 1 950 640 55 165
person 1 1032 485 57 131
person 1 853 510 58 136
person 1 799 486 53 128
person 1 834 458 51 124
person 1 1186 569 63 139
person 1 1081 607 68 206
person 1 863 556 66 182
person 1 1081 540 50 112
person 1 909 486 55 133
