person 1 217 832 113 252
person 1 462 789 113 242
person 1 1473 518 61 94
person 1 1222 695 76 200
person 1 1551 686 98 237
person 1 1081 444 52 121
person 1 1146 675 76 216
person 1 1633 687 84 223
person 1 422 721 93 249
person 1 926 655 83 167
person 1 999 556 88 175
person 1 770 504 50 127
person 1 1496 654 77 194
person 1 854 621 65 175
person 1 846 539 67 160
person 1 931 497 59 137
person 1 1053 599 66 198
person 1 1113 647 77 184
person 1 1083 540 71 153
person 1 1237 603 57 192
person 1 1440 684 81 166
person 1 445 592 98 189
person 1 898 475 54 132
person 1 827 509 63 124
person 1 1140 554 66 152
person 1 1859 724 61 224
person 1 986 511 55 134
