person 1 186 887 122 196
person 1 335 726 86 214
person 1 541 754 103 225
person 1 1492 518 59 98
person 1 1179 675 83 217
person 1 1101 445 51 121
person 1 1612 694 118 226
person 1 494 691 86 230
person 1 1250 697 83 204
person 1 1031 612 69 195
person 1 1529 661 91 225
person 1 796 625 78 166
person 1 1121 627 73 199
person 1 900 551 89 171
person 1 953 657 59 157
person 1 1719 707 82 207
person 1 1076 618 68 208
person 1 961 508 63 136
person 1 1469 663 67 167
person 1 1135 556 74 158
person 1 1250 602 63 199
person 1 797 484 55 135
person 1 1038 491 59 135
person 1 777 512 50 135
person 1 1192 567 62 148
person 1 838 463 53 126
person 1 856 512 57 142
person 1 864 556 71 179
person 1 1017 532 59 139
