person 1 465 791 110 241
person 1 216 831 111 246
person 1 1637 689 83 224
person 1 1221 694 77 195
person 1 1555 685 96 232
person 1 1081 441 52 121
person 1 1473 517 59 93
person 1 1146 673 77 219
person 1 422 725 92 243
person 1 850 626 68 170
person 1 1442 679 77 168
person 1 1082 539 72 150
person 1 932 496 59 138
person 1 984 550 88 181
person 1 920 651 83 168
person 1 1055 599 64 199
person 1 1497 656 77 187
person 1 849 541 68 157
person 1 1111 640 80 189
person 1 1839 723 79 225
person 1 770 504 49 125
person 1 1237 598 56 195
person 1 439 594 96 182
person 1 844 453 52 130
person 1 1141 554 67 150
person 1 788 471 51 117
person 1 897 472 54 128
