person 1 218 857 120 221
person 1 1538 679 90 224
person 1 1481 520 61 94
person 1 1094 444 51 122
person 1 499 777 108 235
person 1 1152 667 77 227
person 1 1614 682 85 217
person 1 1221 691 76 204
person 1 1063 600 69 205
person 1 450 713 92 242
person 1 1744 715 128 232
person 1 870 638 85 171
person 1 1248 602 62 200
person 1 281 746 79 223
person 1 980 603 70 190
person 1 1102 545 76 157
person 1 1463 673 72 164
person 1 834 624 72 164
person 1 773 508 52 129
person 1 853 549 65 159
person 1 1129 604 67 205
person 1 794 470 54 133
person 1 1000 516 61 143
person 1 1509 645 72 206
person 1 945 506 58 122
person 1 1828 726 79 209
person 1 891 474 50 148
person 1 1160 560 66 149
person 1 1060 539 53 117
