person 1 393 818 112 247
person 1 192 800 96 256
person 1 890 631 79 189
person 1 1129 673 79 217
person 1 1459 517 59 94
person 1 1114 1005 123 86
person 1 1069 443 50 118
person 1 456 752 97 239
person 1 1222 599 63 191
person 1 1444 669 80 204
person 1 1261 1004 122 76
person 1 932 999 121 96
person 1 844 521 66 152
person 1 1377 694 79 175
person 1 1034 649 86 185
person 1 1192 691 67 189
person 1 893 481 63 134
person 1 1661 706 127 231
person 1 361 742 97 250
person 1 766 491 49 127
person 1 396 562 86 194
person 1 1043 523 72 148
person 1 815 491 55 127
person 1 995 630 73 181
person 1 1078 583 69 193
person 1 1816 693 109 223
person 1 525 599 84 184
person 1 1493 722 61 135
person 1 955 500 53 122
person 1 853 463 54 128
person 1 1147 594 68 193
person 1 868 605 52 145
