person 1 178 782 100 257
person 1 357 828 115 249
person 1 1454 518 58 91
person 1 1120 980 130 99
person 1 956 967 119 111
person 1 912 631 75 190
person 1 429 763 95 240
person 1 1055 654 81 183
person 1 835 521 66 156
person 1 1270 986 114 93
person 1 1127 670 76 221
person 1 1363 705 79 175
person 1 1427 680 79 199
person 1 1218 596 62 188
person 1 1064 441 48 122
person 1 1031 515 74 152
person 1 1692 709 121 237
person 1 1178 690 68 189
person 1 877 478 61 128
person 1 396 565 92 184
person 1 1008 596 70 193
person 1 1479 719 65 143
person 1 542 598 88 186
person 1 802 482 58 130
person 1 760 478 50 130
person 1 942 492 57 123
person 1 865 599 49 139
person 1 960 621 66 178
person 1 834 457 52 131
person 1 1086 538 62 139
person 1 1781 685 101 205
person 1 1137 552 55 148
