person 1 215 862 122 217
person 1 503 771 110 235
person 1 1482 521 60 93
person 1 1531 678 93 222
person 1 1152 674 79 221
person 1 1095 444 51 123
person 1 291 747 80 212
person 1 458 713 89 237
person 1 1064 601 68 207
person 1 1723 707 109 239
person 1 1223 692 77 207
person 1 1608 679 86 222
person 1 1249 601 61 193
person 1 856 631 85 177
person 1 1802 719 99 212
person 1 944 549 87 171
person 1 984 603 69 190
person 1 1106 546 74 159
person 1 1128 605 67 203
person 1 794 474 55 127
person 1 1468 668 69 172
person 1 771 506 50 131
person 1 853 550 69 163
person 1 1003 520 61 135
person 1 921 638 60 157
person 1 896 488 50 138
person 1 946 501 60 134
person 1 1167 559 63 149
