person 1 183 787 98 259
person 1 368 828 115 246
person 1 1456 517 58 93
person 1 948 975 122 103
person 1 901 627 77 192
person 1 1119 985 127 94
person 1 1127 671 79 221
person 1 441 758 93 240
person 1 1435 671 78 200
person 1 1065 441 51 118
person 1 838 521 65 151
person 1 1215 593 64 194
person 1 1266 995 119 84
person 1 1367 701 79 174
person 1 1039 653 84 180
person 1 1037 517 72 153
person 1 1185 691 67 188
person 1 391 561 89 190
person 1 1675 708 123 234
person 1 882 478 62 133
person 1 762 488 49 125
person 1 804 488 57 129
person 1 345 745 99 244
person 1 975 625 68 182
person 1 532 595 89 188
person 1 1073 586 67 187
person 1 1485 720 63 134
person 1 1772 689 118 216
person 1 950 494 55 120
person 1 841 459 51 129
person 1 870 610 49 139
person 1 1011 593 68 198
