person 1 1484 520 59 95
person 1 513 768 108 237
person 1 1704 703 109 238
person 1 217 859 119 218
person 1 1155 672 80 223
person 1 300 744 81 213
person 1 1527 674 92 223
person 1 1096 443 51 121
person 1 1228 695 76 203
person 1 461 708 91 234
person 1 1067 605 67 205
person 1 1598 675 88 220
person 1 993 603 72 192
person 1 1249 601 61 194
person 1 1794 718 85 205
person 1 931 549 87 169
person 1 847 630 78 176
person 1 1109 547 76 160
person 1 1469 665 69 173
person 1 1132 609 66 206
person 1 1009 521 57 135
person 1 774 510 49 128
person 1 796 482 54 125
person 1 849 509 59 130
person 1 1170 562 63 145
person 1 937 485 58 135
person 1 897 487 54 140
