person 1 342 830 118 247
person 1 1120 974 132 104
person 1 172 775 97 259
person 1 1269 984 118 94
person 1 958 961 121 118
person 1 919 633 84 193
person 1 1454 515 58 93
person 1 1428 679 75 205
person 1 417 763 98 245
person 1 1363 708 78 177
person 1 1005 584 69 201
person 1 833 515 66 154
person 1 1063 439 48 122
person 1 1027 516 75 149
person 1 1128 675 75 212
person 1 1215 598 60 182
person 1 875 478 61 134
person 1 799 482 57 126
person 1 1179 690 65 187
person 1 405 571 90 185
person 1 552 604 86 182
person 1 1712 711 134 235
person 1 758 482 52 125
person 1 1074 669 77 170
person 1 1475 725 62 137
person 1 861 595 52 146
person 1 938 495 59 123
person 1 1140 578 70 182
person 1 829 457 52 133
