person 1 1123 962 136 134
person 1 314 836 118 235
person 1 981 936 116 146
person 1 1266 962 121 131
person 1 167 773 85 253
person 1 1446 513 59 95
person 1 905 616 70 177
person 1 962 644 81 190
person 1 1012 508 71 147
person 1 398 779 98 243
person 1 1127 666 81 225
person 1 1069 577 66 198
person 1 1059 438 52 123
person 1 584 605 87 183
person 1 824 513 63 140
person 1 1001 580 69 192
person 1 1366 724 82 173
person 1 793 481 56 123
person 1 1631 685 89 220
person 1 859 480 66 122
person 1 1207 598 60 182
person 1 1417 685 84 204
person 1 856 596 51 134
person 1 431 569 91 196
person 1 1175 688 67 189
person 1 923 491 56 117
person 1 755 479 51 123
person 1 1808 724 107 228
person 1 1076 525 57 127
person 1 1708 669 85 198
person 1 974 500 47 113
