person 1 1469 517 59 95
person 1 204 821 113 258
person 1 1137 670 79 219
person 1 1586 693 96 230
person 1 1215 693 73 193
person 1 437 806 111 234
person 1 1075 443 51 120
person 1 1481 658 79 197
person 1 400 734 95 244
person 1 1662 698 84 223
person 1 919 490 64 136
person 1 871 624 63 184
person 1 845 534 66 160
person 1 955 644 78 182
person 1 773 495 48 127
person 1 1076 630 70 185
person 1 1233 600 58 194
person 1 930 584 72 180
person 1 1021 553 82 185
person 1 1422 689 75 162
person 1 822 502 59 123
person 1 975 505 56 132
person 1 1130 549 61 147
person 1 1520 617 76 170
person 1 813 447 50 126
person 1 884 465 53 131
person 1 1831 694 82 209
person 1 1071 536 64 166
person 1 924 1025 112 54
