person 1 203 882 117 197
person 1 322 732 89 224
person 1 1660 698 108 222
person 1 532 756 102 230
person 1 1162 675 80 218
person 1 1489 518 59 98
person 1 1101 445 51 118
person 1 475 700 90 231
person 1 1236 694 80 203
person 1 1525 673 92 220
person 1 912 546 84 176
person 1 1761 715 89 205
person 1 1008 607 68 197
person 1 819 626 80 169
person 1 1582 670 88 218
person 1 1080 614 67 196
person 1 1131 616 70 209
person 1 1638 633 77 187
person 1 1473 664 66 166
person 1 1250 601 61 200
person 1 942 644 58 158
person 1 862 558 69 171
person 1 794 480 59 132
person 1 1182 568 64 146
person 1 956 505 59 133
person 1 850 516 57 127
person 1 905 489 56 132
person 1 773 512 51 129
person 1 1028 493 55 127
person 1 831 460 49 122
