person 1 1547 687 94 227
person 1 216 841 114 238
person 1 475 790 110 234
person 1 1222 697 76 199
person 1 1147 674 75 223
person 1 1087 444 51 122
person 1 1476 521 60 90
person 1 1625 691 83 217
person 1 431 721 93 244
person 1 898 645 81 171
person 1 1813 719 97 235
person 1 1057 597 66 202
person 1 1089 543 73 157
person 1 1240 604 59 197
person 1 843 624 68 168
person 1 934 498 60 136
person 1 1454 675 69 166
person 1 851 542 64 166
person 1 960 595 71 188
person 1 772 504 47 128
person 1 1502 656 77 191
person 1 790 473 53 131
person 1 835 506 59 132
person 1 422 587 91 184
person 1 902 473 57 135
person 1 990 515 62 140
person 1 1151 555 64 147
person 1 1121 614 71 198
