person 1 201 824 110 252
person 1 1469 516 59 95
person 1 431 806 110 238
person 1 1214 689 73 199
person 1 1073 442 51 120
person 1 1137 669 78 217
person 1 1594 695 97 229
person 1 1663 696 89 228
person 1 397 735 93 246
person 1 876 623 62 186
person 1 918 488 64 134
person 1 846 532 66 160
person 1 963 648 76 174
person 1 771 495 50 127
person 1 1233 598 59 196
person 1 927 590 73 179
person 1 1474 663 74 192
person 1 1419 694 73 162
person 1 1127 546 61 146
person 1 189 761 75 223
person 1 1063 624 70 189
person 1 823 495 60 129
person 1 1823 692 88 213
person 1 1032 557 78 196
person 1 970 504 57 133
person 1 879 465 56 132
person 1 808 444 49 131
person 1 1515 633 68 138
person 1 919 1018 122 61
person 1 1140 1041 72 37
person 1 1020 514 46 123
person 1 1161 597 65 198
