person 1 1482 521 61 95
person 1 220 856 118 221
person 1 1152 667 77 227
person 1 1091 445 51 123
person 1 1063 603 68 201
person 1 493 778 107 239
person 1 1745 715 135 233
person 1 1616 681 84 223
person 1 1222 690 75 205
person 1 1540 683 88 221
person 1 875 638 83 172
person 1 448 714 92 241
person 1 977 604 70 188
person 1 1248 604 60 198
person 1 279 744 78 225
person 1 1100 545 75 158
person 1 852 549 65 160
person 1 774 507 51 131
person 1 1463 674 72 166
person 1 1128 607 66 200
person 1 838 621 68 168
person 1 941 506 61 127
person 1 795 472 52 130
person 1 1839 729 79 209
person 1 1508 650 75 200
person 1 1000 519 60 138
person 1 887 472 51 151
person 1 1158 561 65 148
person 1 918 477 51 126
person 1 957 541 77 161
