person 1 1274 948 124 143
person 1 1131 935 138 149
person 1 993 937 121 158
person 1 303 843 118 229
person 1 170 772 80 249
person 1 977 638 82 198
person 1 1448 512 58 94
person 1 398 777 99 245
person 1 1062 436 52 120
person 1 1064 579 66 197
person 1 905 612 70 175
person 1 608 605 77 187
person 1 1136 662 81 221
person 1 1011 510 69 145
person 1 825 511 62 143
person 1 1375 720 87 180
person 1 794 477 58 125
person 1 919 488 57 120
person 1 1204 588 60 178
person 1 1434 688 75 203
person 1 1619 684 91 217
person 1 857 476 63 128
person 1 861 603 50 133
person 1 754 478 51 123
person 1 439 567 93 197
person 1 1074 519 56 130
person 1 558 573 76 199
person 1 1708 670 86 200
person 1 1846 708 74 234
