person 1 321 731 90 227
person 1 206 878 119 201
person 1 1668 702 108 221
person 1 1526 675 90 218
person 1 1100 445 51 118
person 1 1238 694 76 203
person 1 1489 519 59 97
person 1 526 760 103 230
person 1 471 702 91 230
person 1 1160 674 80 221
person 1 913 545 84 175
person 1 1764 714 96 209
person 1 821 625 81 170
person 1 1588 672 87 216
person 1 1004 607 68 198
person 1 1079 610 67 201
person 1 1636 635 75 191
person 1 1132 619 71 208
person 1 861 558 69 168
person 1 1473 661 66 174
person 1 775 510 49 131
person 1 796 478 55 130
person 1 1009 523 61 132
person 1 957 506 58 132
person 1 1181 566 61 145
person 1 851 515 57 132
person 1 943 651 55 147
person 1 1250 611 62 181
person 1 830 462 49 125
