person 1 536 751 101 227
person 1 329 728 86 216
person 1 1491 517 59 97
person 1 192 883 125 196
person 1 1245 694 82 204
person 1 1101 445 51 120
person 1 1636 692 109 229
person 1 1173 675 81 216
person 1 1021 613 68 191
person 1 483 697 88 230
person 1 805 628 78 169
person 1 1531 665 89 223
person 1 1738 708 82 206
person 1 1128 621 72 200
person 1 899 546 86 167
person 1 947 650 59 161
person 1 1472 662 66 167
person 1 1248 601 63 198
person 1 955 505 63 135
person 1 1139 552 73 162
person 1 1033 489 59 131
person 1 1185 567 66 146
person 1 835 458 52 124
person 1 798 484 53 131
person 1 777 511 50 130
person 1 1079 616 69 204
person 1 865 559 67 167
person 1 853 508 57 142
person 1 910 485 55 134
