person 1 334 834 121 245
person 1 965 955 122 123
person 1 1120 961 131 115
person 1 1265 972 123 107
person 1 1453 515 59 91
person 1 169 773 96 259
person 1 927 630 81 196
person 1 409 761 98 256
person 1 1003 583 70 200
person 1 1424 679 78 208
person 1 1023 516 75 144
person 1 1063 441 48 122
person 1 1126 676 74 210
person 1 831 512 68 154
person 1 1364 713 77 174
person 1 1216 593 61 192
person 1 1738 715 115 239
person 1 868 478 63 137
person 1 758 481 51 125
person 1 565 601 86 185
person 1 412 572 91 187
person 1 1176 689 65 191
person 1 1072 591 67 187
person 1 799 483 56 125
person 1 915 565 69 174
person 1 1139 596 65 181
person 1 861 599 54 139
person 1 1656 688 109 216
person 1 1476 728 61 135
person 1 1093 658 75 179
person 1 936 490 54 121
person 1 1805 717 96 226
person 1 1084 527 55 129
person 1 907 467 49 130
