person 1 212 863 122 215
person 1 514 765 108 239
person 1 1486 521 59 93
person 1 1153 673 80 223
person 1 1702 700 111 237
person 1 1525 672 93 222
person 1 1096 444 51 122
person 1 302 742 82 213
person 1 1075 605 68 205
person 1 462 708 88 234
person 1 1779 713 91 206
person 1 1602 675 84 221
person 1 847 627 82 179
person 1 1227 694 77 205
person 1 1251 601 60 195
person 1 943 555 88 158
person 1 796 484 53 125
person 1 1112 550 76 157
person 1 993 605 70 191
person 1 1011 520 60 135
person 1 1131 610 67 202
person 1 1472 664 67 170
person 1 775 509 47 127
person 1 850 510 59 130
person 1 903 490 53 138
person 1 931 649 57 155
person 1 1169 563 65 151
person 1 942 489 56 131
