person 1 1265 961 121 122
person 1 1116 960 131 125
person 1 325 829 119 243
person 1 169 774 90 254
person 1 1449 515 60 93
person 1 951 637 83 200
person 1 1019 512 72 146
person 1 974 942 116 142
person 1 406 776 99 246
person 1 1070 583 68 200
person 1 429 567 93 199
person 1 1061 441 51 123
person 1 1123 666 79 224
person 1 571 602 83 185
person 1 831 512 63 150
person 1 1362 725 79 170
person 1 1215 602 59 175
person 1 1002 579 70 200
person 1 1744 725 126 226
person 1 1419 679 82 204
person 1 756 479 55 122
person 1 918 610 70 181
person 1 795 481 58 124
person 1 1175 687 66 192
person 1 865 482 62 127
person 1 860 594 51 135
person 1 930 489 57 118
person 1 1650 686 95 217
person 1 1469 733 61 133
person 1 1079 525 58 136
