person 1 215 836 111 241
person 1 1551 683 95 234
person 1 1221 695 75 196
person 1 1473 518 59 91
person 1 468 791 111 240
person 1 1146 675 76 219
person 1 1083 442 52 122
person 1 424 721 96 247
person 1 1632 689 83 220
person 1 1446 677 74 169
person 1 1052 599 66 198
person 1 1827 724 89 225
person 1 906 639 86 177
person 1 1240 604 57 193
person 1 1085 539 71 153
person 1 848 627 68 171
person 1 930 493 58 143
person 1 974 553 86 175
person 1 850 543 66 153
person 1 771 507 49 123
person 1 1500 657 76 189
person 1 787 471 54 123
person 1 430 593 96 180
person 1 948 596 75 187
person 1 830 505 62 124
person 1 849 452 54 127
person 1 1141 555 68 148
person 1 897 473 55 132
person 1 1167 597 62 194
