person 1 1274 946 123 133
person 1 1135 943 137 136
person 1 995 932 118 147
person 1 303 842 116 235
person 1 394 780 97 244
person 1 168 773 82 251
person 1 1447 512 59 95
person 1 968 638 81 200
person 1 901 610 71 179
person 1 1011 506 70 146
person 1 1134 665 80 222
person 1 1065 576 65 198
person 1 1060 436 52 123
person 1 599 605 84 185
person 1 1617 685 83 218
person 1 824 509 63 142
person 1 1204 594 62 184
person 1 1379 723 83 177
person 1 791 480 58 124
person 1 1658 675 100 213
person 1 855 479 65 122
person 1 435 568 94 197
person 1 1433 688 83 204
person 1 1179 685 68 192
person 1 859 596 49 131
person 1 921 487 56 120
person 1 1072 519 56 128
person 1 754 477 51 122
person 1 1815 718 102 237
