person 1 196 798 98 263
person 1 419 811 108 250
person 1 1464 514 58 95
person 1 1132 665 78 223
person 1 887 627 70 186
person 1 1072 439 50 124
person 1 468 749 93 245
person 1 923 995 118 89
person 1 379 737 98 249
person 1 1083 592 71 188
person 1 986 655 81 170
person 1 845 527 69 154
person 1 926 575 68 175
person 1 1200 685 68 197
person 1 1458 662 81 199
person 1 817 487 59 130
person 1 1224 599 59 194
person 1 1400 683 81 175
person 1 1610 701 114 230
person 1 1786 690 107 233
person 1 768 483 53 130
person 1 1112 1010 117 71
person 1 905 486 61 129
person 1 963 496 59 128
person 1 1268 1020 95 59
person 1 1496 712 67 133
person 1 869 459 52 136
person 1 873 610 53 148
person 1 389 568 86 183
person 1 1856 769 67 159
