person 1 216 862 122 217
person 1 1484 521 59 93
person 1 508 767 107 238
person 1 1096 445 51 122
person 1 1152 673 80 223
person 1 1068 604 67 204
person 1 292 746 83 210
person 1 460 713 87 235
person 1 1223 694 76 203
person 1 1531 677 93 219
person 1 1717 705 110 238
person 1 1798 719 96 209
person 1 1607 678 85 223
person 1 1250 605 59 193
person 1 857 630 81 178
person 1 987 607 70 185
person 1 940 555 88 161
person 1 1008 519 60 136
person 1 1107 547 76 156
person 1 1469 668 71 172
person 1 798 472 53 126
person 1 1130 611 67 191
person 1 855 554 67 161
person 1 774 507 48 130
person 1 924 649 58 146
person 1 898 488 53 138
person 1 940 491 56 134
person 1 1166 560 65 149
