person 1 212 864 121 215
person 1 1526 671 86 223
person 1 520 768 106 232
person 1 1158 670 78 223
person 1 1487 520 59 96
person 1 309 739 85 215
person 1 1231 693 79 209
person 1 1687 707 113 227
person 1 997 606 69 195
person 1 1098 443 51 123
person 1 1597 670 86 221
person 1 1074 602 68 209
person 1 467 706 91 230
person 1 1783 716 89 216
person 1 833 620 81 177
person 1 924 545 89 182
person 1 1250 605 62 192
person 1 1117 546 72 160
person 1 1009 523 62 143
person 1 1132 621 69 196
person 1 1472 665 69 169
person 1 793 487 55 129
person 1 849 510 60 131
person 1 820 458 53 123
person 1 1173 561 64 155
person 1 903 485 53 140
person 1 945 492 57 144
