person 1 208 823 113 259
person 1 1577 695 97 230
person 1 1472 517 59 96
person 1 446 806 109 234
person 1 1141 671 78 217
person 1 1221 691 73 194
person 1 1079 444 51 122
person 1 406 732 93 249
person 1 868 625 64 186
person 1 951 644 74 174
person 1 925 489 63 136
person 1 846 534 66 161
person 1 1488 661 80 193
person 1 1652 699 83 224
person 1 774 496 48 125
person 1 1075 631 72 187
person 1 1237 603 58 195
person 1 1428 687 74 162
person 1 934 587 72 179
person 1 825 501 59 126
person 1 978 503 55 132
person 1 1034 562 80 194
person 1 1133 551 61 146
person 1 886 466 55 131
person 1 1529 620 71 165
person 1 1838 693 84 207
person 1 916 1021 120 59
person 1 1024 520 48 126
person 1 792 459 50 120
person 1 1148 1043 72 36
