person 1 217 861 121 218
person 1 1483 521 59 94
person 1 501 773 110 233
person 1 1535 679 91 222
person 1 1152 673 78 218
person 1 1095 443 51 124
person 1 1222 692 76 203
person 1 1730 708 107 238
person 1 1611 679 85 221
person 1 458 712 89 239
person 1 1064 600 67 207
person 1 289 747 80 216
person 1 1247 600 62 197
person 1 860 635 86 173
person 1 1804 722 100 212
person 1 982 605 70 190
person 1 1465 668 71 171
person 1 947 551 87 171
person 1 1129 605 65 202
person 1 1106 545 74 156
person 1 796 471 53 132
person 1 854 548 69 165
person 1 1004 518 61 134
person 1 772 504 49 132
person 1 921 637 60 159
person 1 945 500 60 132
person 1 897 488 50 138
person 1 1165 558 63 148
