person 1 185 791 98 257
person 1 377 828 113 246
person 1 1458 517 57 93
person 1 1128 671 78 221
person 1 898 628 78 191
person 1 1120 987 126 92
person 1 1065 444 50 117
person 1 445 757 96 239
person 1 1216 593 65 195
person 1 947 980 121 99
person 1 1372 699 80 174
person 1 1669 710 122 235
person 1 1267 998 117 81
person 1 888 478 62 132
person 1 839 521 64 152
person 1 348 745 98 250
person 1 1187 693 66 185
person 1 1438 672 77 200
person 1 393 562 89 192
person 1 1040 518 71 150
person 1 1035 651 84 185
person 1 763 489 49 125
person 1 807 488 57 128
person 1 979 629 70 180
person 1 533 597 87 187
person 1 1077 580 70 189
person 1 1487 718 63 140
person 1 951 497 54 120
person 1 869 606 50 145
person 1 1787 692 111 222
person 1 844 459 53 129
person 1 1015 596 67 178
person 1 1148 593 69 186
