person 1 190 799 97 255
person 1 382 817 112 258
person 1 894 631 77 188
person 1 1128 672 79 216
person 1 1459 516 60 95
person 1 1117 1000 121 78
person 1 1221 599 63 188
person 1 841 522 67 153
person 1 447 755 97 242
person 1 1652 706 120 231
person 1 1375 699 80 171
person 1 939 989 122 90
person 1 1021 653 87 181
person 1 354 740 99 259
person 1 1067 443 49 121
person 1 1187 688 69 186
person 1 1439 670 84 200
person 1 892 484 61 134
person 1 391 563 87 191
person 1 1269 1006 116 73
person 1 765 493 49 122
person 1 811 490 55 126
person 1 1147 592 68 188
person 1 958 498 55 124
person 1 1079 586 65 193
person 1 1045 525 70 142
person 1 1490 716 64 137
person 1 868 603 50 144
person 1 1719 697 111 234
person 1 1791 694 120 217
person 1 992 624 74 185
person 1 849 459 51 132
person 1 523 594 90 189
