person 1 192 800 94 254
person 1 387 814 113 256
person 1 1461 515 59 95
person 1 1129 672 79 215
person 1 892 631 76 186
person 1 1647 705 122 236
person 1 1068 442 50 122
person 1 1221 598 63 189
person 1 452 754 94 240
person 1 1445 667 81 200
person 1 936 988 119 91
person 1 1378 696 78 173
person 1 841 522 67 156
person 1 1112 1003 123 76
person 1 763 490 52 126
person 1 1017 654 87 179
person 1 1190 687 69 187
person 1 1268 1010 112 69
person 1 1148 596 66 187
person 1 1077 590 69 191
person 1 921 574 68 176
person 1 390 562 85 190
person 1 958 496 57 128
person 1 812 487 54 126
person 1 1046 524 72 145
person 1 1489 718 66 132
person 1 893 483 60 136
person 1 869 602 53 150
person 1 1730 696 102 232
person 1 851 462 53 136
person 1 1006 514 46 109
person 1 1811 700 97 210
