person 1 536 754 103 224
person 1 1492 518 59 97
person 1 334 725 85 215
person 1 1101 445 51 121
person 1 1621 696 120 224
person 1 191 885 122 194
person 1 1175 678 81 216
person 1 1247 695 85 205
person 1 485 694 87 229
person 1 797 627 79 164
person 1 1531 662 90 226
person 1 1026 610 67 196
person 1 1141 552 75 163
person 1 1125 624 74 203
person 1 898 552 86 164
person 1 1249 599 64 199
person 1 951 648 58 161
person 1 1730 709 88 206
person 1 958 504 62 139
person 1 1471 663 67 165
person 1 1079 615 67 209
person 1 798 483 55 135
person 1 1034 488 60 133
person 1 777 511 50 132
person 1 1190 568 60 145
person 1 839 460 52 123
person 1 853 511 58 141
person 1 863 559 73 180
person 1 1013 529 60 141
