person 1 1552 683 94 237
person 1 216 835 109 244
person 1 1474 518 59 93
person 1 1222 696 74 196
person 1 470 790 111 243
person 1 1633 689 82 222
person 1 1085 442 51 123
person 1 1145 673 76 221
person 1 1446 678 75 169
person 1 426 721 95 247
person 1 849 627 70 170
person 1 908 643 84 173
person 1 1054 598 66 199
person 1 1241 603 57 193
person 1 1828 727 89 224
person 1 1087 539 70 151
person 1 934 494 57 141
person 1 979 552 84 182
person 1 852 542 66 153
person 1 1500 657 73 188
person 1 771 507 48 123
person 1 790 471 53 121
person 1 949 595 75 187
person 1 1165 599 63 180
person 1 848 455 54 129
person 1 831 510 61 122
person 1 433 595 97 180
person 1 1142 555 66 147
person 1 899 475 56 130
