person 1 1481 520 60 95
person 1 218 859 120 219
person 1 1152 668 78 224
person 1 1537 677 90 229
person 1 497 777 109 236
person 1 1094 445 51 121
person 1 1613 682 85 220
person 1 1063 602 68 204
person 1 1742 712 118 234
person 1 1222 692 74 204
person 1 282 747 83 222
person 1 452 713 92 241
person 1 867 637 86 173
person 1 1249 601 61 196
person 1 977 602 72 192
person 1 1103 545 76 158
person 1 774 505 50 132
person 1 853 546 68 165
person 1 832 622 75 167
person 1 1468 670 69 169
person 1 1821 725 87 210
person 1 1130 607 66 202
person 1 795 473 53 132
person 1 943 502 59 125
person 1 1001 519 59 138
person 1 1509 649 72 201
person 1 1161 560 66 147
person 1 839 504 60 132
