person 1 1547 686 92 227
person 1 219 840 113 239
person 1 1800 718 106 236
person 1 1477 521 60 91
person 1 1146 673 78 222
person 1 480 785 109 236
person 1 1222 696 74 199
person 1 1087 445 51 123
person 1 893 643 81 172
person 1 1621 687 84 221
person 1 1057 599 66 200
person 1 432 719 92 247
person 1 1089 544 75 159
person 1 1240 605 59 196
person 1 962 603 73 183
person 1 935 502 60 137
person 1 842 624 67 170
person 1 849 544 65 164
person 1 1456 675 69 164
person 1 771 502 49 131
person 1 1501 655 78 190
person 1 836 505 60 133
person 1 791 474 52 130
person 1 1122 615 70 191
person 1 906 475 54 133
person 1 993 508 56 140
person 1 1151 557 65 148
person 1 1871 735 47 199
