person 1 1004 926 120 152
person 1 297 848 116 231
person 1 1134 939 136 141
person 1 394 782 96 242
person 1 169 772 81 250
person 1 1447 512 59 94
person 1 1278 942 123 136
person 1 899 607 73 178
person 1 972 640 82 199
person 1 1060 437 52 121
person 1 1009 506 72 144
person 1 1136 669 83 216
person 1 1065 577 65 199
person 1 823 507 63 144
person 1 602 603 85 187
person 1 1383 724 82 176
person 1 438 567 93 198
person 1 1644 672 108 219
person 1 1435 689 82 206
person 1 1204 590 61 189
person 1 918 484 56 120
person 1 789 477 61 121
person 1 856 477 63 125
person 1 1071 517 57 131
person 1 753 475 51 123
person 1 1823 720 96 236
person 1 862 597 48 131
