person 1 1685 707 111 226
person 1 313 737 87 220
person 1 212 868 118 211
person 1 1488 520 59 93
person 1 523 766 106 234
person 1 1233 692 79 211
person 1 1099 443 51 123
person 1 1159 673 78 220
person 1 1779 716 92 215
person 1 997 606 68 196
person 1 1594 670 90 222
person 1 1526 673 88 222
person 1 468 705 91 229
person 1 1076 604 67 206
person 1 918 547 87 175
person 1 829 623 81 174
person 1 1251 602 62 193
person 1 1118 546 73 157
person 1 1131 622 71 197
person 1 794 482 55 128
person 1 1009 521 60 138
person 1 856 555 71 176
person 1 1474 663 67 170
person 1 773 507 51 131
person 1 849 511 60 130
person 1 952 500 60 145
person 1 820 458 53 122
person 1 1174 561 64 144
person 1 937 643 60 158
person 1 899 491 55 135
person 1 1062 537 58 125
