person 1 323 731 87 222
person 1 1491 517 58 97
person 1 199 887 119 203
person 1 1654 696 107 223
person 1 1756 716 96 210
person 1 1239 696 77 205
person 1 1521 673 88 221
person 1 1165 673 79 220
person 1 533 756 104 235
person 1 476 697 91 232
person 1 1100 444 51 119
person 1 1582 670 91 220
person 1 1011 607 67 197
person 1 817 619 85 176
person 1 1082 608 68 202
person 1 923 546 85 171
person 1 1132 621 71 210
person 1 1251 603 60 195
person 1 1128 549 74 161
person 1 796 478 57 132
person 1 1011 522 59 138
person 1 1640 641 75 192
person 1 1476 659 66 172
person 1 859 556 71 171
person 1 777 509 48 130
person 1 852 517 57 126
person 1 956 502 62 138
person 1 1184 565 61 145
person 1 829 459 48 123
person 1 1076 542 51 111
person 1 948 647 58 156
person 1 902 498 51 131
