person 1 339 832 118 245
person 1 1119 969 132 108
person 1 172 773 95 261
person 1 1454 517 59 91
person 1 925 633 83 193
person 1 1269 979 119 100
person 1 966 960 117 119
person 1 414 764 99 250
person 1 1064 439 48 123
person 1 1005 581 67 203
person 1 1364 708 79 178
person 1 835 513 65 153
person 1 1126 676 76 210
person 1 1427 684 76 202
person 1 1216 594 60 183
person 1 1026 516 75 146
person 1 1180 690 66 188
person 1 861 591 54 151
person 1 873 478 62 136
person 1 916 567 69 170
person 1 409 572 90 186
person 1 1718 716 126 233
person 1 800 482 57 126
person 1 560 599 86 188
person 1 762 483 48 124
person 1 1072 585 66 188
person 1 1474 729 62 133
person 1 1084 670 74 170
person 1 936 493 57 121
person 1 1137 591 67 184
person 1 1087 529 55 136
person 1 834 454 48 133
person 1 991 508 47 110
