person 1 211 825 114 253
person 1 1219 697 77 198
person 1 449 795 111 243
person 1 1577 690 98 231
person 1 1470 518 61 95
person 1 1078 444 52 121
person 1 937 651 83 172
person 1 1141 675 78 217
person 1 863 624 64 181
person 1 1649 697 85 223
person 1 412 730 94 239
person 1 1485 654 76 196
person 1 923 493 61 137
person 1 1005 558 88 171
person 1 846 534 67 160
person 1 1088 642 76 185
person 1 772 498 50 129
person 1 1234 601 58 192
person 1 1428 683 81 171
person 1 1073 538 75 155
person 1 1046 597 68 197
person 1 1134 551 64 148
person 1 979 507 56 135
person 1 825 506 58 120
person 1 891 467 55 130
person 1 1535 623 72 171
person 1 445 593 102 186
person 1 1853 701 66 223
person 1 1162 597 65 191
