person 1 194 883 124 196
person 1 330 728 86 218
person 1 536 752 102 228
person 1 1491 518 59 96
person 1 1643 691 106 232
person 1 1100 445 51 119
person 1 1244 695 78 202
person 1 480 699 89 228
person 1 1173 676 79 213
person 1 1742 709 85 207
person 1 1530 664 88 224
person 1 809 626 78 165
person 1 1018 608 69 195
person 1 902 546 85 166
person 1 1130 616 71 207
person 1 1471 662 67 167
person 1 955 505 63 135
person 1 1034 487 59 133
person 1 777 511 50 130
person 1 798 487 54 131
person 1 835 458 52 123
person 1 1578 666 89 218
person 1 1182 568 68 145
person 1 906 487 58 128
person 1 864 558 68 170
person 1 950 643 55 166
person 1 1080 615 66 202
person 1 855 509 57 142
