person 1 201 820 107 254
person 1 428 803 110 243
person 1 1469 515 58 97
person 1 1212 690 74 200
person 1 1073 443 52 121
person 1 1596 696 100 231
person 1 1137 671 78 215
person 1 1666 694 88 227
person 1 879 625 63 187
person 1 1416 692 79 162
person 1 846 534 66 162
person 1 394 735 92 246
person 1 915 488 65 135
person 1 1230 598 60 194
person 1 770 492 51 130
person 1 928 588 73 179
person 1 1472 663 77 191
person 1 968 651 74 170
person 1 189 762 72 219
person 1 1060 627 72 187
person 1 1127 547 60 149
person 1 1816 695 92 212
person 1 819 494 61 128
person 1 971 504 59 131
person 1 880 464 55 132
person 1 810 446 46 129
person 1 923 1019 112 60
person 1 1138 1038 76 41
person 1 1040 560 72 176
person 1 1006 505 51 124
