person 1 217 849 120 226
person 1 486 778 108 238
person 1 1148 671 78 221
person 1 1618 683 83 223
person 1 1541 684 90 220
person 1 1090 444 51 123
person 1 1222 690 73 205
person 1 1479 520 61 94
person 1 1761 716 129 234
person 1 1060 601 69 198
person 1 442 716 93 242
person 1 879 640 81 170
person 1 971 602 71 187
person 1 269 741 77 233
person 1 1245 612 60 193
person 1 1098 545 73 156
person 1 772 508 48 128
person 1 1461 675 69 162
person 1 1127 612 66 195
person 1 849 548 65 163
person 1 939 505 60 130
person 1 1505 652 77 195
person 1 793 474 51 124
person 1 998 516 58 132
person 1 1851 729 68 208
person 1 889 485 49 140
person 1 1154 561 64 149
