person 1 324 729 87 222
person 1 1490 518 59 98
person 1 202 882 119 197
person 1 530 754 103 230
person 1 1101 445 50 118
person 1 1657 700 108 225
person 1 1238 696 83 207
person 1 476 700 89 230
person 1 1163 673 79 220
person 1 1756 714 88 203
person 1 1007 607 71 199
person 1 909 545 84 175
person 1 816 626 80 168
person 1 1527 671 92 219
person 1 1581 670 91 215
person 1 1131 614 72 210
person 1 1638 633 79 191
person 1 1081 610 66 202
person 1 1251 598 61 199
person 1 945 646 58 155
person 1 954 504 62 134
person 1 797 482 56 133
person 1 861 559 69 174
person 1 1471 662 68 165
person 1 852 514 58 129
person 1 775 509 51 131
person 1 1181 569 65 144
person 1 1013 521 59 132
person 1 833 459 50 125
person 1 908 488 57 129
