person 1 1129 952 131 127
person 1 1269 956 120 123
person 1 311 837 120 240
person 1 399 778 99 245
person 1 983 937 116 143
person 1 167 774 88 253
person 1 1447 514 60 93
person 1 1068 579 69 202
person 1 953 641 85 195
person 1 1016 511 71 146
person 1 429 565 93 204
person 1 1059 440 52 122
person 1 1129 670 78 221
person 1 588 605 87 185
person 1 827 511 63 149
person 1 1372 725 79 172
person 1 1210 601 60 175
person 1 912 609 70 182
person 1 1423 684 80 205
person 1 1777 721 126 229
person 1 1001 581 68 192
person 1 754 478 53 120
person 1 1179 686 65 192
person 1 859 593 51 136
person 1 792 481 57 123
person 1 1677 678 98 218
person 1 926 489 55 119
person 1 1465 735 63 138
person 1 859 480 62 126
person 1 1076 523 57 137
