person 1 219 838 114 240
person 1 1145 673 79 221
person 1 1222 696 74 199
person 1 478 784 107 237
person 1 1624 687 83 221
person 1 1543 687 92 223
person 1 1089 446 51 122
person 1 1478 521 60 92
person 1 1789 717 115 233
person 1 891 645 78 169
person 1 1242 605 60 197
person 1 435 717 91 247
person 1 962 604 73 181
person 1 1091 546 74 156
person 1 937 503 60 134
person 1 1057 598 66 201
person 1 841 623 69 170
person 1 1459 675 68 163
person 1 772 502 49 132
person 1 1122 619 70 185
person 1 792 474 51 129
person 1 1499 658 78 185
person 1 837 505 58 138
person 1 910 469 54 139
person 1 993 513 61 140
person 1 1150 558 62 147
person 1 1873 736 46 197
person 1 869 464 46 125
