person 1 175 779 97 258
person 1 1453 517 58 92
person 1 351 830 115 249
person 1 1120 976 130 103
person 1 958 964 119 115
person 1 1268 989 118 90
person 1 1428 678 76 205
person 1 913 633 79 189
person 1 1061 438 49 122
person 1 1127 672 76 217
person 1 832 518 67 158
person 1 425 765 95 244
person 1 1364 708 79 177
person 1 1062 660 79 176
person 1 1029 513 75 158
person 1 1218 599 61 182
person 1 874 479 61 129
person 1 1698 711 121 239
person 1 549 599 85 187
person 1 1008 590 67 195
person 1 1181 696 66 183
person 1 758 481 51 128
person 1 399 570 94 183
person 1 799 481 59 128
person 1 941 493 59 122
person 1 1479 724 61 136
person 1 861 599 53 142
person 1 1084 533 63 139
person 1 832 456 53 130
person 1 1144 567 64 182
person 1 956 617 64 179
person 1 992 509 46 113
