person 1 194 802 101 267
person 1 414 811 111 253
person 1 1463 515 59 95
person 1 1133 670 77 219
person 1 885 630 69 182
person 1 1199 686 69 203
person 1 1071 442 50 122
person 1 926 1000 120 79
person 1 469 747 91 242
person 1 1620 703 106 231
person 1 1784 696 116 226
person 1 1224 597 60 188
person 1 376 733 95 247
person 1 847 526 65 158
person 1 1456 664 80 199
person 1 928 577 67 180
person 1 990 661 83 168
person 1 903 486 63 136
person 1 1083 595 69 192
person 1 816 491 58 126
person 1 769 489 51 128
person 1 962 501 60 130
person 1 1395 691 81 169
person 1 1116 1015 108 64
person 1 1503 714 60 136
person 1 863 465 53 127
person 1 1008 509 50 110
person 1 1275 1025 83 54
