person 1 1273 951 119 128
person 1 1134 949 134 130
person 1 306 841 120 235
person 1 1448 512 59 95
person 1 167 775 87 251
person 1 991 935 114 144
person 1 959 641 84 191
person 1 397 778 98 246
person 1 1013 508 71 146
person 1 1067 577 67 198
person 1 1060 438 51 123
person 1 1134 664 78 226
person 1 593 605 88 184
person 1 1374 725 80 173
person 1 907 612 67 174
person 1 432 565 93 201
person 1 825 512 63 142
person 1 1797 720 111 227
person 1 1207 597 60 179
person 1 858 593 52 136
person 1 854 479 65 125
person 1 1000 582 68 191
person 1 1671 678 96 213
person 1 1624 683 84 220
person 1 1426 689 81 197
person 1 791 479 58 124
person 1 1180 685 66 190
person 1 925 489 57 118
person 1 757 475 51 124
person 1 1075 521 55 130
