person 1 216 827 110 250
person 1 459 792 111 241
person 1 1220 696 77 197
person 1 1472 519 60 93
person 1 1562 687 96 235
person 1 1639 693 84 223
person 1 1080 443 52 121
person 1 1144 675 76 217
person 1 418 725 95 246
person 1 925 653 83 169
person 1 989 552 89 177
person 1 1494 655 75 193
person 1 848 540 66 158
person 1 856 625 68 175
person 1 1080 539 73 151
person 1 1050 602 67 196
person 1 928 497 58 137
person 1 1438 684 80 164
person 1 1103 646 76 182
person 1 1237 603 57 192
person 1 770 502 49 127
person 1 838 454 53 127
person 1 445 591 95 189
person 1 1851 735 68 216
person 1 893 473 54 130
person 1 1139 555 65 148
person 1 787 470 50 117
person 1 984 506 56 134
