person 1 1635 686 108 232
person 1 538 744 103 234
person 1 1491 516 59 97
person 1 331 725 87 222
person 1 192 884 122 195
person 1 1102 442 51 120
person 1 1243 693 82 209
person 1 486 697 89 229
person 1 1172 674 80 218
person 1 1524 663 88 220
person 1 1018 608 71 196
person 1 1734 705 88 205
person 1 806 618 78 168
person 1 911 542 85 174
person 1 1129 611 73 211
person 1 1577 666 86 212
person 1 1649 629 77 190
person 1 1252 596 61 196
person 1 798 485 56 132
person 1 959 502 62 135
person 1 855 512 58 133
person 1 777 506 48 131
person 1 1035 484 57 130
person 1 1471 656 70 168
person 1 835 455 51 126
person 1 1190 569 63 146
person 1 1083 613 69 200
person 1 864 560 68 177
person 1 953 647 54 152
person 1 909 489 58 130
person 1 1012 524 59 126
