person 1 215 825 112 256
person 1 1472 520 60 95
person 1 454 797 111 239
person 1 1562 689 99 233
person 1 1139 674 81 218
person 1 1220 698 77 201
person 1 860 624 64 182
person 1 930 646 84 176
person 1 1078 446 52 121
person 1 1644 697 84 220
person 1 1012 557 85 172
person 1 1091 640 76 187
person 1 413 728 95 240
person 1 847 536 65 158
person 1 1492 652 77 196
person 1 926 497 60 137
person 1 1233 600 59 196
person 1 1433 680 82 174
person 1 773 500 49 127
person 1 827 508 60 125
person 1 1078 540 72 152
person 1 1546 623 72 181
person 1 1049 606 69 185
person 1 982 509 56 133
person 1 894 470 54 131
person 1 1137 551 63 148
person 1 1857 697 69 224
