person 1 222 867 118 222
person 1 1738 716 131 232
person 1 1067 602 68 200
person 1 1095 444 51 123
person 1 1538 681 87 220
person 1 1483 519 61 94
person 1 1612 680 84 225
person 1 1224 691 74 204
person 1 1153 671 78 220
person 1 499 776 108 238
person 1 454 710 92 242
person 1 876 639 78 169
person 1 982 611 70 187
person 1 1108 545 74 159
person 1 281 747 76 218
person 1 1249 606 60 194
person 1 1465 674 68 161
person 1 852 548 65 162
person 1 1133 615 66 198
person 1 774 509 50 129
person 1 946 505 61 129
person 1 798 471 50 129
person 1 1829 722 68 213
person 1 1007 517 59 139
person 1 1510 650 73 193
person 1 1165 561 62 150
person 1 921 480 54 127
