person 1 1268 969 122 118
person 1 338 836 118 241
person 1 1118 959 133 122
person 1 170 771 96 255
person 1 966 967 119 129
person 1 939 634 88 198
person 1 414 759 97 261
person 1 1455 514 59 92
person 1 1026 517 74 147
person 1 1216 593 62 195
person 1 1424 678 81 207
person 1 836 518 66 149
person 1 1063 440 50 123
person 1 1074 586 70 191
person 1 1750 717 120 239
person 1 1005 582 71 200
person 1 1127 674 76 212
person 1 1364 714 79 174
person 1 422 566 90 197
person 1 1665 695 113 218
person 1 566 599 87 185
person 1 933 492 58 122
person 1 1179 692 66 187
person 1 760 481 53 124
person 1 864 596 53 144
person 1 874 484 60 132
person 1 804 483 57 128
person 1 925 559 68 183
person 1 1475 726 60 133
person 1 1086 526 55 132
person 1 1800 715 77 218
person 1 1099 640 67 193
