person 1 1123 958 131 121
person 1 329 837 120 241
person 1 969 950 124 127
person 1 168 770 95 259
person 1 1453 515 58 92
person 1 1266 966 121 113
person 1 931 627 84 203
person 1 1214 597 61 191
person 1 406 764 99 257
person 1 1022 516 74 144
person 1 1423 682 81 205
person 1 1129 671 76 217
person 1 1004 580 70 204
person 1 833 513 65 148
person 1 1753 716 114 237
person 1 1062 440 49 123
person 1 1369 717 78 172
person 1 569 599 88 187
person 1 1648 690 108 218
person 1 1179 690 66 188
person 1 1071 588 70 188
person 1 418 569 89 197
person 1 929 489 56 126
person 1 756 479 52 123
person 1 868 480 60 133
person 1 860 596 54 140
person 1 799 479 56 128
person 1 920 560 67 181
person 1 1472 731 60 131
person 1 1081 523 55 132
person 1 1713 684 94 221
