person 1 280 847 120 232
person 1 1280 928 122 149
person 1 1017 911 114 161
person 1 1141 928 134 150
person 1 1446 510 58 95
person 1 383 782 101 247
person 1 983 636 85 201
person 1 169 771 80 249
person 1 895 601 72 179
person 1 1060 577 65 194
person 1 622 602 76 189
person 1 1139 667 82 214
person 1 1057 435 51 118
person 1 819 502 62 143
person 1 1003 502 70 140
person 1 913 479 60 125
person 1 1391 722 91 181
person 1 787 468 58 123
person 1 1447 691 75 199
person 1 443 568 94 200
person 1 851 474 61 128
person 1 1627 664 100 217
person 1 1185 679 70 199
person 1 752 469 51 123
person 1 1201 589 59 180
person 1 862 592 52 133
person 1 564 574 77 196
person 1 1067 515 57 130
person 1 1684 660 84 204
person 1 1227 563 62 156
