person 1 207 825 106 260
person 1 1215 689 74 202
person 1 1138 671 79 215
person 1 435 797 111 247
person 1 874 621 65 185
person 1 1075 444 51 120
person 1 932 593 71 173
person 1 1059 634 76 181
person 1 1472 516 58 94
person 1 1602 694 109 238
person 1 1657 693 93 229
person 1 964 653 74 167
person 1 401 728 92 249
person 1 920 489 63 132
person 1 848 534 65 161
person 1 1477 662 77 195
person 1 1416 697 81 160
person 1 823 494 61 127
person 1 192 772 75 224
person 1 773 490 51 132
person 1 1230 602 61 189
person 1 974 510 61 130
person 1 1836 701 98 212
person 1 1126 548 62 144
person 1 930 1019 110 60
person 1 1015 510 49 122
person 1 883 469 56 126
person 1 1099 598 61 194
person 1 1142 1034 80 45
person 1 1162 599 62 192
person 1 811 445 47 125
person 1 1511 712 66 141
