person 1 375 828 113 246
person 1 183 790 97 257
person 1 947 982 118 109
person 1 1118 985 128 98
person 1 1456 517 58 93
person 1 1126 673 78 216
person 1 906 626 79 192
person 1 446 757 96 241
person 1 839 527 66 156
person 1 1440 671 78 203
person 1 1266 994 115 87
person 1 1671 707 119 239
person 1 1217 598 64 188
person 1 1051 655 79 178
person 1 1040 517 72 153
person 1 1369 698 79 173
person 1 1183 691 68 191
person 1 1066 443 49 120
person 1 885 483 61 129
person 1 398 565 89 187
person 1 807 489 58 130
person 1 949 494 55 125
person 1 762 482 50 129
person 1 1490 718 61 132
person 1 528 596 90 184
person 1 1012 597 70 190
person 1 970 621 69 176
person 1 872 610 47 134
person 1 841 462 50 127
person 1 1772 690 101 198
person 1 1094 544 56 145
person 1 1135 556 55 162
