person 1 211 825 114 252
person 1 449 798 112 240
person 1 1220 696 75 199
person 1 1470 518 60 95
person 1 1573 690 96 228
person 1 1143 675 77 217
person 1 1077 444 52 120
person 1 935 654 85 168
person 1 1488 655 76 197
person 1 1645 698 86 220
person 1 409 731 95 241
person 1 925 497 61 138
person 1 846 535 68 159
person 1 1002 558 91 165
person 1 863 621 64 181
person 1 771 499 50 130
person 1 1091 646 78 179
person 1 1235 602 58 194
person 1 1429 681 79 171
person 1 1075 539 73 152
person 1 1047 599 66 197
person 1 825 506 61 123
person 1 1135 551 64 149
person 1 892 469 54 129
person 1 443 594 100 185
person 1 981 506 54 134
person 1 1864 733 57 200
person 1 1540 626 66 175
