person 1 196 805 104 273
person 1 1465 515 58 95
person 1 416 808 112 247
person 1 1133 670 77 218
person 1 1202 687 69 204
person 1 1794 698 109 222
person 1 883 631 67 183
person 1 1071 445 50 119
person 1 468 747 90 243
person 1 1461 663 77 197
person 1 1226 604 60 184
person 1 381 731 94 254
person 1 1615 698 105 232
person 1 907 486 63 138
person 1 927 582 71 180
person 1 1032 634 80 185
person 1 924 1010 120 69
person 1 984 658 77 166
person 1 845 526 66 161
person 1 769 491 53 128
person 1 1398 691 81 165
person 1 818 494 58 124
person 1 960 505 60 130
person 1 1085 593 68 197
person 1 178 758 75 228
person 1 1506 716 60 133
person 1 1155 601 62 185
person 1 1118 1022 101 57
person 1 865 466 53 128
person 1 1117 545 61 156
person 1 1275 1034 86 45
