person 1 208 874 119 206
person 1 524 763 105 233
person 1 318 735 87 219
person 1 1235 696 78 207
person 1 1679 705 107 222
person 1 1771 716 96 211
person 1 1489 519 57 96
person 1 1160 675 78 218
person 1 1099 445 51 121
person 1 1526 674 87 220
person 1 1002 607 67 197
person 1 471 704 92 229
person 1 1589 673 89 217
person 1 919 546 86 171
person 1 1076 609 67 202
person 1 827 621 81 176
person 1 1251 605 61 191
person 1 1120 547 75 160
person 1 1131 620 70 208
person 1 1633 638 75 184
person 1 1474 661 67 172
person 1 795 481 55 131
person 1 859 554 70 171
person 1 775 512 48 128
person 1 1007 521 60 137
person 1 951 499 61 146
person 1 849 513 59 134
person 1 823 459 50 122
person 1 1177 563 62 143
person 1 901 490 54 136
person 1 939 649 60 155
