person 1 219 839 118 236
person 1 481 784 108 232
person 1 1478 519 61 96
person 1 1057 598 67 201
person 1 1620 684 84 221
person 1 1224 695 72 198
person 1 1148 674 78 220
person 1 1543 682 90 227
person 1 1089 444 50 121
person 1 886 644 78 171
person 1 1771 715 123 234
person 1 439 718 90 240
person 1 1097 546 71 159
person 1 1243 605 60 195
person 1 960 549 84 180
person 1 840 621 70 167
person 1 1460 674 71 165
person 1 1122 611 68 188
person 1 939 503 61 134
person 1 772 506 49 131
person 1 792 473 52 127
person 1 838 502 61 137
person 1 1855 730 65 214
person 1 911 472 56 133
person 1 1503 655 79 193
person 1 996 509 58 135
person 1 1152 559 62 164
