person 1 191 794 93 257
person 1 895 632 77 189
person 1 383 821 112 252
person 1 1459 516 60 93
person 1 1127 673 78 216
person 1 1117 996 124 83
person 1 1067 442 50 121
person 1 446 754 99 241
person 1 937 989 124 90
person 1 1219 599 62 189
person 1 839 521 67 153
person 1 1438 671 81 203
person 1 1026 656 88 177
person 1 351 740 100 257
person 1 1375 697 80 176
person 1 889 483 63 134
person 1 1655 705 125 235
person 1 1190 688 66 187
person 1 764 491 50 124
person 1 1269 1005 115 74
person 1 813 490 56 127
person 1 1042 522 70 146
person 1 1146 596 67 182
person 1 393 563 87 192
person 1 954 498 54 123
person 1 1489 719 64 136
person 1 1076 588 68 187
person 1 986 631 73 178
person 1 531 600 86 183
person 1 866 603 51 143
person 1 1795 696 111 211
person 1 849 460 51 129
person 1 997 513 47 113
person 1 1728 701 109 223
