person 1 220 845 111 245
person 1 1545 684 96 233
person 1 475 789 110 242
person 1 1225 692 74 197
person 1 1475 516 60 94
person 1 1087 441 51 124
person 1 1631 687 83 220
person 1 1147 672 77 220
person 1 432 722 93 246
person 1 1452 674 77 169
person 1 845 627 67 171
person 1 921 643 83 172
person 1 1056 598 66 200
person 1 987 548 84 185
person 1 1835 724 85 224
person 1 1088 539 71 150
person 1 937 494 58 139
person 1 1242 601 57 193
person 1 852 543 66 158
person 1 1506 659 74 183
person 1 1168 597 64 180
person 1 771 505 49 125
person 1 850 454 52 129
person 1 792 471 51 120
person 1 439 595 97 179
person 1 1145 554 68 147
person 1 902 474 56 128
person 1 832 507 53 123
