person 1 193 799 97 260
person 1 1129 668 78 218
person 1 399 811 109 254
person 1 1461 514 59 95
person 1 892 629 74 187
person 1 1004 654 86 177
person 1 1070 441 49 122
person 1 928 987 116 92
person 1 457 753 95 241
person 1 1192 689 68 189
person 1 1451 666 77 201
person 1 1385 696 78 166
person 1 1627 703 127 232
person 1 813 483 57 132
person 1 1223 597 59 190
person 1 897 483 62 135
person 1 364 741 100 254
person 1 763 487 52 125
person 1 843 524 65 154
person 1 921 575 69 178
person 1 1116 1007 121 71
person 1 1077 590 73 189
person 1 1148 593 66 188
person 1 1271 1016 98 62
person 1 1492 713 62 137
person 1 1767 694 102 229
person 1 961 494 57 133
person 1 388 566 88 184
person 1 868 608 55 152
person 1 860 461 48 130
person 1 1059 522 72 151
