person 1 1267 958 122 121
person 1 321 837 120 241
person 1 1122 956 134 123
person 1 1450 514 58 93
person 1 979 946 116 131
person 1 163 771 98 257
person 1 404 769 97 256
person 1 941 635 84 196
person 1 1019 512 74 148
person 1 1757 716 124 239
person 1 1213 597 59 187
person 1 1060 439 51 124
person 1 1421 682 81 203
person 1 1128 672 76 216
person 1 829 512 66 151
person 1 1368 722 77 170
person 1 1071 588 68 190
person 1 421 565 89 200
person 1 999 581 72 202
person 1 918 595 70 177
person 1 1180 690 65 188
person 1 1642 689 114 218
person 1 858 594 55 143
person 1 576 599 87 188
person 1 796 479 57 124
person 1 757 479 52 121
person 1 1468 730 62 136
person 1 863 483 60 128
person 1 928 489 56 115
person 1 1081 524 57 135
