person 1 178 781 99 258
person 1 359 828 116 248
person 1 1120 978 129 101
person 1 1455 517 58 92
person 1 1267 989 118 90
person 1 434 762 93 242
person 1 953 972 121 110
person 1 1432 678 76 202
person 1 1127 671 76 218
person 1 835 519 66 156
person 1 1063 440 48 121
person 1 912 632 77 191
person 1 1365 708 78 174
person 1 1057 655 82 181
person 1 1695 709 126 241
person 1 1032 513 75 156
person 1 1220 598 60 185
person 1 877 479 62 129
person 1 1179 692 68 186
person 1 1007 592 69 193
person 1 1481 722 63 135
person 1 804 486 58 127
person 1 545 598 86 188
person 1 400 567 90 181
person 1 761 482 48 127
person 1 864 600 51 140
person 1 944 496 58 122
person 1 956 617 67 180
person 1 1086 537 64 136
person 1 835 457 51 129
person 1 1144 556 56 151
