person 1 487 776 109 237
person 1 221 845 116 235
person 1 1224 695 73 199
person 1 1483 520 59 94
person 1 1540 683 92 224
person 1 1614 681 83 220
person 1 1148 672 79 222
person 1 1091 445 51 122
person 1 877 640 78 173
person 1 1060 598 67 203
person 1 1245 604 59 197
person 1 970 602 74 186
person 1 448 712 91 242
person 1 1101 547 72 156
person 1 1774 716 122 234
person 1 945 503 61 135
person 1 772 506 51 132
person 1 851 546 64 168
person 1 1128 612 69 187
person 1 1463 675 69 162
person 1 792 475 53 129
person 1 1503 653 78 193
person 1 843 506 58 132
person 1 1837 732 57 208
person 1 918 474 56 132
person 1 1159 561 62 150
person 1 1003 514 57 135
person 1 886 487 47 133
