person 1 1138 929 136 150
person 1 1279 932 123 147
person 1 289 846 121 233
person 1 1008 918 117 161
person 1 1447 511 58 95
person 1 387 780 99 248
person 1 170 771 79 250
person 1 982 638 81 197
person 1 619 602 76 190
person 1 1061 577 66 198
person 1 1139 665 81 217
person 1 1058 436 52 118
person 1 897 605 70 179
person 1 1007 506 69 138
person 1 821 505 61 147
person 1 1443 690 75 203
person 1 1389 724 88 177
person 1 789 471 58 125
person 1 914 482 60 123
person 1 1602 682 83 218
person 1 851 474 62 128
person 1 441 569 95 195
person 1 863 594 50 133
person 1 1200 588 59 179
person 1 753 472 51 125
person 1 1068 515 56 127
person 1 563 572 76 199
person 1 1691 664 86 200
person 1 1185 678 67 202
person 1 1857 709 60 234
