person 1 194 801 95 258
person 1 1460 515 59 96
person 1 890 630 75 186
person 1 1128 670 78 217
person 1 397 811 109 255
person 1 1069 441 50 121
person 1 1191 690 67 191
person 1 931 988 118 91
person 1 1222 596 59 193
person 1 455 753 94 242
person 1 1447 669 79 201
person 1 363 738 98 252
person 1 1007 649 80 177
person 1 1116 1007 121 72
person 1 1382 696 80 166
person 1 813 485 57 129
person 1 1635 702 125 233
person 1 764 488 51 124
person 1 919 577 71 175
person 1 843 524 64 153
person 1 896 486 62 132
person 1 1078 587 73 186
person 1 1149 597 65 185
person 1 959 498 58 130
person 1 1490 713 62 141
person 1 1271 1015 102 64
person 1 388 565 89 186
person 1 1759 697 103 225
person 1 869 606 54 153
person 1 1054 524 68 148
person 1 855 460 50 133
