person 1 1123 953 133 124
person 1 317 835 119 244
person 1 1264 957 124 122
person 1 980 941 119 135
person 1 1448 512 59 93
person 1 1017 511 73 145
person 1 164 773 93 252
person 1 946 637 81 194
person 1 401 774 96 251
person 1 1059 440 50 122
person 1 1211 596 60 184
person 1 423 564 91 202
person 1 1756 715 127 239
person 1 1369 723 78 173
person 1 828 510 65 150
person 1 583 602 82 185
person 1 1637 683 106 220
person 1 1421 684 81 200
person 1 1069 586 68 193
person 1 997 581 73 200
person 1 1129 668 78 217
person 1 917 615 68 177
person 1 1180 685 66 193
person 1 794 479 57 125
person 1 857 592 53 142
person 1 755 477 53 122
person 1 926 487 57 117
person 1 865 484 59 124
person 1 1469 732 60 132
person 1 1079 521 58 137
person 1 982 500 49 114
