person 1 217 839 111 240
person 1 1548 683 96 231
person 1 470 792 112 240
person 1 1222 696 76 197
person 1 1476 519 59 92
person 1 1148 670 75 226
person 1 1086 442 51 124
person 1 1627 690 84 222
person 1 425 721 96 247
person 1 1055 596 67 202
person 1 900 642 86 175
person 1 1818 720 95 230
person 1 1087 540 70 156
person 1 846 625 67 170
person 1 1448 677 75 169
person 1 1242 604 57 197
person 1 932 494 59 142
person 1 974 548 85 179
person 1 852 543 63 161
person 1 429 590 91 178
person 1 772 501 48 130
person 1 789 472 53 128
person 1 1500 657 76 191
person 1 833 507 60 126
person 1 1144 553 66 151
person 1 1119 627 73 198
person 1 858 455 52 126
person 1 1167 598 61 184
person 1 903 472 54 132
