person 1 333 836 122 242
person 1 968 953 122 124
person 1 1118 961 133 118
person 1 167 773 95 257
person 1 1267 969 121 110
person 1 1451 516 59 91
person 1 929 626 81 202
person 1 410 763 98 252
person 1 1062 441 48 123
person 1 1023 516 75 142
person 1 1127 673 78 214
person 1 1423 681 79 206
person 1 1214 598 60 188
person 1 831 512 67 151
person 1 1003 584 70 200
person 1 1364 714 80 172
person 1 1072 589 69 188
person 1 1749 714 108 239
person 1 1181 692 62 187
person 1 414 571 90 189
person 1 916 563 69 179
person 1 1651 690 104 215
person 1 867 478 61 135
person 1 567 601 87 184
person 1 758 481 51 123
person 1 798 485 56 124
person 1 1094 652 75 184
person 1 860 599 53 138
person 1 1142 591 65 183
person 1 934 490 54 120
person 1 1473 729 61 132
person 1 1083 525 55 130
person 1 910 468 49 128
