person 1 1469 518 60 96
person 1 209 819 113 259
person 1 441 804 112 238
person 1 1581 691 96 234
person 1 1077 442 52 121
person 1 1216 696 77 197
person 1 1138 672 79 218
person 1 867 624 62 182
person 1 944 650 85 172
person 1 1656 700 84 218
person 1 403 735 96 241
person 1 1079 637 76 186
person 1 846 535 65 157
person 1 1011 549 83 174
person 1 922 490 62 137
person 1 1482 657 76 195
person 1 773 500 48 124
person 1 1425 685 78 168
person 1 1231 599 58 193
person 1 1527 617 75 178
person 1 824 506 61 126
person 1 1046 604 68 183
person 1 1072 537 72 153
person 1 1133 549 62 150
person 1 888 466 53 129
person 1 976 505 58 131
person 1 1845 694 74 218
person 1 815 451 52 123
