person 1 216 829 111 247
person 1 460 791 109 242
person 1 1555 689 98 233
person 1 1470 518 60 94
person 1 1220 696 77 195
person 1 1078 442 53 123
person 1 1639 693 84 222
person 1 1145 676 76 216
person 1 418 725 93 247
person 1 921 652 84 169
person 1 1439 684 77 163
person 1 855 625 65 175
person 1 989 554 86 175
person 1 928 496 59 137
person 1 1497 655 73 189
person 1 1053 600 65 201
person 1 849 541 66 158
person 1 1081 539 72 152
person 1 1237 602 57 194
person 1 1106 643 79 187
person 1 442 592 97 186
person 1 895 473 53 129
person 1 770 503 48 128
person 1 786 472 52 118
person 1 840 453 52 128
person 1 1849 726 71 224
person 1 983 514 58 133
person 1 1139 555 65 149
