person 1 180 901 124 187
person 1 344 721 87 211
person 1 553 747 104 227
person 1 1257 693 86 206
person 1 1493 514 59 95
person 1 494 686 87 229
person 1 1602 684 117 227
person 1 1102 443 52 120
person 1 1190 676 75 217
person 1 1689 701 99 212
person 1 773 625 80 156
person 1 965 503 63 141
person 1 1151 553 76 159
person 1 1038 619 69 193
person 1 874 557 79 172
person 1 1246 597 64 206
person 1 1115 624 72 205
person 1 1542 659 87 226
person 1 1468 655 70 169
person 1 1671 643 77 197
person 1 1019 525 61 143
person 1 1200 568 64 151
person 1 1072 613 71 205
person 1 958 651 54 163
person 1 802 489 55 128
person 1 1510 635 76 193
person 1 777 510 49 138
person 1 1042 491 57 132
person 1 850 468 56 119
person 1 831 593 66 174
person 1 857 521 58 133
person 1 926 486 56 130
