person 1 353 721 86 214
person 1 167 910 129 176
person 1 1588 679 110 229
person 1 1101 442 51 122
person 1 558 739 104 225
person 1 1492 514 60 96
person 1 1255 699 90 204
person 1 1672 692 92 209
person 1 497 690 83 226
person 1 1195 677 80 215
person 1 881 567 69 168
person 1 1236 596 69 198
person 1 1105 623 75 205
person 1 767 628 78 157
person 1 1022 522 61 144
person 1 964 503 63 139
person 1 1544 660 93 218
person 1 961 645 54 165
person 1 854 463 61 131
person 1 1470 652 66 166
person 1 830 593 65 166
person 1 1158 556 79 164
person 1 1052 629 73 193
person 1 1679 638 72 192
person 1 779 507 50 137
person 1 804 483 55 131
person 1 1513 636 74 187
