person 1 163 908 133 173
person 1 553 745 105 225
person 1 1100 444 50 122
person 1 351 723 87 213
person 1 1491 515 59 96
person 1 1685 698 89 206
person 1 1577 681 114 227
person 1 1252 694 86 207
person 1 764 622 80 162
person 1 1105 625 76 212
person 1 496 693 85 226
person 1 963 504 62 140
person 1 1196 680 81 210
person 1 878 566 68 170
person 1 1240 599 66 196
person 1 1017 527 62 144
person 1 1057 617 75 202
person 1 852 465 58 128
person 1 831 592 67 173
person 1 958 647 54 165
person 1 1469 659 68 163
person 1 1044 492 55 134
person 1 1155 559 77 165
person 1 778 510 51 135
person 1 1511 639 74 185
person 1 805 484 51 130
person 1 1089 545 56 117
person 1 1203 603 56 165
