person 1 1492 517 59 95
person 1 164 908 130 171
person 1 353 724 86 212
person 1 556 744 104 227
person 1 1574 680 113 229
person 1 1684 696 84 202
person 1 1102 628 79 211
person 1 1099 444 51 119
person 1 1251 697 88 204
person 1 497 694 87 226
person 1 1198 677 80 214
person 1 760 621 80 164
person 1 962 506 61 139
person 1 880 562 66 177
person 1 1238 598 66 197
person 1 830 594 66 169
person 1 853 465 58 128
person 1 1467 656 69 169
person 1 1059 621 71 198
person 1 1019 530 61 141
person 1 959 654 54 160
person 1 1159 561 73 165
person 1 1512 636 76 191
person 1 1043 495 54 129
person 1 779 509 51 135
person 1 804 489 52 129
person 1 1087 545 55 122
person 1 1204 596 55 166
