person 1 113 914 126 169
person 1 347 714 88 207
person 1 1547 664 108 221
person 1 1468 504 60 94
person 1 485 683 93 228
person 1 555 732 98 227
person 1 1080 434 50 123
person 1 729 613 84 161
person 1 1076 626 83 212
person 1 942 503 63 138
person 1 1626 679 77 202
person 1 1453 641 70 169
person 1 1207 671 86 211
person 1 950 647 57 163
person 1 1163 550 77 171
person 1 866 560 70 174
person 1 1034 621 78 201
person 1 1005 522 62 143
person 1 1255 689 87 204
person 1 841 466 62 134
person 1 1033 494 56 129
person 1 813 583 69 167
person 1 1514 623 76 196
person 1 1222 595 57 181
person 1 1246 571 55 148
person 1 769 509 62 132
person 1 799 464 46 115
