person 1 356 716 87 207
person 1 1549 673 103 219
person 1 564 740 100 226
person 1 1485 511 62 96
person 1 1095 442 51 123
person 1 132 910 126 165
person 1 1093 631 84 212
person 1 500 690 90 224
person 1 1210 678 94 213
person 1 1650 688 85 198
person 1 1173 555 74 173
person 1 954 504 64 139
person 1 744 618 84 164
person 1 1015 529 65 137
person 1 1057 623 72 208
person 1 960 655 56 162
person 1 879 569 68 171
person 1 1230 600 63 188
person 1 852 466 60 132
person 1 1474 650 67 169
person 1 823 585 68 171
person 1 1268 697 80 205
person 1 1048 498 55 132
person 1 1256 572 53 157
person 1 1519 632 69 189
person 1 814 460 42 111
