person 1 525 696 86 223
person 1 1502 514 58 95
person 1 90 952 121 127
person 1 599 746 99 221
person 1 366 734 87 202
person 1 1087 648 92 218
person 1 900 584 72 181
person 1 1110 447 50 122
person 1 1518 668 105 219
person 1 1602 678 101 210
person 1 971 521 62 141
person 1 1711 660 76 192
person 1 1223 603 69 192
person 1 742 625 79 161
person 1 1143 629 82 199
person 1 1035 547 65 139
person 1 1267 674 80 220
person 1 837 592 66 169
person 1 1314 708 75 200
person 1 780 548 82 171
person 1 1041 641 79 210
person 1 1072 512 55 132
person 1 863 478 61 134
person 1 1262 574 58 160
person 1 1013 684 61 152
person 1 1371 689 70 184
person 1 929 510 55 131
