person 1 190 888 123 189
person 1 541 755 103 225
person 1 340 723 84 213
person 1 1492 518 58 96
person 1 1615 691 115 228
person 1 1100 445 51 121
person 1 1249 694 85 207
person 1 485 693 87 228
person 1 1180 677 79 217
person 1 788 627 83 160
person 1 1143 550 74 161
person 1 1710 704 97 213
person 1 1121 624 75 206
person 1 958 503 64 140
person 1 1537 662 87 224
person 1 1027 618 70 194
person 1 1244 599 66 203
person 1 1470 663 69 167
person 1 871 556 82 168
person 1 776 508 49 140
person 1 798 487 55 132
person 1 1192 566 63 149
person 1 843 461 54 124
person 1 1078 616 67 207
person 1 1036 492 58 132
person 1 953 650 54 163
person 1 1012 527 61 140
person 1 851 515 60 139
person 1 1504 647 75 183
