person 1 344 722 88 213
person 1 546 751 105 226
person 1 185 894 127 183
person 1 1248 693 90 208
person 1 1492 516 59 95
person 1 488 692 87 228
person 1 1703 702 101 209
person 1 1601 689 114 225
person 1 1101 444 51 121
person 1 783 628 79 157
person 1 962 504 63 139
person 1 873 556 76 169
person 1 1187 675 74 220
person 1 1121 622 75 203
person 1 1243 599 66 202
person 1 1146 550 76 159
person 1 1036 619 69 196
person 1 1539 661 92 225
person 1 955 647 54 166
person 1 1470 656 69 171
person 1 1017 525 61 144
person 1 847 465 57 122
person 1 1196 566 63 148
person 1 1659 643 79 203
person 1 800 488 54 130
person 1 833 597 65 173
person 1 777 507 49 139
person 1 1041 493 53 129
person 1 1508 636 77 195
person 1 1075 614 70 207
person 1 857 518 56 135
person 1 923 492 51 127
