person 1 1532 663 106 223
person 1 579 737 99 223
person 1 363 722 87 205
person 1 1225 675 105 220
person 1 1493 513 59 97
person 1 1101 442 52 122
person 1 890 574 68 174
person 1 510 687 91 227
person 1 1626 677 94 210
person 1 115 926 116 151
person 1 1097 631 80 218
person 1 1052 630 75 209
person 1 1023 533 61 138
person 1 739 618 84 159
person 1 1191 560 75 181
person 1 958 510 65 136
person 1 1690 652 77 192
person 1 1489 642 70 166
person 1 826 584 69 169
person 1 1227 600 66 190
person 1 981 662 56 160
person 1 854 467 60 130
person 1 1294 698 75 201
person 1 1061 503 55 120
person 1 1257 573 54 161
person 1 926 502 53 128
