person 1 610 743 97 219
person 1 366 735 85 203
person 1 1502 508 59 95
person 1 81 959 124 126
person 1 1084 647 89 220
person 1 902 587 73 180
person 1 533 694 85 224
person 1 1110 442 51 122
person 1 1511 660 101 216
person 1 1599 668 103 213
person 1 1223 599 67 195
person 1 1034 542 64 143
person 1 1158 630 80 199
person 1 741 621 80 163
person 1 1725 651 73 193
person 1 1278 673 81 213
person 1 975 516 61 143
person 1 1031 636 80 213
person 1 1073 508 56 137
person 1 775 552 80 167
person 1 869 478 61 137
person 1 1323 697 73 207
person 1 1263 569 60 162
person 1 841 593 66 164
person 1 1386 678 72 198
person 1 942 511 52 127
person 1 1665 652 78 194
person 1 814 502 43 117
