person 1 339 725 84 215
person 1 542 755 102 224
person 1 1615 695 120 224
person 1 191 886 124 193
person 1 1492 519 59 96
person 1 1248 693 86 206
person 1 1100 445 51 121
person 1 1178 678 80 217
person 1 485 694 85 228
person 1 1534 662 87 225
person 1 793 627 80 163
person 1 1142 550 74 162
person 1 1026 616 71 194
person 1 1121 624 77 204
person 1 1247 596 66 202
person 1 1719 704 90 211
person 1 958 503 63 140
person 1 1469 664 68 164
person 1 775 509 50 138
person 1 1013 527 61 140
person 1 1192 567 62 148
person 1 1076 613 69 208
person 1 796 484 54 132
person 1 951 650 57 161
person 1 889 552 85 167
person 1 840 463 53 120
person 1 1035 491 57 131
person 1 854 513 57 141
