person 1 144 912 135 167
person 1 353 721 87 205
person 1 1493 516 60 94
person 1 558 742 100 224
person 1 1567 678 110 229
person 1 495 691 91 227
person 1 1088 632 84 207
person 1 957 655 56 165
person 1 956 501 63 139
person 1 1093 443 51 120
person 1 874 563 69 176
person 1 748 622 83 161
person 1 1249 697 88 200
person 1 1014 526 62 141
person 1 1665 690 83 202
person 1 822 592 69 167
person 1 1198 679 86 207
person 1 1230 603 67 195
person 1 846 465 60 129
person 1 1054 624 75 199
person 1 1461 654 71 167
person 1 1162 563 73 174
person 1 1040 495 56 133
person 1 782 506 55 136
person 1 1512 631 81 192
person 1 822 467 49 122
