person 1 145 906 135 168
person 1 350 721 86 210
person 1 1473 509 60 94
person 1 1552 676 111 226
person 1 550 743 101 222
person 1 490 691 90 227
person 1 1091 441 51 121
person 1 951 504 65 137
person 1 1090 630 86 210
person 1 1656 687 84 204
person 1 749 617 80 162
person 1 869 561 70 176
person 1 951 655 55 163
person 1 1011 525 62 141
person 1 1244 695 91 203
person 1 1459 654 71 169
person 1 1198 671 84 214
person 1 823 587 67 170
person 1 1229 604 65 187
person 1 1052 624 77 202
person 1 849 465 58 131
person 1 1155 560 75 170
person 1 1038 495 53 127
person 1 777 507 54 137
person 1 1509 634 78 192
person 1 804 476 46 123
