person 1 1519 678 109 216
person 1 363 732 90 207
person 1 1493 517 58 93
person 1 586 744 101 222
person 1 108 936 110 139
person 1 522 695 87 226
person 1 1102 448 51 120
person 1 890 580 70 178
person 1 1246 677 89 223
person 1 1701 657 77 193
person 1 737 623 80 160
person 1 1611 682 98 208
person 1 958 519 64 140
person 1 1026 543 62 142
person 1 1092 644 83 214
person 1 1212 583 70 194
person 1 1046 640 76 211
person 1 998 671 59 164
person 1 858 477 61 128
person 1 791 548 85 171
person 1 1062 509 57 128
person 1 1304 704 74 204
person 1 1496 652 68 157
person 1 1259 574 55 155
person 1 830 588 65 170
