person 1 1506 672 107 218
person 1 611 749 100 222
person 1 373 738 89 203
person 1 536 698 85 226
person 1 1506 515 58 94
person 1 85 958 117 131
person 1 1087 654 91 217
person 1 1114 449 50 122
person 1 906 589 72 182
person 1 975 524 63 140
person 1 1597 681 97 207
person 1 1722 661 78 191
person 1 1230 606 66 192
person 1 741 629 80 161
person 1 1040 551 63 138
person 1 840 595 67 174
person 1 1147 633 82 198
person 1 1273 678 86 216
person 1 1327 710 77 199
person 1 1043 644 77 209
person 1 784 552 80 170
person 1 1080 516 54 133
person 1 869 483 59 128
person 1 1016 682 59 159
person 1 1268 578 56 161
person 1 1511 648 65 166
person 1 1386 690 69 186
person 1 942 516 52 128
person 1 1027 521 48 125
