person 1 544 746 106 225
person 1 180 894 127 181
person 1 343 719 87 212
person 1 1245 690 92 208
person 1 1490 511 60 97
person 1 486 690 86 226
person 1 1596 683 108 227
person 1 1098 442 51 120
person 1 1694 700 98 202
person 1 1238 596 68 199
person 1 960 501 63 139
person 1 870 556 76 169
person 1 1183 673 77 219
person 1 1111 622 78 205
person 1 1534 657 93 225
person 1 778 625 80 160
person 1 1148 550 75 161
person 1 1014 524 61 140
person 1 1467 654 67 170
person 1 953 646 54 166
person 1 775 506 50 137
person 1 845 462 60 128
person 1 796 484 54 133
person 1 1040 612 66 199
person 1 830 594 64 172
person 1 1665 638 75 200
person 1 1038 490 54 126
person 1 1192 563 60 155
person 1 1507 634 74 195
person 1 915 490 54 131
person 1 1083 540 60 124
