person 1 367 724 86 206
person 1 580 737 100 223
person 1 1538 663 102 223
person 1 1496 512 59 96
person 1 1105 444 51 125
person 1 1224 673 104 221
person 1 515 688 90 226
person 1 894 576 67 172
person 1 1630 677 96 212
person 1 121 923 120 152
person 1 1097 634 84 215
person 1 1054 628 75 211
person 1 740 616 86 160
person 1 963 509 65 139
person 1 1488 641 68 166
person 1 1026 535 62 138
person 1 1192 560 74 182
person 1 988 664 57 165
person 1 801 545 85 175
person 1 1689 649 78 195
person 1 857 467 60 131
person 1 1231 601 65 189
person 1 1064 503 56 122
person 1 1260 571 56 156
person 1 1289 696 79 203
person 1 930 505 52 128
