person 1 373 725 86 207
person 1 1547 665 104 219
person 1 1503 512 60 97
person 1 590 740 99 222
person 1 1109 448 51 121
person 1 115 939 125 158
person 1 1232 681 99 214
person 1 1099 636 84 213
person 1 516 695 91 224
person 1 1630 681 90 205
person 1 969 513 63 140
person 1 1497 644 65 161
person 1 1056 627 72 215
person 1 744 621 81 161
person 1 897 580 67 175
person 1 1031 535 62 140
person 1 1202 565 72 177
person 1 1696 650 79 195
person 1 994 660 56 162
person 1 836 589 67 172
person 1 861 472 61 134
person 1 1239 603 61 189
person 1 1266 577 56 153
person 1 1294 699 81 202
person 1 1069 507 54 128
person 1 1537 627 63 178
