person 1 168 904 133 175
person 1 350 722 88 214
person 1 552 745 104 224
person 1 1491 516 60 95
person 1 1583 681 112 230
person 1 1687 695 93 209
person 1 1101 445 51 121
person 1 1250 696 91 206
person 1 495 693 85 227
person 1 1193 680 83 209
person 1 769 625 79 160
person 1 879 566 67 171
person 1 962 503 62 140
person 1 1110 623 75 208
person 1 1241 597 68 197
person 1 1018 525 62 143
person 1 1061 621 74 199
person 1 850 464 60 129
person 1 957 649 55 165
person 1 831 595 65 168
person 1 1470 658 67 164
person 1 1152 558 80 167
person 1 779 509 50 137
person 1 1043 491 55 131
person 1 1544 660 91 219
person 1 803 485 55 129
person 1 1510 638 73 185
