person 1 365 724 86 206
person 1 578 742 99 222
person 1 1492 512 60 96
person 1 1540 669 102 221
person 1 1101 443 52 124
person 1 1218 680 104 211
person 1 122 924 120 156
person 1 1099 634 81 214
person 1 509 695 90 221
person 1 1636 680 91 209
person 1 887 577 68 171
person 1 959 508 65 141
person 1 1022 532 63 139
person 1 741 621 80 159
person 1 1057 626 71 212
person 1 1486 644 67 164
person 1 1186 561 73 181
person 1 1686 650 79 195
person 1 980 658 55 167
person 1 803 547 84 164
person 1 853 469 62 132
person 1 1230 602 62 189
person 1 1259 573 55 153
person 1 1282 697 83 202
person 1 1060 503 55 123
