person 1 175 902 129 179
person 1 347 721 88 213
person 1 1492 515 60 96
person 1 1247 696 90 206
person 1 548 746 105 225
person 1 1588 684 112 227
person 1 491 692 85 227
person 1 1188 675 81 217
person 1 1100 444 51 121
person 1 775 625 78 161
person 1 1694 700 97 204
person 1 874 562 74 165
person 1 1015 524 62 145
person 1 1238 596 68 199
person 1 1538 660 92 219
person 1 1150 552 78 159
person 1 1469 656 69 168
person 1 1112 624 75 204
person 1 957 644 53 166
person 1 830 594 67 170
person 1 961 501 63 140
person 1 847 465 61 129
person 1 1045 619 74 196
person 1 779 508 50 140
person 1 916 493 56 131
person 1 1670 640 73 196
person 1 1039 492 56 123
person 1 800 486 53 134
person 1 1084 540 59 120
person 1 1512 635 72 195
person 1 1195 567 65 153
