person 1 590 744 100 220
person 1 1518 670 106 223
person 1 367 730 87 206
person 1 1497 517 58 95
person 1 1241 680 99 223
person 1 1106 448 52 122
person 1 518 696 89 223
person 1 897 582 69 174
person 1 89 943 113 144
person 1 1094 644 80 218
person 1 1703 657 75 193
person 1 740 617 87 167
person 1 966 518 64 136
person 1 1029 544 62 140
person 1 1610 682 89 196
person 1 1042 642 77 215
person 1 1206 570 72 182
person 1 1498 646 67 163
person 1 799 549 84 172
person 1 859 474 60 132
person 1 1068 511 57 123
person 1 1002 678 59 161
person 1 1260 577 56 160
person 1 1308 704 74 202
person 1 933 508 56 134
