person 1 569 741 100 222
person 1 363 719 84 207
person 1 1545 671 101 222
person 1 1489 512 60 97
person 1 127 916 127 160
person 1 1099 443 51 122
person 1 1643 687 89 203
person 1 1217 675 99 216
person 1 958 508 63 140
person 1 1092 630 82 213
person 1 742 620 82 163
person 1 502 691 90 223
person 1 1055 619 73 212
person 1 1181 558 72 176
person 1 1018 531 65 139
person 1 885 573 67 173
person 1 827 586 65 173
person 1 969 657 59 168
person 1 1483 649 65 164
person 1 1681 652 74 187
person 1 1274 695 81 207
person 1 1228 598 63 190
person 1 851 468 62 133
person 1 1257 573 55 161
person 1 1055 502 54 127
person 1 1524 631 70 192
